/home/ans819/.conda/envs/autoflow/lib/python3.13/site-packages/e3nn/o3/_wigner.py:10: UserWarning: Environment variable TORCH_FORCE_NO_WEIGHTS_ONLY_LOAD detected, since the`weights_only` argument was not explicitly passed to `torch.load`, forcing weights_only=False.
  _Jd, _W3j_flat, _W3j_indices = torch.load(os.path.join(os.path.dirname(__file__), 'constants.pt'))

          ==================== Thresholds ====================
          CN  :   150.00000
          rep :   500.00000
          disp:  2500.00000
          HB1 :   250.00000
          HB2 :   450.00000

          Pauling EN used:
          Z : 1  EN :  2.20
          Z : 6  EN :  2.55
          Z : 8  EN :  3.44
          Z :47  EN :  1.93
          electric field strengths (au): 0.000

           ------------------------------------------------- 
          |           Force Field Initialization            |
           ------------------------------------------------- 

          distances ...
          ----------------------------------------
          generating topology and atomic info file ...
          pair mat ...
          computing topology distances matrix with Floyd-Warshall algo ...
          making topology EEQ charges ...
          #fragments for EEQ constrain: 1
          ----------------------------------------
          generating topology and atomic info file ...
          pair mat ...
          computing topology distances matrix with Floyd-Warshall algo ...
          making topology EEQ charges ...
          #fragments for EEQ constrain: 1
          rings ...
          # BATM   3611
          # H in HB   0

  atom   neighbors  erfCN metchar sp-hybrid imet pi  qest     coordinates
    1  Ag      2    1.35   0.37         2    2    0  -0.000    3.199451    0.356229   27.200468
    2  Ag      5    3.15   0.31         0    2    0   0.014    6.689760    4.630967   27.200468
    3  Ag      9    4.27   0.07         0    2    0   0.010   15.415533    8.193249   28.793569
    4  Ag      7    3.92   0.19         0    2    0   0.013   11.925224    3.918511   28.793569
    5  Ag      7    3.92   0.19         0    2    0   0.014   20.650997    7.480793   30.386670
    6  Ag      6    3.59   0.27         0    2    0   0.012   17.160688    3.206054   30.386670
    7  Ag      9    4.27   0.07         0    2    0   0.007    8.434915    6.768336   31.979771
    8  Ag      6    3.59   0.23         0    2    0   0.019    4.944605    2.493598   31.979771
    9  Ag     12    4.39   0.01         0    2    0   0.011   13.670379    6.055880   33.572872
   10  Ag      7    3.92   0.19         0    2    0   0.027   10.180069    1.781141   33.572872
   11  Ag      9    4.27   0.07         0    2    0   0.020   18.905843    5.343423   35.165973
   12  Ag      6    3.59   0.27         0    2    0   0.026   15.415533    1.068685   35.165973
   13  Ag      8    4.14   0.11         0    2    0   0.026    6.689760    4.630967   36.759074
   14  Ag      3    2.00   0.37         2    2    0   0.013    3.199451    0.356229   36.759074
   15  Ag     11    4.38   0.02         0    2    0   0.113   11.925224    3.918511   38.352175
   16  Ag     11    4.36   0.03         0    2    0   0.076   15.415533    8.193249   38.352175
   17  Ag      7    4.13   0.11         0    2    0   0.070   17.160688    3.206054   39.945276
   18  Ag      6    3.59   0.26         0    2    0   0.026   20.650997    7.480793   39.945276
   19  Ag      3    2.00   0.37         2    2    0   0.012    4.944605    2.493598   41.538377
   20  Ag      5    3.17   0.32         0    2    0   0.031    8.434915    6.768336   41.538377
   21  Ag      6    3.59   0.26         0    2    0   0.010   10.180069    8.905705   27.200468
   22  Ag      5    3.15   0.34         0    2    0   0.012   13.670379   13.180444   27.200468
   23  Ag      4    2.61   0.38         3    2    0   0.013   22.396152   16.742726   28.793569
   24  Ag      8    4.14   0.12         0    2    0   0.013   18.905843   12.467987   28.793569
   25  Ag      3    2.00   0.39         2    2    0   0.005   27.631616   16.030269   30.386670
   26  Ag      7    3.92   0.19         0    2    0   0.011   24.141307   11.755531   30.386670
   27  Ag      6    3.59   0.27         0    2    0   0.013   15.415533   15.317813   31.979771
   28  Ag      9    4.27   0.07         0    2    0   0.007   11.925224   11.043075   31.979771
   29  Ag      9    4.27   0.07         0    2    0   0.010   20.650997   14.605357   33.572872
/home/ans819/.conda/envs/autoflow/lib/python3.13/site-packages/mace/calculators/mace.py:197: UserWarning: Environment variable TORCH_FORCE_NO_WEIGHTS_ONLY_LOAD detected, since the`weights_only` argument was not explicitly passed to `torch.load`, forcing weights_only=False.
  torch.load(f=model_path, map_location=device)
/home/ans819/.conda/envs/autoflow/lib/python3.13/site-packages/chgnet/model/model.py:898: UserWarning: Converting a tensor with requires_grad=True to a scalar may lead to unexpected behavior.
Consider using tensor.detach() first. (Triggered internally at /pytorch/torch/csrc/autograd/generated/python_variable_methods.cpp:836.)
  volumes = torch.tensor(volumes, dtype=TORCH_DTYPE, device=atomic_numbers.device)
cuequivariance or cuequivariance_torch is not available. Cuequivariance acceleration will be disabled.
------------------------------------------------------------
  cycle        total energy    energy error   density error
------------------------------------------------------------
      1     -163.0081669365  -1.6285412E+02   1.0020524E+00
      2     -162.1124658214   8.9570112E-01   6.1971838E-01
      3      55.34858806611   2.1746105E+02   1.5303791E+00
      4     -125.9229344971  -1.8127152E+02   5.8541161E-01
      5     -1.817488855835   1.2410545E+02   9.6115077E-01
      6     -117.3029471973  -1.1548546E+02   4.2091108E-01
      7     -161.0504819041  -4.3747535E+01   1.3416266E-01
      8     -157.2597921500   3.7906898E+00   1.6581266E-01
      9     -163.0875138283  -5.8277217E+00   6.0503497E-02
     10     -163.3197223751  -2.3220855E-01   4.2160239E-02
     11     -163.2911308726   2.8591503E-02   4.0696690E-02
     12     -163.3305520499  -3.9421177E-02   3.4106766E-02
     13     -163.3430885663  -1.2536516E-02   2.6071863E-02
     14     -163.3336093271   9.4792391E-03   2.4848507E-02
     15     -163.3325440365   1.0652906E-03   2.4429357E-02
     16     -163.3358749452  -3.3309087E-03   2.2980419E-02
     17     -163.3474341662  -1.1559221E-02   1.8657757E-02
     18     -163.3505187928  -3.0846267E-03   1.6924947E-02
     19     -163.3531288309  -2.6100381E-03   1.5264765E-02
     20     -163.3568450676  -3.7162366E-03   1.1874328E-02
     21     -163.3587470938  -1.9020263E-03   7.7787499E-03
     22     -163.3589839487  -2.3685487E-04   6.9507986E-03
     23     -163.3591525994  -1.6865072E-04   6.5055905E-03
     24     -163.3593538306  -2.0123120E-04   5.7164570E-03
     25     -163.3593573970  -3.5664098E-06   5.6973939E-03
     26     -163.3594253624  -6.7965403E-05   5.3325921E-03
     27     -163.3594830192  -5.7656790E-05   4.7236080E-03
     28     -163.3594896160  -6.5967592E-06   4.5206252E-03
     29     -163.3595808337  -9.1217737E-05   3.7736566E-03
     30     -163.3596260876  -4.5253887E-05   3.3008893E-03
     31     -163.3596839232  -5.7835561E-05   2.3928069E-03
     32     -163.3597662426  -8.2319464E-05   1.3689012E-03
     33     -163.3597953872  -2.9144518E-05   3.3289885E-04
     34     -163.3597982487  -2.8615478E-06   1.1309452E-04
     35     -163.3597983285  -7.9782041E-08   1.4368049E-04
     36     -163.3597986381  -3.0961527E-07   4.1348382E-05
     37     -163.3597986927  -5.4562918E-08   9.7275185E-06
------------------------------------------------------------

 total:                                  20.776 sec
3
{'bond-orders': array([[0.00000000e+00, 3.08459465e-01, 2.36682147e-02, ...,
        7.44209246e-05, 7.38617961e-05, 1.32078345e-03],
       [3.08459465e-01, 0.00000000e+00, 2.30423846e-02, ...,
        1.83502415e-04, 1.16802870e-05, 1.19073584e-03],
       [2.36682147e-02, 2.30423846e-02, 0.00000000e+00, ...,
        4.06016686e-04, 2.22749506e-04, 4.49888752e-03],
       ...,
       [7.44209246e-05, 1.83502415e-04, 4.06016686e-04, ...,
        0.00000000e+00, 3.85790425e-03, 2.24050650e-02],
       [7.38617961e-05, 1.16802870e-05, 2.22749506e-04, ...,
        3.85790425e-03, 0.00000000e+00, 1.67847126e-02],
       [1.32078345e-03, 1.19073584e-03, 4.49888752e-03, ...,
        2.24050650e-02, 1.67847126e-02, 0.00000000e+00]], shape=(45, 45))}
{'bond-orders': array([[0.00000000e+00, 3.08459465e-01, 2.36682147e-02, ...,
        7.44209246e-05, 7.38617961e-05, 1.32078345e-03],
       [3.08459465e-01, 0.00000000e+00, 2.30423846e-02, ...,
        1.83502415e-04, 1.16802870e-05, 1.19073584e-03],
       [2.36682147e-02, 2.30423846e-02, 0.00000000e+00, ...,
        4.06016686e-04, 2.22749506e-04, 4.49888752e-03],
       ...,
       [7.44209246e-05, 1.83502415e-04, 4.06016686e-04, ...,
        0.00000000e+00, 3.85790425e-03, 2.24050650e-02],
       [7.38617961e-05, 1.16802870e-05, 2.22749506e-04, ...,
        3.85790425e-03, 0.00000000e+00, 1.67847126e-02],
       [1.32078345e-03, 1.19073584e-03, 4.49888752e-03, ...,
        2.24050650e-02, 1.67847126e-02, 0.00000000e+00]], shape=(45, 45)), 'molecular-dipole': array([-0.93980895, -0.28745905,  1.50273855])}
{'bond-orders': array([[0.00000000e+00, 3.08459465e-01, 2.36682147e-02, ...,
        7.44209246e-05, 7.38617961e-05, 1.32078345e-03],
       [3.08459465e-01, 0.00000000e+00, 2.30423846e-02, ...,
        1.83502415e-04, 1.16802870e-05, 1.19073584e-03],
       [2.36682147e-02, 2.30423846e-02, 0.00000000e+00, ...,
        4.06016686e-04, 2.22749506e-04, 4.49888752e-03],
       ...,
       [7.44209246e-05, 1.83502415e-04, 4.06016686e-04, ...,
        0.00000000e+00, 3.85790425e-03, 2.24050650e-02],
       [7.38617961e-05, 1.16802870e-05, 2.22749506e-04, ...,
        3.85790425e-03, 0.00000000e+00, 1.67847126e-02],
       [1.32078345e-03, 1.19073584e-03, 4.49888752e-03, ...,
        2.24050650e-02, 1.67847126e-02, 0.00000000e+00]], shape=(45, 45)), 'molecular-dipole': array([-0.93980895, -0.28745905,  1.50273855]), 'molecular-quadrupole': array([-121.39728809,   13.01741063,  -49.33368741,  -15.83143668,
        -10.94444967,  170.7309755 ])}
------------------------------------------------------------
  cycle        total energy    energy error   density error
------------------------------------------------------------
      1     -163.4304514686  -1.6323184E+02   7.2833403E-03
      2     -163.4099834680   2.0468001E-02   1.0415266E-02
      3     -163.2694254666   1.4055800E-01   2.3007558E-02
      4     -163.4265693616  -1.5714390E-01   6.0802841E-03
      5     -163.4285434683  -1.9741067E-03   6.2247185E-03
      6     -163.4298874606  -1.3439923E-03   3.9578389E-03
      7     -163.4310178684  -1.1304078E-03   9.9476637E-04
      8     -163.4310796057  -6.1737295E-05   4.3367323E-04
      9     -163.4310951046  -1.5498861E-05   2.3428677E-04
     10     -163.4311015237  -6.4191226E-06   1.2688633E-04
     11     -163.4311031235  -1.5998144E-06   6.1160544E-05
     12     -163.4311034128  -2.8924987E-07   4.3578828E-05
     13     -163.4311036970  -2.8427124E-07   1.7255225E-05
------------------------------------------------------------

 total:                                  13.455 sec
3
{'bond-orders': array([[ 0.00000000e+00,  3.08776050e-01,  2.33796671e-02, ...,
         5.52889342e-05,  5.03572048e-05,  1.24718074e-03],
       [ 3.08776050e-01,  0.00000000e+00,  2.28376327e-02, ...,
         1.65497312e-04, -9.56596673e-06,  1.16782493e-03],
       [ 2.33796671e-02,  2.28376327e-02,  0.00000000e+00, ...,
         4.50574611e-04,  2.73271597e-04,  4.31417592e-03],
       ...,
       [ 5.52889342e-05,  1.65497312e-04,  4.50574611e-04, ...,
         0.00000000e+00,  6.13433369e-03,  2.36178062e-02],
       [ 5.03572048e-05, -9.56596673e-06,  2.73271597e-04, ...,
         6.13433369e-03,  0.00000000e+00,  1.87440983e-02],
       [ 1.24718074e-03,  1.16782493e-03,  4.31417592e-03, ...,
         2.36178062e-02,  1.87440983e-02,  0.00000000e+00]],
      shape=(45, 45))}
{'bond-orders': array([[ 0.00000000e+00,  3.08776050e-01,  2.33796671e-02, ...,
         5.52889342e-05,  5.03572048e-05,  1.24718074e-03],
       [ 3.08776050e-01,  0.00000000e+00,  2.28376327e-02, ...,
         1.65497312e-04, -9.56596673e-06,  1.16782493e-03],
       [ 2.33796671e-02,  2.28376327e-02,  0.00000000e+00, ...,
         4.50574611e-04,  2.73271597e-04,  4.31417592e-03],
       ...,
       [ 5.52889342e-05,  1.65497312e-04,  4.50574611e-04, ...,
         0.00000000e+00,  6.13433369e-03,  2.36178062e-02],
       [ 5.03572048e-05, -9.56596673e-06,  2.73271597e-04, ...,
         6.13433369e-03,  0.00000000e+00,  1.87440983e-02],
       [ 1.24718074e-03,  1.16782493e-03,  4.31417592e-03, ...,
         2.36178062e-02,  1.87440983e-02,  0.00000000e+00]],
      shape=(45, 45)), 'molecular-dipole': array([-0.85235693, -0.20322786,  1.49720167])}
{'bond-orders': array([[ 0.00000000e+00,  3.08776050e-01,  2.33796671e-02, ...,
         5.52889342e-05,  5.03572048e-05,  1.24718074e-03],
       [ 3.08776050e-01,  0.00000000e+00,  2.28376327e-02, ...,
         1.65497312e-04, -9.56596673e-06,  1.16782493e-03],
       [ 2.33796671e-02,  2.28376327e-02,  0.00000000e+00, ...,
         4.50574611e-04,  2.73271597e-04,  4.31417592e-03],
       ...,
       [ 5.52889342e-05,  1.65497312e-04,  4.50574611e-04, ...,
         0.00000000e+00,  6.13433369e-03,  2.36178062e-02],
       [ 5.03572048e-05, -9.56596673e-06,  2.73271597e-04, ...,
         6.13433369e-03,  0.00000000e+00,  1.87440983e-02],
       [ 1.24718074e-03,  1.16782493e-03,  4.31417592e-03, ...,
         2.36178062e-02,  1.87440983e-02,  0.00000000e+00]],
      shape=(45, 45)), 'molecular-dipole': array([-0.85235693, -0.20322786,  1.49720167]), 'molecular-quadrupole': array([-118.55157676,   19.92963971,  -49.83257   ,   -5.12917204,
          0.2648025 ,  168.38414675])}
------------------------------------------------------------
  cycle        total energy    energy error   density error
------------------------------------------------------------
      1     -163.4557357170  -1.6323769E+02   5.7366306E-03
      2     -163.4434457039   1.2290013E-02   8.4738286E-03
      3     -163.2934366755   1.5000903E-01   2.2654010E-02
      4     -163.4525718784  -1.5913520E-01   4.7004957E-03
      5     -163.4560140603  -3.4421819E-03   3.0588340E-03
      6     -163.4562929744  -2.7891405E-04   2.4426065E-03
      7     -163.4565597447  -2.6677038E-04   1.1745127E-03
      8     -163.4566391027  -7.9357932E-05   3.4800879E-04
      9     -163.4566431522  -4.0495542E-06   2.1384014E-04
     10     -163.4566444087  -1.2564468E-06   1.2288344E-04
     11     -163.4566463562  -1.9475412E-06   3.2758532E-05
     12     -163.4566464587  -1.0249394E-07   1.7855936E-05
------------------------------------------------------------

 total:                                  13.266 sec
3
{'bond-orders': array([[ 0.00000000e+00,  3.08976092e-01,  2.32413766e-02, ...,
         4.72416052e-05,  5.33598391e-05,  1.07163907e-03],
       [ 3.08976092e-01,  0.00000000e+00,  2.28409557e-02, ...,
         1.44951709e-04, -1.86029265e-07,  1.06078361e-03],
       [ 2.32413766e-02,  2.28409557e-02,  0.00000000e+00, ...,
         4.52506922e-04,  3.42845072e-04,  4.28714470e-03],
       ...,
       [ 4.72416052e-05,  1.44951709e-04,  4.52506922e-04, ...,
         0.00000000e+00,  7.26537334e-03,  2.36019458e-02],
       [ 5.33598391e-05, -1.86029265e-07,  3.42845072e-04, ...,
         7.26537334e-03,  0.00000000e+00,  2.29364174e-02],
       [ 1.07163907e-03,  1.06078361e-03,  4.28714470e-03, ...,
         2.36019458e-02,  2.29364174e-02,  0.00000000e+00]],
      shape=(45, 45))}
{'bond-orders': array([[ 0.00000000e+00,  3.08976092e-01,  2.32413766e-02, ...,
         4.72416052e-05,  5.33598391e-05,  1.07163907e-03],
       [ 3.08976092e-01,  0.00000000e+00,  2.28409557e-02, ...,
         1.44951709e-04, -1.86029265e-07,  1.06078361e-03],
       [ 2.32413766e-02,  2.28409557e-02,  0.00000000e+00, ...,
         4.52506922e-04,  3.42845072e-04,  4.28714470e-03],
       ...,
       [ 4.72416052e-05,  1.44951709e-04,  4.52506922e-04, ...,
         0.00000000e+00,  7.26537334e-03,  2.36019458e-02],
       [ 5.33598391e-05, -1.86029265e-07,  3.42845072e-04, ...,
         7.26537334e-03,  0.00000000e+00,  2.29364174e-02],
       [ 1.07163907e-03,  1.06078361e-03,  4.28714470e-03, ...,
         2.36019458e-02,  2.29364174e-02,  0.00000000e+00]],
      shape=(45, 45)), 'molecular-dipole': array([-0.77943505, -0.16074319,  1.47408306])}
{'bond-orders': array([[ 0.00000000e+00,  3.08976092e-01,  2.32413766e-02, ...,
         4.72416052e-05,  5.33598391e-05,  1.07163907e-03],
       [ 3.08976092e-01,  0.00000000e+00,  2.28409557e-02, ...,
         1.44951709e-04, -1.86029265e-07,  1.06078361e-03],
       [ 2.32413766e-02,  2.28409557e-02,  0.00000000e+00, ...,
         4.52506922e-04,  3.42845072e-04,  4.28714470e-03],
       ...,
       [ 4.72416052e-05,  1.44951709e-04,  4.52506922e-04, ...,
         0.00000000e+00,  7.26537334e-03,  2.36019458e-02],
       [ 5.33598391e-05, -1.86029265e-07,  3.42845072e-04, ...,
         7.26537334e-03,  0.00000000e+00,  2.29364174e-02],
       [ 1.07163907e-03,  1.06078361e-03,  4.28714470e-03, ...,
         2.36019458e-02,  2.29364174e-02,  0.00000000e+00]],
      shape=(45, 45)), 'molecular-dipole': array([-0.77943505, -0.16074319,  1.47408306]), 'molecular-quadrupole': array([-115.01889791,   22.6872687 ,  -50.82674133,    2.90092519,
          5.12014291,  165.84563924])}
------------------------------------------------------------
  cycle        total energy    energy error   density error
------------------------------------------------------------
      1     -163.4747082829  -1.6323652E+02   5.5208086E-03
      2     -163.4589187615   1.5789521E-02   1.0417199E-02
      3     -163.3730161308   8.5902631E-02   1.8209556E-02
      4     -163.4676197139  -9.4603583E-02   6.0465215E-03
      5     -163.4750707716  -7.4510577E-03   3.3588383E-03
      6     -163.4752278767  -1.5710501E-04   2.7828384E-03
      7     -163.4756776095  -4.4973282E-04   9.8053569E-04
      8     -163.4757431696  -6.5560113E-05   3.5394755E-04
      9     -163.4757469676  -3.7980352E-06   1.7363847E-04
     10     -163.4757472330  -2.6537793E-07   1.0682454E-04
     11     -163.4757492727  -2.0396542E-06   2.6761125E-05
     12     -163.4757492178   5.4868252E-08   2.1457586E-05
     13     -163.4757492723  -5.4510508E-08   1.1545526E-05
------------------------------------------------------------

 total:                                  13.351 sec
3
{'bond-orders': array([[0.00000000e+00, 3.08964233e-01, 2.30025751e-02, ...,
        4.46290595e-05, 4.57016944e-05, 1.00427766e-03],
       [3.08964233e-01, 0.00000000e+00, 2.26720841e-02, ...,
        1.27771472e-04, 8.18602037e-06, 9.78650145e-04],
       [2.30025751e-02, 2.26720841e-02, 0.00000000e+00, ...,
        4.58564581e-04, 3.77132918e-04, 4.08560282e-03],
       ...,
       [4.46290595e-05, 1.27771472e-04, 4.58564581e-04, ...,
        0.00000000e+00, 7.96358047e-03, 2.46487746e-02],
       [4.57016944e-05, 8.18602037e-06, 3.77132918e-04, ...,
        7.96358047e-03, 0.00000000e+00, 2.74726811e-02],
       [1.00427766e-03, 9.78650145e-04, 4.08560282e-03, ...,
        2.46487746e-02, 2.74726811e-02, 0.00000000e+00]], shape=(45, 45))}
{'bond-orders': array([[0.00000000e+00, 3.08964233e-01, 2.30025751e-02, ...,
        4.46290595e-05, 4.57016944e-05, 1.00427766e-03],
       [3.08964233e-01, 0.00000000e+00, 2.26720841e-02, ...,
        1.27771472e-04, 8.18602037e-06, 9.78650145e-04],
       [2.30025751e-02, 2.26720841e-02, 0.00000000e+00, ...,
        4.58564581e-04, 3.77132918e-04, 4.08560282e-03],
       ...,
       [4.46290595e-05, 1.27771472e-04, 4.58564581e-04, ...,
        0.00000000e+00, 7.96358047e-03, 2.46487746e-02],
       [4.57016944e-05, 8.18602037e-06, 3.77132918e-04, ...,
        7.96358047e-03, 0.00000000e+00, 2.74726811e-02],
       [1.00427766e-03, 9.78650145e-04, 4.08560282e-03, ...,
        2.46487746e-02, 2.74726811e-02, 0.00000000e+00]], shape=(45, 45)), 'molecular-dipole': array([-0.68467367, -0.10259735,  1.36607578])}
{'bond-orders': array([[0.00000000e+00, 3.08964233e-01, 2.30025751e-02, ...,
        4.46290595e-05, 4.57016944e-05, 1.00427766e-03],
       [3.08964233e-01, 0.00000000e+00, 2.26720841e-02, ...,
        1.27771472e-04, 8.18602037e-06, 9.78650145e-04],
       [2.30025751e-02, 2.26720841e-02, 0.00000000e+00, ...,
        4.58564581e-04, 3.77132918e-04, 4.08560282e-03],
       ...,
       [4.46290595e-05, 1.27771472e-04, 4.58564581e-04, ...,
        0.00000000e+00, 7.96358047e-03, 2.46487746e-02],
       [4.57016944e-05, 8.18602037e-06, 3.77132918e-04, ...,
        7.96358047e-03, 0.00000000e+00, 2.74726811e-02],
       [1.00427766e-03, 9.78650145e-04, 4.08560282e-03, ...,
        2.46487746e-02, 2.74726811e-02, 0.00000000e+00]], shape=(45, 45)), 'molecular-dipole': array([-0.68467367, -0.10259735,  1.36607578]), 'molecular-quadrupole': array([-107.43673739,   26.35685228,  -48.84246786,    9.68407393,
         10.68032815,  156.27920525])}
------------------------------------------------------------
  cycle        total energy    energy error   density error
------------------------------------------------------------
      1     -163.4878054153  -1.6323901E+02   5.5192710E-03
      2     -163.4115698829   7.6235532E-02   1.7073742E-02
      3     -163.3907396962   2.0830187E-02   1.8542814E-02
      4     -163.4870883361  -9.6348640E-02   4.0195298E-03
      5     -163.4883831165  -1.2947804E-03   3.7675584E-03
      6     -163.4886997657  -3.1664924E-04   2.9485229E-03
      7     -163.4892253647  -5.2559902E-04   8.5612521E-04
      8     -163.4892573027  -3.1937956E-05   3.0793469E-04
      9     -163.4892596943  -2.3916440E-06   1.9850552E-04
     10     -163.4892640025  -4.3082296E-06   5.8143884E-05
     11     -163.4892643450  -3.4249470E-07   2.5208851E-05
     12     -163.4892644489  -1.0385071E-07   1.3371017E-05
------------------------------------------------------------

 total:                                  12.990 sec
3
{'bond-orders': array([[0.00000000e+00, 3.08935878e-01, 2.26770074e-02, ...,
        3.55642634e-05, 3.35956271e-05, 1.03404726e-03],
       [3.08935878e-01, 0.00000000e+00, 2.24059567e-02, ...,
        1.02088912e-04, 7.82031320e-06, 9.36800646e-04],
       [2.26770074e-02, 2.24059567e-02, 0.00000000e+00, ...,
        4.32574347e-04, 3.73003572e-04, 3.87943327e-03],
       ...,
       [3.55642634e-05, 1.02088912e-04, 4.32574347e-04, ...,
        0.00000000e+00, 8.01006469e-03, 2.42006933e-02],
       [3.35956271e-05, 7.82031320e-06, 3.73003572e-04, ...,
        8.01006469e-03, 0.00000000e+00, 3.03700427e-02],
       [1.03404726e-03, 9.36800646e-04, 3.87943327e-03, ...,
        2.42006933e-02, 3.03700427e-02, 0.00000000e+00]], shape=(45, 45))}
{'bond-orders': array([[0.00000000e+00, 3.08935878e-01, 2.26770074e-02, ...,
        3.55642634e-05, 3.35956271e-05, 1.03404726e-03],
       [3.08935878e-01, 0.00000000e+00, 2.24059567e-02, ...,
        1.02088912e-04, 7.82031320e-06, 9.36800646e-04],
       [2.26770074e-02, 2.24059567e-02, 0.00000000e+00, ...,
        4.32574347e-04, 3.73003572e-04, 3.87943327e-03],
       ...,
       [3.55642634e-05, 1.02088912e-04, 4.32574347e-04, ...,
        0.00000000e+00, 8.01006469e-03, 2.42006933e-02],
       [3.35956271e-05, 7.82031320e-06, 3.73003572e-04, ...,
        8.01006469e-03, 0.00000000e+00, 3.03700427e-02],
       [1.03404726e-03, 9.36800646e-04, 3.87943327e-03, ...,
        2.42006933e-02, 3.03700427e-02, 0.00000000e+00]], shape=(45, 45)), 'molecular-dipole': array([-0.60525767, -0.05763603,  1.19523531])}
{'bond-orders': array([[0.00000000e+00, 3.08935878e-01, 2.26770074e-02, ...,
        3.55642634e-05, 3.35956271e-05, 1.03404726e-03],
       [3.08935878e-01, 0.00000000e+00, 2.24059567e-02, ...,
        1.02088912e-04, 7.82031320e-06, 9.36800646e-04],
       [2.26770074e-02, 2.24059567e-02, 0.00000000e+00, ...,
        4.32574347e-04, 3.73003572e-04, 3.87943327e-03],
       ...,
       [3.55642634e-05, 1.02088912e-04, 4.32574347e-04, ...,
        0.00000000e+00, 8.01006469e-03, 2.42006933e-02],
       [3.35956271e-05, 7.82031320e-06, 3.73003572e-04, ...,
        8.01006469e-03, 0.00000000e+00, 3.03700427e-02],
       [1.03404726e-03, 9.36800646e-04, 3.87943327e-03, ...,
        2.42006933e-02, 3.03700427e-02, 0.00000000e+00]], shape=(45, 45)), 'molecular-dipole': array([-0.60525767, -0.05763603,  1.19523531]), 'molecular-quadrupole': array([-97.68685717,  28.11019594, -44.64680591,  11.7038078 ,
        13.55537028, 142.33366309])}
------------------------------------------------------------
  cycle        total energy    energy error   density error
------------------------------------------------------------
      1     -163.5035218490  -1.6324744E+02   7.2437057E-03
      2     -163.3401428712   1.6337898E-01   2.4782004E-02
      3     -163.3436361682  -3.4932970E-03   2.3962717E-02
      4     -163.5020776266  -1.5844146E-01   5.3528246E-03
      5     -163.5049422477  -2.8646211E-03   4.6667396E-03
      6     -163.5054006917  -4.5844403E-04   3.7130664E-03
      7     -163.5062124230  -8.1173131E-04   1.1951319E-03
      8     -163.5062723542  -5.9931153E-05   4.6647883E-04
      9     -163.5062793349  -6.9807244E-06   2.5534089E-04
     10     -163.5062838650  -4.5300727E-06   6.9488042E-05
     11     -163.5062841024  -2.3745682E-07   2.6307053E-05
     12     -163.5062841134  -1.1023104E-08   1.9144484E-05
------------------------------------------------------------

 total:                                  13.040 sec
3
{'bond-orders': array([[0.00000000e+00, 3.08790489e-01, 2.20560810e-02, ...,
        2.39424040e-05, 1.46801988e-05, 1.10662465e-03],
       [3.08790489e-01, 0.00000000e+00, 2.19773023e-02, ...,
        7.75492804e-05, 3.89006085e-06, 8.89055990e-04],
       [2.20560810e-02, 2.19773023e-02, 0.00000000e+00, ...,
        4.30339669e-04, 3.79449455e-04, 3.60753482e-03],
       ...,
       [2.39424040e-05, 7.75492804e-05, 4.30339669e-04, ...,
        0.00000000e+00, 7.38689176e-03, 2.44898948e-02],
       [1.46801988e-05, 3.89006085e-06, 3.79449455e-04, ...,
        7.38689176e-03, 0.00000000e+00, 3.36171982e-02],
       [1.10662465e-03, 8.89055990e-04, 3.60753482e-03, ...,
        2.44898948e-02, 3.36171982e-02, 0.00000000e+00]], shape=(45, 45))}
{'bond-orders': array([[0.00000000e+00, 3.08790489e-01, 2.20560810e-02, ...,
        2.39424040e-05, 1.46801988e-05, 1.10662465e-03],
       [3.08790489e-01, 0.00000000e+00, 2.19773023e-02, ...,
        7.75492804e-05, 3.89006085e-06, 8.89055990e-04],
       [2.20560810e-02, 2.19773023e-02, 0.00000000e+00, ...,
        4.30339669e-04, 3.79449455e-04, 3.60753482e-03],
       ...,
       [2.39424040e-05, 7.75492804e-05, 4.30339669e-04, ...,
        0.00000000e+00, 7.38689176e-03, 2.44898948e-02],
       [1.46801988e-05, 3.89006085e-06, 3.79449455e-04, ...,
        7.38689176e-03, 0.00000000e+00, 3.36171982e-02],
       [1.10662465e-03, 8.89055990e-04, 3.60753482e-03, ...,
        2.44898948e-02, 3.36171982e-02, 0.00000000e+00]], shape=(45, 45)), 'molecular-dipole': array([-0.50579544,  0.01997526,  0.8837668 ])}
{'bond-orders': array([[0.00000000e+00, 3.08790489e-01, 2.20560810e-02, ...,
        2.39424040e-05, 1.46801988e-05, 1.10662465e-03],
       [3.08790489e-01, 0.00000000e+00, 2.19773023e-02, ...,
        7.75492804e-05, 3.89006085e-06, 8.89055990e-04],
       [2.20560810e-02, 2.19773023e-02, 0.00000000e+00, ...,
        4.30339669e-04, 3.79449455e-04, 3.60753482e-03],
       ...,
       [2.39424040e-05, 7.75492804e-05, 4.30339669e-04, ...,
        0.00000000e+00, 7.38689176e-03, 2.44898948e-02],
       [1.46801988e-05, 3.89006085e-06, 3.79449455e-04, ...,
        7.38689176e-03, 0.00000000e+00, 3.36171982e-02],
       [1.10662465e-03, 8.89055990e-04, 3.60753482e-03, ...,
        2.44898948e-02, 3.36171982e-02, 0.00000000e+00]], shape=(45, 45)), 'molecular-dipole': array([-0.50579544,  0.01997526,  0.8837668 ]), 'molecular-quadrupole': array([-81.25081553,  29.5433389 , -36.19672562,  10.33763407,
        18.62459778, 117.44754114])}
------------------------------------------------------------
  cycle        total energy    energy error   density error
------------------------------------------------------------
      1     -163.5190213870  -1.6326066E+02   6.1987560E-03
      2     -163.3752128894   1.4380850E-01   2.2779552E-02
      3     -163.3909853170  -1.5772428E-02   2.1348188E-02
      4     -163.5187743318  -1.2778901E-01   4.1169350E-03
      5     -163.5204886482  -1.7143164E-03   3.4136802E-03
      6     -163.5207165700  -2.2792177E-04   2.7328464E-03
      7     -163.5211424906  -4.2592060E-04   1.0961685E-03
      8     -163.5212056518  -6.3161201E-05   4.6303565E-04
      9     -163.5212150352  -9.3833528E-06   2.0526651E-04
     10     -163.5212175431  -2.5078906E-06   7.8751339E-05
     11     -163.5212177837  -2.4068021E-07   3.1402247E-05
     12     -163.5212178352  -5.1436359E-08   1.6889955E-05
------------------------------------------------------------

 total:                                  13.150 sec
3
{'bond-orders': array([[ 0.00000000e+00,  3.08565410e-01,  2.13678736e-02, ...,
         1.48941954e-05, -5.58906666e-07,  1.24406783e-03],
       [ 3.08565410e-01,  0.00000000e+00,  2.15722068e-02, ...,
         6.11792009e-05, -7.89102507e-06,  8.90534602e-04],
       [ 2.13678736e-02,  2.15722068e-02,  0.00000000e+00, ...,
         4.39948311e-04,  3.68017973e-04,  3.39165088e-03],
       ...,
       [ 1.48941954e-05,  6.11792009e-05,  4.39948311e-04, ...,
         0.00000000e+00,  6.60805996e-03,  2.46630497e-02],
       [-5.58906666e-07, -7.89102507e-06,  3.68017973e-04, ...,
         6.60805996e-03,  0.00000000e+00,  3.45522031e-02],
       [ 1.24406783e-03,  8.90534602e-04,  3.39165088e-03, ...,
         2.46630497e-02,  3.45522031e-02,  0.00000000e+00]],
      shape=(45, 45))}
{'bond-orders': array([[ 0.00000000e+00,  3.08565410e-01,  2.13678736e-02, ...,
         1.48941954e-05, -5.58906666e-07,  1.24406783e-03],
       [ 3.08565410e-01,  0.00000000e+00,  2.15722068e-02, ...,
         6.11792009e-05, -7.89102507e-06,  8.90534602e-04],
       [ 2.13678736e-02,  2.15722068e-02,  0.00000000e+00, ...,
         4.39948311e-04,  3.68017973e-04,  3.39165088e-03],
       ...,
       [ 1.48941954e-05,  6.11792009e-05,  4.39948311e-04, ...,
         0.00000000e+00,  6.60805996e-03,  2.46630497e-02],
       [-5.58906666e-07, -7.89102507e-06,  3.68017973e-04, ...,
         6.60805996e-03,  0.00000000e+00,  3.45522031e-02],
       [ 1.24406783e-03,  8.90534602e-04,  3.39165088e-03, ...,
         2.46630497e-02,  3.45522031e-02,  0.00000000e+00]],
      shape=(45, 45)), 'molecular-dipole': array([-0.43475064,  0.09399794,  0.55260664])}
{'bond-orders': array([[ 0.00000000e+00,  3.08565410e-01,  2.13678736e-02, ...,
         1.48941954e-05, -5.58906666e-07,  1.24406783e-03],
       [ 3.08565410e-01,  0.00000000e+00,  2.15722068e-02, ...,
         6.11792009e-05, -7.89102507e-06,  8.90534602e-04],
       [ 2.13678736e-02,  2.15722068e-02,  0.00000000e+00, ...,
         4.39948311e-04,  3.68017973e-04,  3.39165088e-03],
       ...,
       [ 1.48941954e-05,  6.11792009e-05,  4.39948311e-04, ...,
         0.00000000e+00,  6.60805996e-03,  2.46630497e-02],
       [-5.58906666e-07, -7.89102507e-06,  3.68017973e-04, ...,
         6.60805996e-03,  0.00000000e+00,  3.45522031e-02],
       [ 1.24406783e-03,  8.90534602e-04,  3.39165088e-03, ...,
         2.46630497e-02,  3.45522031e-02,  0.00000000e+00]],
      shape=(45, 45)), 'molecular-dipole': array([-0.43475064,  0.09399794,  0.55260664]), 'molecular-quadrupole': array([-64.95969899,  29.67560047, -26.47040449,   4.98941486,
        23.22189151,  91.43010347])}
------------------------------------------------------------
  cycle        total energy    energy error   density error
------------------------------------------------------------
      1     -163.5323807352  -1.6327334E+02   5.5440738E-03
      2     -163.4605539864   7.1826749E-02   1.6706818E-02
      3     -163.3754042350   8.5149751E-02   2.2877527E-02
      4     -163.5320758016  -1.5667157E-01   3.4961740E-03
      5     -163.5334906058  -1.4148041E-03   2.4630240E-03
      6     -163.5335405690  -4.9963280E-05   2.1297861E-03
      7     -163.5337944262  -2.5385711E-04   1.0163812E-03
      8     -163.5338626331  -6.8206922E-05   4.0775402E-04
      9     -163.5338724912  -9.8581163E-06   1.6923730E-04
     10     -163.5338738285  -1.3372652E-06   8.7846922E-05
     11     -163.5338741257  -2.9726590E-07   3.3920952E-05
     12     -163.5338742000  -7.4317541E-08   1.6753928E-05
------------------------------------------------------------

 total:                                  13.100 sec
3
{'bond-orders': array([[ 0.00000000e+00,  3.08282573e-01,  2.06556872e-02, ...,
         1.15396789e-05, -1.14431679e-05,  1.44465173e-03],
       [ 3.08282573e-01,  0.00000000e+00,  2.12174920e-02, ...,
         5.10331439e-05, -2.43247218e-05,  9.55279301e-04],
       [ 2.06556872e-02,  2.12174920e-02,  0.00000000e+00, ...,
         4.56557492e-04,  3.34437696e-04,  3.21784075e-03],
       ...,
       [ 1.15396789e-05,  5.10331439e-05,  4.56557492e-04, ...,
         0.00000000e+00,  5.99341780e-03,  2.47594036e-02],
       [-1.14431679e-05, -2.43247218e-05,  3.34437696e-04, ...,
         5.99341780e-03,  0.00000000e+00,  3.36900871e-02],
       [ 1.44465173e-03,  9.55279301e-04,  3.21784075e-03, ...,
         2.47594036e-02,  3.36900871e-02,  0.00000000e+00]],
      shape=(45, 45))}
{'bond-orders': array([[ 0.00000000e+00,  3.08282573e-01,  2.06556872e-02, ...,
         1.15396789e-05, -1.14431679e-05,  1.44465173e-03],
       [ 3.08282573e-01,  0.00000000e+00,  2.12174920e-02, ...,
         5.10331439e-05, -2.43247218e-05,  9.55279301e-04],
       [ 2.06556872e-02,  2.12174920e-02,  0.00000000e+00, ...,
         4.56557492e-04,  3.34437696e-04,  3.21784075e-03],
       ...,
       [ 1.15396789e-05,  5.10331439e-05,  4.56557492e-04, ...,
         0.00000000e+00,  5.99341780e-03,  2.47594036e-02],
       [-1.14431679e-05, -2.43247218e-05,  3.34437696e-04, ...,
         5.99341780e-03,  0.00000000e+00,  3.36900871e-02],
       [ 1.44465173e-03,  9.55279301e-04,  3.21784075e-03, ...,
         2.47594036e-02,  3.36900871e-02,  0.00000000e+00]],
      shape=(45, 45)), 'molecular-dipole': array([-0.3807533 ,  0.17039557,  0.23638356])}
{'bond-orders': array([[ 0.00000000e+00,  3.08282573e-01,  2.06556872e-02, ...,
         1.15396789e-05, -1.14431679e-05,  1.44465173e-03],
       [ 3.08282573e-01,  0.00000000e+00,  2.12174920e-02, ...,
         5.10331439e-05, -2.43247218e-05,  9.55279301e-04],
       [ 2.06556872e-02,  2.12174920e-02,  0.00000000e+00, ...,
         4.56557492e-04,  3.34437696e-04,  3.21784075e-03],
       ...,
       [ 1.15396789e-05,  5.10331439e-05,  4.56557492e-04, ...,
         0.00000000e+00,  5.99341780e-03,  2.47594036e-02],
       [-1.14431679e-05, -2.43247218e-05,  3.34437696e-04, ...,
         5.99341780e-03,  0.00000000e+00,  3.36900871e-02],
       [ 1.44465173e-03,  9.55279301e-04,  3.21784075e-03, ...,
         2.47594036e-02,  3.36900871e-02,  0.00000000e+00]],
      shape=(45, 45)), 'molecular-dipole': array([-0.3807533 ,  0.17039557,  0.23638356]), 'molecular-quadrupole': array([-49.89957888,  29.67745478, -16.68534557,  -1.6830128 ,
        28.43240472,  66.58492445])}
------------------------------------------------------------
  cycle        total energy    energy error   density error
------------------------------------------------------------
      1     -163.5427163921  -1.6328415E+02   5.2760210E-03
      2     -163.4992767401   4.3439652E-02   1.3432331E-02
      3     -163.3738880817   1.2538866E-01   2.3412587E-02
      4     -163.5425792404  -1.6869116E-01   3.1495087E-03
      5     -163.5435576258  -9.7838542E-04   2.0399454E-03
      6     -163.5435697623  -1.2136467E-05   1.8820355E-03
      7     -163.5437638251  -1.9406284E-04   1.0636873E-03
      8     -163.5438505348  -8.6709751E-05   3.7979904E-04
      9     -163.5438602732  -9.7383368E-06   1.5161304E-04
     10     -163.5438611050  -8.3179563E-07   9.5010359E-05
     11     -163.5438615465  -4.4154010E-07   3.2849586E-05
     12     -163.5438615937  -4.7211245E-08   1.5713637E-05
------------------------------------------------------------

 total:                                  13.200 sec
3
{'bond-orders': array([[ 0.00000000e+00,  3.07948831e-01,  1.99359155e-02, ...,
         1.82219391e-05, -1.66055104e-05,  1.73561976e-03],
       [ 3.07948831e-01,  0.00000000e+00,  2.09042900e-02, ...,
         4.57340730e-05, -3.85125354e-05,  1.11170831e-03],
       [ 1.99359155e-02,  2.09042900e-02,  0.00000000e+00, ...,
         4.70774981e-04,  2.78029573e-04,  3.06559479e-03],
       ...,
       [ 1.82219391e-05,  4.57340730e-05,  4.70774981e-04, ...,
         0.00000000e+00,  5.56788334e-03,  2.45775091e-02],
       [-1.66055104e-05, -3.85125354e-05,  2.78029573e-04, ...,
         5.56788334e-03,  0.00000000e+00,  3.11482621e-02],
       [ 1.73561976e-03,  1.11170831e-03,  3.06559479e-03, ...,
         2.45775091e-02,  3.11482621e-02,  0.00000000e+00]],
      shape=(45, 45))}
{'bond-orders': array([[ 0.00000000e+00,  3.07948831e-01,  1.99359155e-02, ...,
         1.82219391e-05, -1.66055104e-05,  1.73561976e-03],
       [ 3.07948831e-01,  0.00000000e+00,  2.09042900e-02, ...,
         4.57340730e-05, -3.85125354e-05,  1.11170831e-03],
       [ 1.99359155e-02,  2.09042900e-02,  0.00000000e+00, ...,
         4.70774981e-04,  2.78029573e-04,  3.06559479e-03],
       ...,
       [ 1.82219391e-05,  4.57340730e-05,  4.70774981e-04, ...,
         0.00000000e+00,  5.56788334e-03,  2.45775091e-02],
       [-1.66055104e-05, -3.85125354e-05,  2.78029573e-04, ...,
         5.56788334e-03,  0.00000000e+00,  3.11482621e-02],
       [ 1.73561976e-03,  1.11170831e-03,  3.06559479e-03, ...,
         2.45775091e-02,  3.11482621e-02,  0.00000000e+00]],
      shape=(45, 45)), 'molecular-dipole': array([-0.34307637,  0.24764792, -0.05084117])}
{'bond-orders': array([[ 0.00000000e+00,  3.07948831e-01,  1.99359155e-02, ...,
         1.82219391e-05, -1.66055104e-05,  1.73561976e-03],
       [ 3.07948831e-01,  0.00000000e+00,  2.09042900e-02, ...,
         4.57340730e-05, -3.85125354e-05,  1.11170831e-03],
       [ 1.99359155e-02,  2.09042900e-02,  0.00000000e+00, ...,
         4.70774981e-04,  2.78029573e-04,  3.06559479e-03],
       ...,
       [ 1.82219391e-05,  4.57340730e-05,  4.70774981e-04, ...,
         0.00000000e+00,  5.56788334e-03,  2.45775091e-02],
       [-1.66055104e-05, -3.85125354e-05,  2.78029573e-04, ...,
         5.56788334e-03,  0.00000000e+00,  3.11482621e-02],
       [ 1.73561976e-03,  1.11170831e-03,  3.06559479e-03, ...,
         2.45775091e-02,  3.11482621e-02,  0.00000000e+00]],
      shape=(45, 45)), 'molecular-dipole': array([-0.34307637,  0.24764792, -0.05084117]), 'molecular-quadrupole': array([-36.55323791,  29.9246414 ,  -7.34622421,  -9.0133837 ,
        34.17469638,  43.89946213])}
------------------------------------------------------------
  cycle        total energy    energy error   density error
------------------------------------------------------------
      1     -163.5501865238  -1.6329412E+02   5.3038553E-03
      2     -163.5109327477   3.9253776E-02   1.2644623E-02
      3     -163.3765944910   1.3433826E-01   2.3656224E-02
      4     -163.5504824580  -1.7388797E-01   2.9192773E-03
      5     -163.5507528415  -2.7038345E-04   2.1006377E-03
      6     -163.5510246605  -2.7181908E-04   1.3311385E-03
