/home/ans819/.conda/envs/autoflow/lib/python3.13/site-packages/e3nn/o3/_wigner.py:10: UserWarning: Environment variable TORCH_FORCE_NO_WEIGHTS_ONLY_LOAD detected, since the`weights_only` argument was not explicitly passed to `torch.load`, forcing weights_only=False.
  _Jd, _W3j_flat, _W3j_indices = torch.load(os.path.join(os.path.dirname(__file__), 'constants.pt'))

          ==================== Thresholds ====================
          CN  :   150.00000
          rep :   500.00000
          disp:  2500.00000
          HB1 :   250.00000
          HB2 :   450.00000

          Pauling EN used:
          Z : 1  EN :  2.20
          Z : 6  EN :  2.55
          Z : 8  EN :  3.44
          Z :47  EN :  1.93
          electric field strengths (au): 0.000

           ------------------------------------------------- 
          |           Force Field Initialization            |
           ------------------------------------------------- 

          distances ...
          ----------------------------------------
          generating topology and atomic info file ...
          pair mat ...
          computing topology distances matrix with Floyd-Warshall algo ...
          making topology EEQ charges ...
          #fragments for EEQ constrain: 1
          ----------------------------------------
          generating topology and atomic info file ...
          pair mat ...
          computing topology distances matrix with Floyd-Warshall algo ...
          making topology EEQ charges ...
          #fragments for EEQ constrain: 1
          rings ...
          # BATM   3303
          # H in HB   0

  atom   neighbors  erfCN metchar sp-hybrid imet pi  qest     coordinates
    1  Ag      2    1.35   0.37         2    2    0   0.003    2.100441    0.437329   26.101360
    2  Ag      5    3.15   0.31         0    2    0   0.018    5.590750    4.712067   26.101360
    3  Ag      9    4.27   0.07         0    2    0   0.009   14.316523    8.274349   27.694461
    4  Ag      7    3.92   0.19         0    2    0   0.013   10.826214    3.999611   27.694461
    5  Ag      7    3.92   0.19         0    2    0   0.019   19.551987    7.561893   29.287562
    6  Ag      6    3.59   0.27         0    2    0   0.019   16.061678    3.287154   29.287562
    7  Ag      9    4.27   0.07         0    2    0   0.009    7.335905    6.849436   30.880663
    8  Ag      6    3.59   0.23         0    2    0   0.019    3.845595    2.574698   30.880663
    9  Ag     12    4.39   0.01         0    2    0   0.006   12.571368    6.136980   32.473764
   10  Ag      7    3.92   0.19         0    2    0   0.019    9.081059    1.862241   32.473764
   11  Ag      9    4.27   0.07         0    2    0   0.026   17.806832    5.424523   34.066864
   12  Ag      6    3.59   0.27         0    2    0   0.034   14.316523    1.149785   34.066864
   13  Ag      8    4.14   0.11         0    2    0   0.019    5.590750    4.712067   35.659965
   14  Ag      3    2.00   0.37         2    2    0   0.014    2.100441    0.437329   35.659965
   15  Ag      8    4.14   0.12         0    2    0   0.029   10.826214    3.999611   37.253066
   16  Ag     10    4.34   0.04         0    2    0   0.024   14.316523    8.274349   37.253066
   17  Ag      7    3.96   0.16         0    2    0   0.120   16.061678    3.287154   38.846167
   18  Ag      6    3.59   0.26         0    2    0   0.033   19.551987    7.561893   38.846167
   19  Ag      3    2.00   0.37         2    2    0   0.014    3.845595    2.574698   40.439268
   20  Ag      5    3.15   0.32         0    2    0   0.024    7.335905    6.849436   40.439268
   21  Ag      6    3.59   0.26         0    2    0   0.013    9.081059    8.986806   26.101360
   22  Ag      5    3.15   0.34         0    2    0   0.015   12.571368   13.261544   26.101360
   23  Ag      4    2.61   0.38         3    2    0   0.016   21.297142   16.823826   27.694461
   24  Ag      8    4.14   0.12         0    2    0   0.013   17.806832   12.549088   27.694461
   25  Ag      3    2.00   0.39         2    2    0   0.011   26.532606   16.111370   29.287562
   26  Ag      7    3.92   0.19         0    2    0   0.016   23.042296   11.836631   29.287562
   27  Ag      6    3.59   0.27         0    2    0   0.014   14.316523   15.398913   30.880663
   28  Ag      9    4.27   0.07         0    2    0   0.008   10.826214   11.124175   30.880663
   29  Ag      9    4.27   0.07         0    2    0   0.010   19.551987   14.686457   32.473764
/home/ans819/.conda/envs/autoflow/lib/python3.13/site-packages/mace/calculators/mace.py:197: UserWarning: Environment variable TORCH_FORCE_NO_WEIGHTS_ONLY_LOAD detected, since the`weights_only` argument was not explicitly passed to `torch.load`, forcing weights_only=False.
  torch.load(f=model_path, map_location=device)
/home/ans819/.conda/envs/autoflow/lib/python3.13/site-packages/chgnet/model/model.py:898: UserWarning: Converting a tensor with requires_grad=True to a scalar may lead to unexpected behavior.
Consider using tensor.detach() first. (Triggered internally at /pytorch/torch/csrc/autograd/generated/python_variable_methods.cpp:836.)
  volumes = torch.tensor(volumes, dtype=TORCH_DTYPE, device=atomic_numbers.device)
cuequivariance or cuequivariance_torch is not available. Cuequivariance acceleration will be disabled.
------------------------------------------------------------
  cycle        total energy    energy error   density error
------------------------------------------------------------
      1     -163.1827417410  -1.6293980E+02   9.9873344E-01
      2     -162.1720929066   1.0106488E+00   6.1755906E-01
      3      117.5035961676   2.7967569E+02   1.6080616E+00
      4     -124.0499830820  -2.4155358E+02   7.3108854E-01
      5     -42.12853785471   8.1921445E+01   7.1836116E-01
      6     -158.1846223316  -1.1605608E+02   2.2498373E-01
      7     -151.0521372412   7.1324851E+00   2.2429552E-01
      8     -162.9741420410  -1.1922005E+01   6.9792647E-02
      9     -163.2792003398  -3.0505830E-01   5.5183838E-02
     10     -163.1687317648   1.1046857E-01   4.6919169E-02
     11     -163.4903438096  -3.2161204E-01   3.5447540E-02
     12     -163.4975332150  -7.1894053E-03   2.8186312E-02
     13     -163.5102195964  -1.2686381E-02   2.2824938E-02
     14     -163.5100822531   1.3734331E-04   2.0438572E-02
     15     -163.5128245703  -2.7423173E-03   1.8440285E-02
     16     -163.5131046680  -2.8009762E-04   1.5803286E-02
     17     -163.5135948476  -4.9017965E-04   1.3958476E-02
     18     -163.5136826630  -8.7815388E-05   1.3143118E-02
     19     -163.5138264618  -1.4379879E-04   1.2464009E-02
     20     -163.5143302614  -5.0379955E-04   1.0499869E-02
     21     -163.5146264567  -2.9619540E-04   8.6902644E-03
     22     -163.5147123992  -8.5942434E-05   8.1183230E-03
     23     -163.5150118354  -2.9943624E-04   7.0492055E-03
     24     -163.5157828284  -7.7099296E-04   2.3693159E-03
     25     -163.5158360867  -5.3258288E-05   1.3232940E-03
     26     -163.5158356769   4.0975229E-07   1.1275915E-03
     27     -163.5158348140   8.6293821E-07   8.7381223E-04
     28     -163.5158458213  -1.1007300E-05   5.0578030E-04
     29     -163.5158548042  -8.9829703E-06   4.2389770E-04
     30     -163.5158557791  -9.7485906E-07   3.1457097E-04
     31     -163.5158580753  -2.2961590E-06   1.3990277E-04
     32     -163.5158586124  -5.3708897E-07   1.2478270E-04
     33     -163.5158587661  -1.5376037E-07   2.6232075E-05
     34     -163.5158587726  -6.4593735E-09   1.8279911E-05
------------------------------------------------------------

 total:                                  18.319 sec
3
{'bond-orders': array([[0.00000000e+00, 3.03462015e-01, 2.09058204e-02, ...,
        1.90027082e-04, 6.96822970e-05, 3.14157332e-03],
       [3.03462015e-01, 0.00000000e+00, 2.07697292e-02, ...,
        2.19152276e-04, 4.06674787e-05, 2.06417815e-03],
       [2.09058204e-02, 2.07697292e-02, 0.00000000e+00, ...,
        6.04755834e-04, 1.24926711e-04, 2.90838546e-03],
       ...,
       [1.90027082e-04, 2.19152276e-04, 6.04755834e-04, ...,
        0.00000000e+00, 4.28367452e-03, 1.96425507e-02],
       [6.96822970e-05, 4.06674787e-05, 1.24926711e-04, ...,
        4.28367452e-03, 0.00000000e+00, 2.12993314e-02],
       [3.14157332e-03, 2.06417815e-03, 2.90838546e-03, ...,
        1.96425507e-02, 2.12993314e-02, 0.00000000e+00]], shape=(45, 45))}
{'bond-orders': array([[0.00000000e+00, 3.03462015e-01, 2.09058204e-02, ...,
        1.90027082e-04, 6.96822970e-05, 3.14157332e-03],
       [3.03462015e-01, 0.00000000e+00, 2.07697292e-02, ...,
        2.19152276e-04, 4.06674787e-05, 2.06417815e-03],
       [2.09058204e-02, 2.07697292e-02, 0.00000000e+00, ...,
        6.04755834e-04, 1.24926711e-04, 2.90838546e-03],
       ...,
       [1.90027082e-04, 2.19152276e-04, 6.04755834e-04, ...,
        0.00000000e+00, 4.28367452e-03, 1.96425507e-02],
       [6.96822970e-05, 4.06674787e-05, 1.24926711e-04, ...,
        4.28367452e-03, 0.00000000e+00, 2.12993314e-02],
       [3.14157332e-03, 2.06417815e-03, 2.90838546e-03, ...,
        1.96425507e-02, 2.12993314e-02, 0.00000000e+00]], shape=(45, 45)), 'molecular-dipole': array([-1.10068692,  0.97008473,  0.06452263])}
{'bond-orders': array([[0.00000000e+00, 3.03462015e-01, 2.09058204e-02, ...,
        1.90027082e-04, 6.96822970e-05, 3.14157332e-03],
       [3.03462015e-01, 0.00000000e+00, 2.07697292e-02, ...,
        2.19152276e-04, 4.06674787e-05, 2.06417815e-03],
       [2.09058204e-02, 2.07697292e-02, 0.00000000e+00, ...,
        6.04755834e-04, 1.24926711e-04, 2.90838546e-03],
       ...,
       [1.90027082e-04, 2.19152276e-04, 6.04755834e-04, ...,
        0.00000000e+00, 4.28367452e-03, 1.96425507e-02],
       [6.96822970e-05, 4.06674787e-05, 1.24926711e-04, ...,
        4.28367452e-03, 0.00000000e+00, 2.12993314e-02],
       [3.14157332e-03, 2.06417815e-03, 2.90838546e-03, ...,
        1.96425507e-02, 2.12993314e-02, 0.00000000e+00]], shape=(45, 45)), 'molecular-dipole': array([-1.10068692,  0.97008473,  0.06452263]), 'molecular-quadrupole': array([-58.74005914,  44.27147979,  15.52271565, -92.99865896,
       130.76681642,  43.21734349])}
------------------------------------------------------------
  cycle        total energy    energy error   density error
------------------------------------------------------------
      1     -163.5192721105  -1.6327787E+02   4.5725819E-03
      2     -163.5185037535   7.6835709E-04   4.0494614E-03
      3     -163.5059701015   1.2533652E-02   8.1003751E-03
      4     -163.4814026504   2.4567451E-02   1.1077368E-02
      5     -163.5185307769  -3.7128126E-02   2.4138823E-03
      6     -163.5195013887  -9.7061184E-04   1.3824726E-03
      7     -163.5195168301  -1.5441430E-05   7.4128538E-04
      8     -163.5195591197  -4.2289511E-05   4.6248607E-04
      9     -163.5195898872  -3.0767587E-05   2.6069325E-04
     10     -163.5196032909  -1.3403624E-05   1.2590909E-04
     11     -163.5196070094  -3.7185381E-06   4.4648412E-05
     12     -163.5196073604  -3.5101448E-07   1.3649585E-05
------------------------------------------------------------

 total:                                  12.197 sec
3
{'bond-orders': array([[0.00000000e+00, 3.03570643e-01, 2.07215891e-02, ...,
        2.02733971e-04, 7.26263385e-05, 2.86660569e-03],
       [3.03570643e-01, 0.00000000e+00, 2.06473246e-02, ...,
        2.41376150e-04, 4.69606920e-05, 2.09555065e-03],
       [2.07215891e-02, 2.06473246e-02, 0.00000000e+00, ...,
        6.67985870e-04, 1.66521939e-04, 3.04722152e-03],
       ...,
       [2.02733971e-04, 2.41376150e-04, 6.67985870e-04, ...,
        0.00000000e+00, 4.50278160e-03, 2.03714724e-02],
       [7.26263385e-05, 4.69606920e-05, 1.66521939e-04, ...,
        4.50278160e-03, 0.00000000e+00, 2.46396538e-02],
       [2.86660569e-03, 2.09555065e-03, 3.04722152e-03, ...,
        2.03714724e-02, 2.46396538e-02, 0.00000000e+00]], shape=(45, 45))}
{'bond-orders': array([[0.00000000e+00, 3.03570643e-01, 2.07215891e-02, ...,
        2.02733971e-04, 7.26263385e-05, 2.86660569e-03],
       [3.03570643e-01, 0.00000000e+00, 2.06473246e-02, ...,
        2.41376150e-04, 4.69606920e-05, 2.09555065e-03],
       [2.07215891e-02, 2.06473246e-02, 0.00000000e+00, ...,
        6.67985870e-04, 1.66521939e-04, 3.04722152e-03],
       ...,
       [2.02733971e-04, 2.41376150e-04, 6.67985870e-04, ...,
        0.00000000e+00, 4.50278160e-03, 2.03714724e-02],
       [7.26263385e-05, 4.69606920e-05, 1.66521939e-04, ...,
        4.50278160e-03, 0.00000000e+00, 2.46396538e-02],
       [2.86660569e-03, 2.09555065e-03, 3.04722152e-03, ...,
        2.03714724e-02, 2.46396538e-02, 0.00000000e+00]], shape=(45, 45)), 'molecular-dipole': array([-1.07746194,  1.02691402,  0.02422192])}
{'bond-orders': array([[0.00000000e+00, 3.03570643e-01, 2.07215891e-02, ...,
        2.02733971e-04, 7.26263385e-05, 2.86660569e-03],
       [3.03570643e-01, 0.00000000e+00, 2.06473246e-02, ...,
        2.41376150e-04, 4.69606920e-05, 2.09555065e-03],
       [2.07215891e-02, 2.06473246e-02, 0.00000000e+00, ...,
        6.67985870e-04, 1.66521939e-04, 3.04722152e-03],
       ...,
       [2.02733971e-04, 2.41376150e-04, 6.67985870e-04, ...,
        0.00000000e+00, 4.50278160e-03, 2.03714724e-02],
       [7.26263385e-05, 4.69606920e-05, 1.66521939e-04, ...,
        4.50278160e-03, 0.00000000e+00, 2.46396538e-02],
       [2.86660569e-03, 2.09555065e-03, 3.04722152e-03, ...,
        2.03714724e-02, 2.46396538e-02, 0.00000000e+00]], shape=(45, 45)), 'molecular-dipole': array([-1.07746194,  1.02691402,  0.02422192]), 'molecular-quadrupole': array([-56.49854764,  48.13543931,  16.3985122 , -93.12130692,
       135.27804894,  40.10003544])}
------------------------------------------------------------
  cycle        total energy    energy error   density error
------------------------------------------------------------
      1     -163.5221988663  -1.6328323E+02   6.0294653E-03
      2     -163.4797457319   4.2453134E-02   1.2701561E-02
      3     -163.3019814763   1.7776426E-01   2.6386332E-02
      4     -163.5201397009  -2.1815822E-01   5.7997688E-03
      5     -163.5224043867  -2.2646858E-03   2.9085366E-03
      6     -163.5227939581  -3.8957141E-04   1.7619887E-03
      7     -163.5229936230  -1.9966493E-04   9.2184072E-04
      8     -163.5229885780   5.0449952E-06   5.5560999E-04
      9     -163.5230023719  -1.3793894E-05   3.8623197E-04
     10     -163.5230345553  -3.2183328E-05   1.4202712E-04
     11     -163.5230383030  -3.7477604E-06   5.1868356E-05
     12     -163.5230387688  -4.6580936E-07   1.8751309E-05
------------------------------------------------------------

 total:                                  12.186 sec
3
{'bond-orders': array([[0.00000000e+00, 3.03756309e-01, 2.05215733e-02, ...,
        2.02282951e-04, 6.64462386e-05, 2.50527503e-03],
       [3.03756309e-01, 0.00000000e+00, 2.05111850e-02, ...,
        2.62635656e-04, 5.72700074e-05, 2.13054808e-03],
       [2.05215733e-02, 2.05111850e-02, 0.00000000e+00, ...,
        7.30754472e-04, 2.21289331e-04, 3.12989519e-03],
       ...,
       [2.02282951e-04, 2.62635656e-04, 7.30754472e-04, ...,
        0.00000000e+00, 4.76411615e-03, 2.14806631e-02],
       [6.64462386e-05, 5.72700074e-05, 2.21289331e-04, ...,
        4.76411615e-03, 0.00000000e+00, 2.90738075e-02],
       [2.50527503e-03, 2.13054808e-03, 3.12989519e-03, ...,
        2.14806631e-02, 2.90738075e-02, 0.00000000e+00]], shape=(45, 45))}
{'bond-orders': array([[0.00000000e+00, 3.03756309e-01, 2.05215733e-02, ...,
        2.02282951e-04, 6.64462386e-05, 2.50527503e-03],
       [3.03756309e-01, 0.00000000e+00, 2.05111850e-02, ...,
        2.62635656e-04, 5.72700074e-05, 2.13054808e-03],
       [2.05215733e-02, 2.05111850e-02, 0.00000000e+00, ...,
        7.30754472e-04, 2.21289331e-04, 3.12989519e-03],
       ...,
       [2.02282951e-04, 2.62635656e-04, 7.30754472e-04, ...,
        0.00000000e+00, 4.76411615e-03, 2.14806631e-02],
       [6.64462386e-05, 5.72700074e-05, 2.21289331e-04, ...,
        4.76411615e-03, 0.00000000e+00, 2.90738075e-02],
       [2.50527503e-03, 2.13054808e-03, 3.12989519e-03, ...,
        2.14806631e-02, 2.90738075e-02, 0.00000000e+00]], shape=(45, 45)), 'molecular-dipole': array([-1.06786844,  1.09928458, -0.08959209])}
{'bond-orders': array([[0.00000000e+00, 3.03756309e-01, 2.05215733e-02, ...,
        2.02282951e-04, 6.64462386e-05, 2.50527503e-03],
       [3.03756309e-01, 0.00000000e+00, 2.05111850e-02, ...,
        2.62635656e-04, 5.72700074e-05, 2.13054808e-03],
       [2.05215733e-02, 2.05111850e-02, 0.00000000e+00, ...,
        7.30754472e-04, 2.21289331e-04, 3.12989519e-03],
       ...,
       [2.02282951e-04, 2.62635656e-04, 7.30754472e-04, ...,
        0.00000000e+00, 4.76411615e-03, 2.14806631e-02],
       [6.64462386e-05, 5.72700074e-05, 2.21289331e-04, ...,
        4.76411615e-03, 0.00000000e+00, 2.90738075e-02],
       [2.50527503e-03, 2.13054808e-03, 3.12989519e-03, ...,
        2.14806631e-02, 2.90738075e-02, 0.00000000e+00]], shape=(45, 45)), 'molecular-dipole': array([-1.06786844,  1.09928458, -0.08959209]), 'molecular-quadrupole': array([-51.69250049,  52.87406569,  20.23352191, -98.51742701,
       140.0310323 ,  31.45897858])}
------------------------------------------------------------
  cycle        total energy    energy error   density error
------------------------------------------------------------
      1     -163.5253473894  -1.6328618E+02   4.6651856E-03
      2     -163.4824632757   4.2884114E-02   1.2537285E-02
      3     -163.4083722371   7.4091039E-02   1.9500719E-02
      4     -163.5252190592  -1.1684682E-01   3.1834170E-03
      5     -163.5255956045  -3.7654522E-04   2.7031873E-03
      6     -163.5259617626  -3.6615819E-04   1.7224284E-03
      7     -163.5261364120  -1.7464932E-04   6.1546526E-04
      8     -163.5261503626  -1.3950678E-05   3.2028289E-04
      9     -163.5261485620   1.8006686E-06   1.8864128E-04
     10     -163.5261539973  -5.4353455E-06   9.6405177E-05
     11     -163.5261557085  -1.7111567E-06   4.2071744E-05
     12     -163.5261561086  -4.0014351E-07   1.0869032E-05
------------------------------------------------------------

 total:                                  12.284 sec
3
{'bond-orders': array([[0.00000000e+00, 3.03922235e-01, 2.04018120e-02, ...,
        1.81420439e-04, 5.43488087e-05, 2.28600712e-03],
       [3.03922235e-01, 0.00000000e+00, 2.04187757e-02, ...,
        2.59702648e-04, 6.31195462e-05, 2.14165648e-03],
       [2.04018120e-02, 2.04187757e-02, 0.00000000e+00, ...,
        7.27879224e-04, 2.43675163e-04, 3.11679440e-03],
       ...,
       [1.81420439e-04, 2.59702648e-04, 7.27879224e-04, ...,
        0.00000000e+00, 4.85319854e-03, 2.21409229e-02],
       [5.43488087e-05, 6.31195462e-05, 2.43675163e-04, ...,
        4.85319854e-03, 0.00000000e+00, 3.15798598e-02],
       [2.28600712e-03, 2.14165648e-03, 3.11679440e-03, ...,
        2.21409229e-02, 3.15798598e-02, 0.00000000e+00]], shape=(45, 45))}
{'bond-orders': array([[0.00000000e+00, 3.03922235e-01, 2.04018120e-02, ...,
        1.81420439e-04, 5.43488087e-05, 2.28600712e-03],
       [3.03922235e-01, 0.00000000e+00, 2.04187757e-02, ...,
        2.59702648e-04, 6.31195462e-05, 2.14165648e-03],
       [2.04018120e-02, 2.04187757e-02, 0.00000000e+00, ...,
        7.27879224e-04, 2.43675163e-04, 3.11679440e-03],
       ...,
       [1.81420439e-04, 2.59702648e-04, 7.27879224e-04, ...,
        0.00000000e+00, 4.85319854e-03, 2.21409229e-02],
       [5.43488087e-05, 6.31195462e-05, 2.43675163e-04, ...,
        4.85319854e-03, 0.00000000e+00, 3.15798598e-02],
       [2.28600712e-03, 2.14165648e-03, 3.11679440e-03, ...,
        2.21409229e-02, 3.15798598e-02, 0.00000000e+00]], shape=(45, 45)), 'molecular-dipole': array([-1.08417036,  1.14969724, -0.23633102])}
{'bond-orders': array([[0.00000000e+00, 3.03922235e-01, 2.04018120e-02, ...,
        1.81420439e-04, 5.43488087e-05, 2.28600712e-03],
       [3.03922235e-01, 0.00000000e+00, 2.04187757e-02, ...,
        2.59702648e-04, 6.31195462e-05, 2.14165648e-03],
       [2.04018120e-02, 2.04187757e-02, 0.00000000e+00, ...,
        7.27879224e-04, 2.43675163e-04, 3.11679440e-03],
       ...,
       [1.81420439e-04, 2.59702648e-04, 7.27879224e-04, ...,
        0.00000000e+00, 4.85319854e-03, 2.21409229e-02],
       [5.43488087e-05, 6.31195462e-05, 2.43675163e-04, ...,
        4.85319854e-03, 0.00000000e+00, 3.15798598e-02],
       [2.28600712e-03, 2.14165648e-03, 3.11679440e-03, ...,
        2.21409229e-02, 3.15798598e-02, 0.00000000e+00]], shape=(45, 45)), 'molecular-dipole': array([-1.08417036,  1.14969724, -0.23633102]), 'molecular-quadrupole': array([ -46.16083592,   55.92728873,   25.98016399, -108.24147293,
        142.37605874,   20.18067193])}
------------------------------------------------------------
  cycle        total energy    energy error   density error
------------------------------------------------------------
      1     -163.5272803313  -1.6328457E+02   5.7853588E-03
      2     -163.3197601903   2.0752014E-01   2.5987441E-02
      3     -163.4498542548  -1.3009406E-01   1.6842084E-02
      4     -163.5284340188  -7.8579764E-02   3.0810731E-03
      5     -163.5292325546  -7.9853581E-04   2.5127312E-03
      6     -163.5292237732   8.7814156E-06   2.4218130E-03
      7     -163.5295918100  -3.6803679E-04   8.4768593E-04
      8     -163.5296381438  -4.6333831E-05   3.5463013E-04
      9     -163.5296449768  -6.8329802E-06   1.4124084E-04
     10     -163.5296462028  -1.2259663E-06   5.0599669E-05
     11     -163.5296463933  -1.9049565E-07   2.2554560E-05
     12     -163.5296464851  -9.1851120E-08   9.8685943E-06
------------------------------------------------------------

 total:                                  12.200 sec
3
{'bond-orders': array([[0.00000000e+00, 3.04115849e-01, 2.02823131e-02, ...,
        1.59377397e-04, 3.82444044e-05, 2.14612835e-03],
       [3.04115849e-01, 0.00000000e+00, 2.03064042e-02, ...,
        2.54236989e-04, 6.74359352e-05, 2.14695110e-03],
       [2.02823131e-02, 2.03064042e-02, 0.00000000e+00, ...,
        7.17985199e-04, 2.60281635e-04, 3.11811469e-03],
       ...,
       [1.59377397e-04, 2.54236989e-04, 7.17985199e-04, ...,
        0.00000000e+00, 4.91338849e-03, 2.28741513e-02],
       [3.82444044e-05, 6.74359352e-05, 2.60281635e-04, ...,
        4.91338849e-03, 0.00000000e+00, 3.31129720e-02],
       [2.14612835e-03, 2.14695110e-03, 3.11811469e-03, ...,
        2.28741513e-02, 3.31129720e-02, 0.00000000e+00]], shape=(45, 45))}
{'bond-orders': array([[0.00000000e+00, 3.04115849e-01, 2.02823131e-02, ...,
        1.59377397e-04, 3.82444044e-05, 2.14612835e-03],
       [3.04115849e-01, 0.00000000e+00, 2.03064042e-02, ...,
        2.54236989e-04, 6.74359352e-05, 2.14695110e-03],
       [2.02823131e-02, 2.03064042e-02, 0.00000000e+00, ...,
        7.17985199e-04, 2.60281635e-04, 3.11811469e-03],
       ...,
       [1.59377397e-04, 2.54236989e-04, 7.17985199e-04, ...,
        0.00000000e+00, 4.91338849e-03, 2.28741513e-02],
       [3.82444044e-05, 6.74359352e-05, 2.60281635e-04, ...,
        4.91338849e-03, 0.00000000e+00, 3.31129720e-02],
       [2.14612835e-03, 2.14695110e-03, 3.11811469e-03, ...,
        2.28741513e-02, 3.31129720e-02, 0.00000000e+00]], shape=(45, 45)), 'molecular-dipole': array([-1.11860332,  1.19198304, -0.48467352])}
{'bond-orders': array([[0.00000000e+00, 3.04115849e-01, 2.02823131e-02, ...,
        1.59377397e-04, 3.82444044e-05, 2.14612835e-03],
       [3.04115849e-01, 0.00000000e+00, 2.03064042e-02, ...,
        2.54236989e-04, 6.74359352e-05, 2.14695110e-03],
       [2.02823131e-02, 2.03064042e-02, 0.00000000e+00, ...,
        7.17985199e-04, 2.60281635e-04, 3.11811469e-03],
       ...,
       [1.59377397e-04, 2.54236989e-04, 7.17985199e-04, ...,
        0.00000000e+00, 4.91338849e-03, 2.28741513e-02],
       [3.82444044e-05, 6.74359352e-05, 2.60281635e-04, ...,
        4.91338849e-03, 0.00000000e+00, 3.31129720e-02],
       [2.14612835e-03, 2.14695110e-03, 3.11811469e-03, ...,
        2.28741513e-02, 3.31129720e-02, 0.00000000e+00]], shape=(45, 45)), 'molecular-dipole': array([-1.11860332,  1.19198304, -0.48467352]), 'molecular-quadrupole': array([ -37.05841596,   58.11566184,   35.90506369, -124.86482836,
        142.03988752,    1.15335227])}
------------------------------------------------------------
  cycle        total energy    energy error   density error
------------------------------------------------------------
      1     -163.5307670808  -1.6328568E+02   3.3002058E-03
      2     -163.4671309855   6.3636095E-02   1.4309357E-02
      3     -163.5039372223  -3.6806237E-02   9.8530010E-03
      4     -163.5309889648  -2.7051742E-02   1.7912691E-03
      5     -163.5313925157  -4.0355089E-04   1.1075159E-03
      6     -163.5315030020  -1.1048634E-04   9.3300193E-04
      7     -163.5315331528  -3.0150762E-05   6.6224589E-04
      8     -163.5315651190  -3.1966218E-05   1.7918852E-04
      9     -163.5315665982  -1.4792638E-06   8.4480966E-05
     10     -163.5315672213  -6.2309235E-07   3.5483559E-05
     11     -163.5315673621  -1.4077554E-07   1.7004841E-05
------------------------------------------------------------

 total:                                  11.913 sec
3
{'bond-orders': array([[0.00000000e+00, 3.04205076e-01, 2.01754407e-02, ...,
        1.54194210e-04, 3.25269596e-05, 2.16474898e-03],
       [3.04205076e-01, 0.00000000e+00, 2.02150303e-02, ...,
        2.49157256e-04, 6.61258326e-05, 2.14403155e-03],
       [2.01754407e-02, 2.02150303e-02, 0.00000000e+00, ...,
        7.05347515e-04, 2.75223031e-04, 3.16902003e-03],
       ...,
       [1.54194210e-04, 2.49157256e-04, 7.05347515e-04, ...,
        0.00000000e+00, 4.96250026e-03, 2.31397747e-02],
       [3.25269596e-05, 6.61258326e-05, 2.75223031e-04, ...,
        4.96250026e-03, 0.00000000e+00, 3.29966328e-02],
       [2.16474898e-03, 2.14403155e-03, 3.16902003e-03, ...,
        2.31397747e-02, 3.29966328e-02, 0.00000000e+00]], shape=(45, 45))}
{'bond-orders': array([[0.00000000e+00, 3.04205076e-01, 2.01754407e-02, ...,
        1.54194210e-04, 3.25269596e-05, 2.16474898e-03],
       [3.04205076e-01, 0.00000000e+00, 2.02150303e-02, ...,
        2.49157256e-04, 6.61258326e-05, 2.14403155e-03],
       [2.01754407e-02, 2.02150303e-02, 0.00000000e+00, ...,
        7.05347515e-04, 2.75223031e-04, 3.16902003e-03],
       ...,
       [1.54194210e-04, 2.49157256e-04, 7.05347515e-04, ...,
        0.00000000e+00, 4.96250026e-03, 2.31397747e-02],
       [3.25269596e-05, 6.61258326e-05, 2.75223031e-04, ...,
        4.96250026e-03, 0.00000000e+00, 3.29966328e-02],
       [2.16474898e-03, 2.14403155e-03, 3.16902003e-03, ...,
        2.31397747e-02, 3.29966328e-02, 0.00000000e+00]], shape=(45, 45)), 'molecular-dipole': array([-1.13479905,  1.20105022, -0.63403576])}
{'bond-orders': array([[0.00000000e+00, 3.04205076e-01, 2.01754407e-02, ...,
        1.54194210e-04, 3.25269596e-05, 2.16474898e-03],
       [3.04205076e-01, 0.00000000e+00, 2.02150303e-02, ...,
        2.49157256e-04, 6.61258326e-05, 2.14403155e-03],
       [2.01754407e-02, 2.02150303e-02, 0.00000000e+00, ...,
        7.05347515e-04, 2.75223031e-04, 3.16902003e-03],
       ...,
       [1.54194210e-04, 2.49157256e-04, 7.05347515e-04, ...,
        0.00000000e+00, 4.96250026e-03, 2.31397747e-02],
       [3.25269596e-05, 6.61258326e-05, 2.75223031e-04, ...,
        4.96250026e-03, 0.00000000e+00, 3.29966328e-02],
       [2.16474898e-03, 2.14403155e-03, 3.16902003e-03, ...,
        2.31397747e-02, 3.29966328e-02, 0.00000000e+00]], shape=(45, 45)), 'molecular-dipole': array([-1.13479905,  1.20105022, -0.63403576]), 'molecular-quadrupole': array([ -31.413586  ,   58.1761916 ,   41.6233472 , -134.23550287,
        140.17826913,  -10.2097612 ])}
------------------------------------------------------------
  cycle        total energy    energy error   density error
------------------------------------------------------------
      1     -163.5327708313  -1.6328601E+02   3.9312443E-03
      2     -163.4022104381   1.3056039E-01   2.0276181E-02
      3     -163.5125747717  -1.1036433E-01   8.9648094E-03
      4     -163.5333669674  -2.0792196E-02   2.2484692E-03
      5     -163.5336946068  -3.2763942E-04   1.7957593E-03
      6     -163.5339474426  -2.5283581E-04   1.0550567E-03
      7     -163.5340484242  -1.0098161E-04   5.8271157E-04
      8     -163.5340736674  -2.5243121E-05   2.1350402E-04
      9     -163.5340761836  -2.5161985E-06   1.1928487E-04
     10     -163.5340777405  -1.5568992E-06   5.2437222E-05
     11     -163.5340780866  -3.4614405E-07   2.9205490E-05
     12     -163.5340782163  -1.2968630E-07   1.1272201E-05
------------------------------------------------------------

 total:                                  12.241 sec
3
{'bond-orders': array([[0.00000000e+00, 3.04280957e-01, 1.99760998e-02, ...,
        1.58816583e-04, 3.18318592e-05, 2.27626389e-03],
       [3.04280957e-01, 0.00000000e+00, 2.00727243e-02, ...,
        2.42990614e-04, 6.03714125e-05, 2.13487390e-03],
       [1.99760998e-02, 2.00727243e-02, 0.00000000e+00, ...,
        6.84449336e-04, 3.07353792e-04, 3.28110651e-03],
       ...,
       [1.58816583e-04, 2.42990614e-04, 6.84449336e-04, ...,
        0.00000000e+00, 5.09690409e-03, 2.32877203e-02],
       [3.18318592e-05, 6.03714125e-05, 3.07353792e-04, ...,
        5.09690409e-03, 0.00000000e+00, 3.20990051e-02],
       [2.27626389e-03, 2.13487390e-03, 3.28110651e-03, ...,
        2.32877203e-02, 3.20990051e-02, 0.00000000e+00]], shape=(45, 45))}
{'bond-orders': array([[0.00000000e+00, 3.04280957e-01, 1.99760998e-02, ...,
        1.58816583e-04, 3.18318592e-05, 2.27626389e-03],
       [3.04280957e-01, 0.00000000e+00, 2.00727243e-02, ...,
        2.42990614e-04, 6.03714125e-05, 2.13487390e-03],
       [1.99760998e-02, 2.00727243e-02, 0.00000000e+00, ...,
        6.84449336e-04, 3.07353792e-04, 3.28110651e-03],
       ...,
       [1.58816583e-04, 2.42990614e-04, 6.84449336e-04, ...,
        0.00000000e+00, 5.09690409e-03, 2.32877203e-02],
       [3.18318592e-05, 6.03714125e-05, 3.07353792e-04, ...,
        5.09690409e-03, 0.00000000e+00, 3.20990051e-02],
       [2.27626389e-03, 2.13487390e-03, 3.28110651e-03, ...,
        2.32877203e-02, 3.20990051e-02, 0.00000000e+00]], shape=(45, 45)), 'molecular-dipole': array([-1.14470277,  1.20456691, -0.81960454])}
{'bond-orders': array([[0.00000000e+00, 3.04280957e-01, 1.99760998e-02, ...,
        1.58816583e-04, 3.18318592e-05, 2.27626389e-03],
       [3.04280957e-01, 0.00000000e+00, 2.00727243e-02, ...,
        2.42990614e-04, 6.03714125e-05, 2.13487390e-03],
       [1.99760998e-02, 2.00727243e-02, 0.00000000e+00, ...,
        6.84449336e-04, 3.07353792e-04, 3.28110651e-03],
       ...,
       [1.58816583e-04, 2.42990614e-04, 6.84449336e-04, ...,
        0.00000000e+00, 5.09690409e-03, 2.32877203e-02],
       [3.18318592e-05, 6.03714125e-05, 3.07353792e-04, ...,
        5.09690409e-03, 0.00000000e+00, 3.20990051e-02],
       [2.27626389e-03, 2.13487390e-03, 3.28110651e-03, ...,
        2.32877203e-02, 3.20990051e-02, 0.00000000e+00]], shape=(45, 45)), 'molecular-dipole': array([-1.14470277,  1.20456691, -0.81960454]), 'molecular-quadrupole': array([ -24.1456738 ,   57.63676085,   48.17921284, -144.69468015,
        136.76360878,  -24.03353904])}
------------------------------------------------------------
  cycle        total energy    energy error   density error
------------------------------------------------------------
      1     -163.5357493762  -1.6328893E+02   3.4578217E-03
      2     -163.4659220639   6.9827312E-02   1.4881177E-02
      3     -163.5113812737  -4.5459210E-02   9.3018168E-03
      4     -163.5357585884  -2.4377315E-02   2.6871075E-03
      5     -163.5363449127  -5.8632428E-04   1.5741437E-03
      6     -163.5364513730  -1.0646035E-04   8.5096077E-04
      7     -163.5364926488  -4.1275765E-05   5.0429711E-04
      8     -163.5365077910  -1.5142233E-05   1.8497047E-04
      9     -163.5365106824  -2.8914197E-06   1.1789837E-04
     10     -163.5365122089  -1.5265191E-06   4.4987628E-05
     11     -163.5365123710  -1.6205252E-07   1.7695277E-05
------------------------------------------------------------

 total:                                  11.920 sec
3
{'bond-orders': array([[0.00000000e+00, 3.04283870e-01, 1.97037741e-02, ...,
        1.75692994e-04, 3.99709274e-05, 2.45722694e-03],
       [3.04283870e-01, 0.00000000e+00, 1.99133625e-02, ...,
        2.39410732e-04, 5.10921043e-05, 2.11695874e-03],
       [1.97037741e-02, 1.99133625e-02, 0.00000000e+00, ...,
        6.62324733e-04, 3.47264201e-04, 3.41867076e-03],
       ...,
       [1.75692994e-04, 2.39410732e-04, 6.62324733e-04, ...,
        0.00000000e+00, 5.28750637e-03, 2.31952372e-02],
       [3.99709274e-05, 5.10921043e-05, 3.47264201e-04, ...,
        5.28750637e-03, 0.00000000e+00, 3.05562063e-02],
       [2.45722694e-03, 2.11695874e-03, 3.41867076e-03, ...,
        2.31952372e-02, 3.05562063e-02, 0.00000000e+00]], shape=(45, 45))}
{'bond-orders': array([[0.00000000e+00, 3.04283870e-01, 1.97037741e-02, ...,
        1.75692994e-04, 3.99709274e-05, 2.45722694e-03],
       [3.04283870e-01, 0.00000000e+00, 1.99133625e-02, ...,
        2.39410732e-04, 5.10921043e-05, 2.11695874e-03],
       [1.97037741e-02, 1.99133625e-02, 0.00000000e+00, ...,
        6.62324733e-04, 3.47264201e-04, 3.41867076e-03],
       ...,
       [1.75692994e-04, 2.39410732e-04, 6.62324733e-04, ...,
        0.00000000e+00, 5.28750637e-03, 2.31952372e-02],
       [3.99709274e-05, 5.10921043e-05, 3.47264201e-04, ...,
        5.28750637e-03, 0.00000000e+00, 3.05562063e-02],
       [2.45722694e-03, 2.11695874e-03, 3.41867076e-03, ...,
        2.31952372e-02, 3.05562063e-02, 0.00000000e+00]], shape=(45, 45)), 'molecular-dipole': array([-1.13976442,  1.21301637, -0.97159907])}
{'bond-orders': array([[0.00000000e+00, 3.04283870e-01, 1.97037741e-02, ...,
        1.75692994e-04, 3.99709274e-05, 2.45722694e-03],
       [3.04283870e-01, 0.00000000e+00, 1.99133625e-02, ...,
        2.39410732e-04, 5.10921043e-05, 2.11695874e-03],
       [1.97037741e-02, 1.99133625e-02, 0.00000000e+00, ...,
        6.62324733e-04, 3.47264201e-04, 3.41867076e-03],
       ...,
       [1.75692994e-04, 2.39410732e-04, 6.62324733e-04, ...,
        0.00000000e+00, 5.28750637e-03, 2.31952372e-02],
       [3.99709274e-05, 5.10921043e-05, 3.47264201e-04, ...,
        5.28750637e-03, 0.00000000e+00, 3.05562063e-02],
       [2.45722694e-03, 2.11695874e-03, 3.41867076e-03, ...,
        2.31952372e-02, 3.05562063e-02, 0.00000000e+00]], shape=(45, 45)), 'molecular-dipole': array([-1.13976442,  1.21301637, -0.97159907]), 'molecular-quadrupole': array([ -17.84977071,   57.30212311,   53.0308833 , -151.59868914,
        134.61251569,  -35.1811126 ])}
------------------------------------------------------------
  cycle        total energy    energy error   density error
------------------------------------------------------------
      1     -163.5381245282  -1.6329217E+02   2.4649590E-03
      2     -163.5217360839   1.6388444E-02   7.4388583E-03
      3     -163.5171138993   4.6221846E-03   8.2660793E-03
      4     -163.5374416604  -2.0327761E-02   2.9651773E-03
      5     -163.5382441413  -8.0248097E-04   1.2443670E-03
      6     -163.5383136014  -6.9460106E-05   6.7011149E-04
      7     -163.5383228434  -9.2420123E-06   3.4838577E-04
      8     -163.5383304242  -7.5807832E-06   1.3117013E-04
      9     -163.5383324697  -2.0454279E-06   9.2825224E-05
     10     -163.5383333575  -8.8783136E-07   2.8933825E-05
     11     -163.5383333838  -2.6339620E-08   1.4123133E-05
------------------------------------------------------------

 total:                                  11.910 sec
3
{'bond-orders': array([[0.00000000e+00, 3.04209400e-01, 1.94392200e-02, ...,
        1.99260101e-04, 5.52620775e-05, 2.63001890e-03],
       [3.04209400e-01, 0.00000000e+00, 1.97819457e-02, ...,
        2.40229019e-04, 4.15232571e-05, 2.08013311e-03],
       [1.94392200e-02, 1.97819457e-02, 0.00000000e+00, ...,
        6.48839852e-04, 3.74686275e-04, 3.51257710e-03],
       ...,
       [1.99260101e-04, 2.40229019e-04, 6.48839852e-04, ...,
        0.00000000e+00, 5.43240454e-03, 2.29747081e-02],
       [5.52620775e-05, 4.15232571e-05, 3.74686275e-04, ...,
        5.43240454e-03, 0.00000000e+00, 2.89862231e-02],
       [2.63001890e-03, 2.08013311e-03, 3.51257710e-03, ...,
        2.29747081e-02, 2.89862231e-02, 0.00000000e+00]], shape=(45, 45))}
{'bond-orders': array([[0.00000000e+00, 3.04209400e-01, 1.94392200e-02, ...,
        1.99260101e-04, 5.52620775e-05, 2.63001890e-03],
       [3.04209400e-01, 0.00000000e+00, 1.97819457e-02, ...,
        2.40229019e-04, 4.15232571e-05, 2.08013311e-03],
       [1.94392200e-02, 1.97819457e-02, 0.00000000e+00, ...,
        6.48839852e-04, 3.74686275e-04, 3.51257710e-03],
       ...,
       [1.99260101e-04, 2.40229019e-04, 6.48839852e-04, ...,
        0.00000000e+00, 5.43240454e-03, 2.29747081e-02],
       [5.52620775e-05, 4.15232571e-05, 3.74686275e-04, ...,
        5.43240454e-03, 0.00000000e+00, 2.89862231e-02],
       [2.63001890e-03, 2.08013311e-03, 3.51257710e-03, ...,
        2.29747081e-02, 2.89862231e-02, 0.00000000e+00]], shape=(45, 45)), 'molecular-dipole': array([-1.12525132,  1.22685084, -1.05195334])}
{'bond-orders': array([[0.00000000e+00, 3.04209400e-01, 1.94392200e-02, ...,
        1.99260101e-04, 5.52620775e-05, 2.63001890e-03],
       [3.04209400e-01, 0.00000000e+00, 1.97819457e-02, ...,
        2.40229019e-04, 4.15232571e-05, 2.08013311e-03],
       [1.94392200e-02, 1.97819457e-02, 0.00000000e+00, ...,
        6.48839852e-04, 3.74686275e-04, 3.51257710e-03],
       ...,
       [1.99260101e-04, 2.40229019e-04, 6.48839852e-04, ...,
        0.00000000e+00, 5.43240454e-03, 2.29747081e-02],
       [5.52620775e-05, 4.15232571e-05, 3.74686275e-04, ...,
        5.43240454e-03, 0.00000000e+00, 2.89862231e-02],
       [2.63001890e-03, 2.08013311e-03, 3.51257710e-03, ...,
        2.29747081e-02, 2.89862231e-02, 0.00000000e+00]], shape=(45, 45)), 'molecular-dipole': array([-1.12525132,  1.22685084, -1.05195334]), 'molecular-quadrupole': array([ -14.20420901,   57.46392231,   55.02092148, -153.76704338,
        134.40501226,  -40.81671247])}
------------------------------------------------------------
  cycle        total energy    energy error   density error
------------------------------------------------------------
      1     -163.5394580235  -1.6329443E+02   1.6173440E-03
      2     -163.5337448223   5.7132012E-03   4.6692723E-03
      3     -163.5316274629   2.1173593E-03   5.0485502E-03
      4     -163.5390588353  -7.4313723E-03   1.8504997E-03
      5     -163.5394269934  -3.6815810E-04   1.1442783E-03
      6     -163.5395023082  -7.5314828E-05   6.1650211E-04
      7     -163.5395226352  -2.0326996E-05   1.7429268E-04
      8     -163.5395244812  -1.8460205E-06   8.5564345E-05
      9     -163.5395250561  -5.7490806E-07   4.4929329E-05
     10     -163.5395251906  -1.3441365E-07   1.9856318E-05
------------------------------------------------------------

 total:                                  11.642 sec
3
{'bond-orders': array([[0.00000000e+00, 3.04138682e-01, 1.92513241e-02, ...,
        2.19936601e-04, 6.99210604e-05, 2.72520450e-03],
       [3.04138682e-01, 0.00000000e+00, 1.96979796e-02, ...,
        2.43345634e-04, 3.52210671e-05, 2.02247580e-03],
       [1.92513241e-02, 1.96979796e-02, 0.00000000e+00, ...,
        6.47412989e-04, 3.84097941e-04, 3.53265846e-03],
       ...,
       [2.19936601e-04, 2.43345634e-04, 6.47412989e-04, ...,
        0.00000000e+00, 5.47084101e-03, 2.28383314e-02],
       [6.99210604e-05, 3.52210671e-05, 3.84097941e-04, ...,
        5.47084101e-03, 0.00000000e+00, 2.81112624e-02],
       [2.72520450e-03, 2.02247580e-03, 3.53265846e-03, ...,
        2.28383314e-02, 2.81112624e-02, 0.00000000e+00]], shape=(45, 45))}
