/home/ans819/.conda/envs/autoflow/lib/python3.13/site-packages/e3nn/o3/_wigner.py:10: UserWarning: Environment variable TORCH_FORCE_NO_WEIGHTS_ONLY_LOAD detected, since the`weights_only` argument was not explicitly passed to `torch.load`, forcing weights_only=False.
  _Jd, _W3j_flat, _W3j_indices = torch.load(os.path.join(os.path.dirname(__file__), 'constants.pt'))

          ==================== Thresholds ====================
          CN  :   150.00000
          rep :   500.00000
          disp:  2500.00000
          HB1 :   250.00000
          HB2 :   450.00000

          Pauling EN used:
          Z : 1  EN :  2.20
          Z : 6  EN :  2.55
          Z : 8  EN :  3.44
          Z :47  EN :  1.93
          electric field strengths (au): 0.000

           ------------------------------------------------- 
          |           Force Field Initialization            |
           ------------------------------------------------- 

          distances ...
          ----------------------------------------
          generating topology and atomic info file ...
          pair mat ...
          computing topology distances matrix with Floyd-Warshall algo ...
          making topology EEQ charges ...
          #fragments for EEQ constrain: 1
          ----------------------------------------
          generating topology and atomic info file ...
          pair mat ...
          computing topology distances matrix with Floyd-Warshall algo ...
          making topology EEQ charges ...
          #fragments for EEQ constrain: 1
          rings ...
          # BATM   3161
          # H in HB   0

  atom   neighbors  erfCN metchar sp-hybrid imet pi  qest     coordinates
    1  Ag      2    1.35   0.37         2    2    0   0.001    3.199451    0.356229   25.454278
    2  Ag      5    3.15   0.31         0    2    0   0.016    6.689760    4.630967   25.454278
    3  Ag      9    4.27   0.07         0    2    0   0.007   15.415533    8.193249   27.047379
    4  Ag      7    3.92   0.19         0    2    0   0.011   11.925224    3.918511   27.047379
    5  Ag      7    3.92   0.19         0    2    0   0.013   20.650997    7.480793   28.640480
    6  Ag      6    3.59   0.27         0    2    0   0.015   17.160688    3.206054   28.640480
    7  Ag      9    4.27   0.07         0    2    0   0.007    8.434915    6.768336   30.233581
    8  Ag      6    3.59   0.23         0    2    0   0.017    4.944605    2.493598   30.233581
    9  Ag     12    4.39   0.01         0    2    0   0.005   13.670379    6.055880   31.826682
   10  Ag      7    3.92   0.19         0    2    0   0.016   10.180069    1.781141   31.826682
   11  Ag      9    4.27   0.07         0    2    0   0.015   18.905843    5.343423   33.419783
   12  Ag      6    3.59   0.27         0    2    0   0.028   15.415533    1.068685   33.419783
   13  Ag      8    4.14   0.11         0    2    0   0.017    6.689760    4.630967   35.012884
   14  Ag      3    2.00   0.37         2    2    0   0.011    3.199451    0.356229   35.012884
   15  Ag      8    4.14   0.12         0    2    0   0.024   11.925224    3.918511   36.605985
   16  Ag     10    4.34   0.04         0    2    0   0.013   15.415533    8.193249   36.605985
   17  Ag      6    3.37   0.34         0    2    0   0.095   17.160688    3.206054   38.199086
   18  Ag      7    3.76   0.24         0    2    0   0.092   20.650997    7.480793   38.199086
   19  Ag      3    2.00   0.37         2    2    0   0.010    4.944605    2.493598   39.792187
   20  Ag      5    3.15   0.32         0    2    0   0.021    8.434915    6.768336   39.792187
   21  Ag      6    3.59   0.26         0    2    0   0.012   10.180069    8.905705   25.454278
   22  Ag      5    3.15   0.34         0    2    0   0.013   13.670379   13.180444   25.454278
   23  Ag      4    2.61   0.38         3    2    0   0.015   22.396152   16.742726   27.047379
   24  Ag      8    4.14   0.12         0    2    0   0.009   18.905843   12.467987   27.047379
   25  Ag      3    2.00   0.39         2    2    0   0.009   27.631616   16.030269   28.640480
   26  Ag      7    3.92   0.19         0    2    0   0.018   24.141307   11.755531   28.640480
   27  Ag      6    3.59   0.27         0    2    0   0.011   15.415533   15.317813   30.233581
   28  Ag      9    4.27   0.07         0    2    0   0.006   11.925224   11.043075   30.233581
   29  Ag      9    4.27   0.07         0    2    0   0.012   20.650997   14.605357   31.826682
/home/ans819/.conda/envs/autoflow/lib/python3.13/site-packages/mace/calculators/mace.py:197: UserWarning: Environment variable TORCH_FORCE_NO_WEIGHTS_ONLY_LOAD detected, since the`weights_only` argument was not explicitly passed to `torch.load`, forcing weights_only=False.
  torch.load(f=model_path, map_location=device)
/home/ans819/.conda/envs/autoflow/lib/python3.13/site-packages/chgnet/model/model.py:898: UserWarning: Converting a tensor with requires_grad=True to a scalar may lead to unexpected behavior.
Consider using tensor.detach() first. (Triggered internally at /pytorch/torch/csrc/autograd/generated/python_variable_methods.cpp:836.)
  volumes = torch.tensor(volumes, dtype=TORCH_DTYPE, device=atomic_numbers.device)
cuequivariance or cuequivariance_torch is not available. Cuequivariance acceleration will be disabled.
------------------------------------------------------------
  cycle        total energy    energy error   density error
------------------------------------------------------------
      1     -163.2613746964  -1.6301865E+02   9.9725632E-01
      2     -160.8629319832   2.3984427E+00   6.2279326E-01
      3      700.2841310218   8.6114706E+02   2.0432709E+00
      4     -105.2406487929  -8.0552478E+02   9.7844390E-01
      5     -66.46422792160   3.8776421E+01   6.5240857E-01
      6     -159.6352520089  -9.3171024E+01   2.4929577E-01
      7     -147.0530378140   1.2582214E+01   2.4517982E-01
      8     -161.4135271299  -1.4360489E+01   1.0424518E-01
      9     -163.5201212982  -2.1065942E+00   5.1331904E-02
     10     -162.8635904478   6.5653085E-01   5.7592689E-02
     11     -163.4555349971  -5.9194455E-01   4.0861804E-02
     12     -163.5577297182  -1.0219472E-01   2.9577639E-02
     13     -163.5498306380   7.8990802E-03   2.6994709E-02
     14     -163.5426337936   7.1968445E-03   2.5726681E-02
     15     -163.5542513130  -1.1617519E-02   2.2231622E-02
     16     -163.5552884513  -1.0371383E-03   1.9306875E-02
     17     -163.5569059110  -1.6174598E-03   1.7467126E-02
     18     -163.5564440857   4.6182536E-04   1.7722880E-02
     19     -163.5571988765  -7.5479086E-04   1.6873740E-02
     20     -163.5577083548  -5.0947825E-04   1.4306874E-02
     21     -163.5588499491  -1.1415943E-03   1.1628498E-02
     22     -163.5587004911   1.4945797E-04   1.1820443E-02
     23     -163.5606808083  -1.9803173E-03   9.6780188E-03
     24     -163.5641555106  -3.4747023E-03   5.0821076E-03
     25     -163.5643967472  -2.4123654E-04   3.5330414E-03
     26     -163.5645961444  -1.9939725E-04   2.8484351E-03
     27     -163.5647185339  -1.2238946E-04   1.3127504E-03
     28     -163.5647392718  -2.0737936E-05   1.2582952E-03
     29     -163.5647432482  -3.9764250E-06   1.1913076E-03
     30     -163.5647471863  -3.9380180E-06   1.0899036E-03
     31     -163.5647585556  -1.1369333E-05   6.5112490E-04
     32     -163.5647649216  -6.3659999E-06   4.3318185E-04
     33     -163.5647682726  -3.3509562E-06   2.1758167E-04
     34     -163.5647686030  -3.3042241E-07   1.4023005E-04
     35     -163.5647688350  -2.3198137E-07   9.3443883E-05
     36     -163.5647691490  -3.1403604E-07   2.2927550E-05
     37     -163.5647691528  -3.8413077E-09   1.7226210E-05
------------------------------------------------------------

 total:                                  20.652 sec
3
{'bond-orders': array([[0.00000000e+00, 3.11831212e-01, 2.15064223e-02, ...,
        3.06516088e-05, 9.75804442e-05, 1.40685326e-03],
       [3.11831212e-01, 0.00000000e+00, 2.15618283e-02, ...,
        1.03154168e-04, 1.28588768e-04, 1.50203830e-03],
       [2.15064223e-02, 2.15618283e-02, 0.00000000e+00, ...,
        8.41171804e-05, 4.90709746e-05, 2.01346125e-03],
       ...,
       [3.06516088e-05, 1.03154168e-04, 8.41171804e-05, ...,
        0.00000000e+00, 3.70879733e-03, 2.17661121e-02],
       [9.75804442e-05, 1.28588768e-04, 4.90709746e-05, ...,
        3.70879733e-03, 0.00000000e+00, 1.69131049e-02],
       [1.40685326e-03, 1.50203830e-03, 2.01346125e-03, ...,
        2.17661121e-02, 1.69131049e-02, 0.00000000e+00]], shape=(45, 45))}
{'bond-orders': array([[0.00000000e+00, 3.11831212e-01, 2.15064223e-02, ...,
        3.06516088e-05, 9.75804442e-05, 1.40685326e-03],
       [3.11831212e-01, 0.00000000e+00, 2.15618283e-02, ...,
        1.03154168e-04, 1.28588768e-04, 1.50203830e-03],
       [2.15064223e-02, 2.15618283e-02, 0.00000000e+00, ...,
        8.41171804e-05, 4.90709746e-05, 2.01346125e-03],
       ...,
       [3.06516088e-05, 1.03154168e-04, 8.41171804e-05, ...,
        0.00000000e+00, 3.70879733e-03, 2.17661121e-02],
       [9.75804442e-05, 1.28588768e-04, 4.90709746e-05, ...,
        3.70879733e-03, 0.00000000e+00, 1.69131049e-02],
       [1.40685326e-03, 1.50203830e-03, 2.01346125e-03, ...,
        2.17661121e-02, 1.69131049e-02, 0.00000000e+00]], shape=(45, 45)), 'molecular-dipole': array([-1.95221819,  0.6428818 , -0.59272129])}
{'bond-orders': array([[0.00000000e+00, 3.11831212e-01, 2.15064223e-02, ...,
        3.06516088e-05, 9.75804442e-05, 1.40685326e-03],
       [3.11831212e-01, 0.00000000e+00, 2.15618283e-02, ...,
        1.03154168e-04, 1.28588768e-04, 1.50203830e-03],
       [2.15064223e-02, 2.15618283e-02, 0.00000000e+00, ...,
        8.41171804e-05, 4.90709746e-05, 2.01346125e-03],
       ...,
       [3.06516088e-05, 1.03154168e-04, 8.41171804e-05, ...,
        0.00000000e+00, 3.70879733e-03, 2.17661121e-02],
       [9.75804442e-05, 1.28588768e-04, 4.90709746e-05, ...,
        3.70879733e-03, 0.00000000e+00, 1.69131049e-02],
       [1.40685326e-03, 1.50203830e-03, 2.01346125e-03, ...,
        2.17661121e-02, 1.69131049e-02, 0.00000000e+00]], shape=(45, 45)), 'molecular-dipole': array([-1.95221819,  0.6428818 , -0.59272129]), 'molecular-quadrupole': array([ -58.36438521,    3.76728216,   31.60340543, -240.59163647,
         67.27147429,   26.76097978])}
------------------------------------------------------------
  cycle        total energy    energy error   density error
------------------------------------------------------------
      1     -163.5657870375  -1.6332233E+02   1.2275321E-03
      2     -163.5626826809   3.1043566E-03   3.3928734E-03
      3     -163.5575957886   5.0868923E-03   5.1425069E-03
      4     -163.5657819479  -8.1861593E-03   8.9025815E-04
      5     -163.5657869180  -4.9700210E-06   7.6089984E-04
      6     -163.5658301420  -4.3224040E-05   3.7497026E-04
      7     -163.5658381156  -7.9735625E-06   1.5132700E-04
      8     -163.5658384573  -3.4175932E-07   1.2161748E-04
      9     -163.5658391342  -6.7691434E-07   4.9826913E-05
     10     -163.5658391944  -6.0217076E-08   2.1403175E-05
     11     -163.5658392382  -4.3756529E-08   1.2208789E-05
------------------------------------------------------------

 total:                                  12.740 sec
3
{'bond-orders': array([[0.00000000e+00, 3.11859829e-01, 2.15140844e-02, ...,
        3.04852024e-05, 8.47105799e-05, 1.37125005e-03],
       [3.11859829e-01, 0.00000000e+00, 2.15790719e-02, ...,
        9.56874417e-05, 1.07541467e-04, 1.41828287e-03],
       [2.15140844e-02, 2.15790719e-02, 0.00000000e+00, ...,
        7.79472092e-05, 4.06772888e-05, 1.96228399e-03],
       ...,
       [3.04852024e-05, 9.56874417e-05, 7.79472092e-05, ...,
        0.00000000e+00, 3.67069193e-03, 2.14986997e-02],
       [8.47105799e-05, 1.07541467e-04, 4.06772888e-05, ...,
        3.67069193e-03, 0.00000000e+00, 1.63142853e-02],
       [1.37125005e-03, 1.41828287e-03, 1.96228399e-03, ...,
        2.14986997e-02, 1.63142853e-02, 0.00000000e+00]], shape=(45, 45))}
{'bond-orders': array([[0.00000000e+00, 3.11859829e-01, 2.15140844e-02, ...,
        3.04852024e-05, 8.47105799e-05, 1.37125005e-03],
       [3.11859829e-01, 0.00000000e+00, 2.15790719e-02, ...,
        9.56874417e-05, 1.07541467e-04, 1.41828287e-03],
       [2.15140844e-02, 2.15790719e-02, 0.00000000e+00, ...,
        7.79472092e-05, 4.06772888e-05, 1.96228399e-03],
       ...,
       [3.04852024e-05, 9.56874417e-05, 7.79472092e-05, ...,
        0.00000000e+00, 3.67069193e-03, 2.14986997e-02],
       [8.47105799e-05, 1.07541467e-04, 4.06772888e-05, ...,
        3.67069193e-03, 0.00000000e+00, 1.63142853e-02],
       [1.37125005e-03, 1.41828287e-03, 1.96228399e-03, ...,
        2.14986997e-02, 1.63142853e-02, 0.00000000e+00]], shape=(45, 45)), 'molecular-dipole': array([-1.95177456,  0.620203  , -0.54070758])}
{'bond-orders': array([[0.00000000e+00, 3.11859829e-01, 2.15140844e-02, ...,
        3.04852024e-05, 8.47105799e-05, 1.37125005e-03],
       [3.11859829e-01, 0.00000000e+00, 2.15790719e-02, ...,
        9.56874417e-05, 1.07541467e-04, 1.41828287e-03],
       [2.15140844e-02, 2.15790719e-02, 0.00000000e+00, ...,
        7.79472092e-05, 4.06772888e-05, 1.96228399e-03],
       ...,
       [3.04852024e-05, 9.56874417e-05, 7.79472092e-05, ...,
        0.00000000e+00, 3.67069193e-03, 2.14986997e-02],
       [8.47105799e-05, 1.07541467e-04, 4.06772888e-05, ...,
        3.67069193e-03, 0.00000000e+00, 1.63142853e-02],
       [1.37125005e-03, 1.41828287e-03, 1.96228399e-03, ...,
        2.14986997e-02, 1.63142853e-02, 0.00000000e+00]], shape=(45, 45)), 'molecular-dipole': array([-1.95177456,  0.620203  , -0.54070758]), 'molecular-quadrupole': array([ -60.33171494,    2.24718669,   29.18661857, -238.01741647,
         65.58056765,   31.14509637])}
------------------------------------------------------------
  cycle        total energy    energy error   density error
------------------------------------------------------------
      1     -163.5666502322  -1.6332226E+02   1.5578545E-03
      2     -163.5663119671   3.3826509E-04   2.6486215E-03
      3     -163.5660902678   2.2169929E-04   1.8131550E-03
      4     -163.5633250655   2.7652023E-03   3.2826802E-03
      5     -163.5666638086  -3.3387431E-03   8.0256865E-04
      6     -163.5667156658  -5.1857114E-05   3.9985988E-04
      7     -163.5667314650  -1.5799228E-05   2.1069849E-04
      8     -163.5667357358  -4.2707778E-06   1.0194671E-04
      9     -163.5667364314  -6.9559107E-07   4.2572838E-05
     10     -163.5667365531  -1.2172401E-07   1.9558730E-05
------------------------------------------------------------

 total:                                  12.684 sec
3
{'bond-orders': array([[0.00000000e+00, 3.11883778e-01, 2.15220212e-02, ...,
        3.05415289e-05, 7.61280426e-05, 1.32819632e-03],
       [3.11883778e-01, 0.00000000e+00, 2.16045640e-02, ...,
        8.93105741e-05, 9.39214550e-05, 1.32496509e-03],
       [2.15220212e-02, 2.16045640e-02, 0.00000000e+00, ...,
        7.23545587e-05, 3.50811047e-05, 1.89315900e-03],
       ...,
       [3.05415289e-05, 8.93105741e-05, 7.23545587e-05, ...,
        0.00000000e+00, 3.78042220e-03, 2.13785424e-02],
       [7.61280426e-05, 9.39214550e-05, 3.50811047e-05, ...,
        3.78042220e-03, 0.00000000e+00, 1.61532735e-02],
       [1.32819632e-03, 1.32496509e-03, 1.89315900e-03, ...,
        2.13785424e-02, 1.61532735e-02, 0.00000000e+00]], shape=(45, 45))}
{'bond-orders': array([[0.00000000e+00, 3.11883778e-01, 2.15220212e-02, ...,
        3.05415289e-05, 7.61280426e-05, 1.32819632e-03],
       [3.11883778e-01, 0.00000000e+00, 2.16045640e-02, ...,
        8.93105741e-05, 9.39214550e-05, 1.32496509e-03],
       [2.15220212e-02, 2.16045640e-02, 0.00000000e+00, ...,
        7.23545587e-05, 3.50811047e-05, 1.89315900e-03],
       ...,
       [3.05415289e-05, 8.93105741e-05, 7.23545587e-05, ...,
        0.00000000e+00, 3.78042220e-03, 2.13785424e-02],
       [7.61280426e-05, 9.39214550e-05, 3.50811047e-05, ...,
        3.78042220e-03, 0.00000000e+00, 1.61532735e-02],
       [1.32819632e-03, 1.32496509e-03, 1.89315900e-03, ...,
        2.13785424e-02, 1.61532735e-02, 0.00000000e+00]], shape=(45, 45)), 'molecular-dipole': array([-1.95620008,  0.59192011, -0.49361963])}
{'bond-orders': array([[0.00000000e+00, 3.11883778e-01, 2.15220212e-02, ...,
        3.05415289e-05, 7.61280426e-05, 1.32819632e-03],
       [3.11883778e-01, 0.00000000e+00, 2.16045640e-02, ...,
        8.93105741e-05, 9.39214550e-05, 1.32496509e-03],
       [2.15220212e-02, 2.16045640e-02, 0.00000000e+00, ...,
        7.23545587e-05, 3.50811047e-05, 1.89315900e-03],
       ...,
       [3.05415289e-05, 8.93105741e-05, 7.23545587e-05, ...,
        0.00000000e+00, 3.78042220e-03, 2.13785424e-02],
       [7.61280426e-05, 9.39214550e-05, 3.50811047e-05, ...,
        3.78042220e-03, 0.00000000e+00, 1.61532735e-02],
       [1.32819632e-03, 1.32496509e-03, 1.89315900e-03, ...,
        2.13785424e-02, 1.61532735e-02, 0.00000000e+00]], shape=(45, 45)), 'molecular-dipole': array([-1.95620008,  0.59192011, -0.49361963]), 'molecular-quadrupole': array([-6.22453135e+01,  1.79928928e-01,  2.68274328e+01, -2.35966317e+02,
        6.32389953e+01,  3.54178807e+01])}
------------------------------------------------------------
  cycle        total energy    energy error   density error
------------------------------------------------------------
      1     -163.5670838130  -1.6332243E+02   1.3167955E-03
      2     -163.5530931135   1.3990700E-02   6.7417579E-03
      3     -163.5634066772  -1.0313564E-02   3.7065533E-03
      4     -163.5671818190  -3.7751418E-03   7.3774567E-04
      5     -163.5671999929  -1.8173889E-05   5.3271298E-04
      6     -163.5672150470  -1.5054073E-05   3.1755479E-04
      7     -163.5672206962  -5.6492761E-06   2.0438671E-04
      8     -163.5672239880  -3.2917472E-06   8.9641392E-05
      9     -163.5672242338  -2.4584796E-07   3.4814759E-05
     10     -163.5672243452  -1.1133372E-07   1.9716790E-05
------------------------------------------------------------

 total:                                  12.666 sec
3
{'bond-orders': array([[0.00000000e+00, 3.11916528e-01, 2.15262779e-02, ...,
        3.09753338e-05, 7.43145632e-05, 1.30157814e-03],
       [3.11916528e-01, 0.00000000e+00, 2.16263767e-02, ...,
        8.72597502e-05, 9.07403503e-05, 1.27014360e-03],
       [2.15262779e-02, 2.16263767e-02, 0.00000000e+00, ...,
        7.03103562e-05, 3.36729800e-05, 1.84627237e-03],
       ...,
       [3.09753338e-05, 8.72597502e-05, 7.03103562e-05, ...,
        0.00000000e+00, 3.97586908e-03, 2.14273038e-02],
       [7.43145632e-05, 9.07403503e-05, 3.36729800e-05, ...,
        3.97586908e-03, 0.00000000e+00, 1.64313448e-02],
       [1.30157814e-03, 1.27014360e-03, 1.84627237e-03, ...,
        2.14273038e-02, 1.64313448e-02, 0.00000000e+00]], shape=(45, 45))}
{'bond-orders': array([[0.00000000e+00, 3.11916528e-01, 2.15262779e-02, ...,
        3.09753338e-05, 7.43145632e-05, 1.30157814e-03],
       [3.11916528e-01, 0.00000000e+00, 2.16263767e-02, ...,
        8.72597502e-05, 9.07403503e-05, 1.27014360e-03],
       [2.15262779e-02, 2.16263767e-02, 0.00000000e+00, ...,
        7.03103562e-05, 3.36729800e-05, 1.84627237e-03],
       ...,
       [3.09753338e-05, 8.72597502e-05, 7.03103562e-05, ...,
        0.00000000e+00, 3.97586908e-03, 2.14273038e-02],
       [7.43145632e-05, 9.07403503e-05, 3.36729800e-05, ...,
        3.97586908e-03, 0.00000000e+00, 1.64313448e-02],
       [1.30157814e-03, 1.27014360e-03, 1.84627237e-03, ...,
        2.14273038e-02, 1.64313448e-02, 0.00000000e+00]], shape=(45, 45)), 'molecular-dipole': array([-1.95378006,  0.57738908, -0.45679138])}
{'bond-orders': array([[0.00000000e+00, 3.11916528e-01, 2.15262779e-02, ...,
        3.09753338e-05, 7.43145632e-05, 1.30157814e-03],
       [3.11916528e-01, 0.00000000e+00, 2.16263767e-02, ...,
        8.72597502e-05, 9.07403503e-05, 1.27014360e-03],
       [2.15262779e-02, 2.16263767e-02, 0.00000000e+00, ...,
        7.03103562e-05, 3.36729800e-05, 1.84627237e-03],
       ...,
       [3.09753338e-05, 8.72597502e-05, 7.03103562e-05, ...,
        0.00000000e+00, 3.97586908e-03, 2.14273038e-02],
       [7.43145632e-05, 9.07403503e-05, 3.36729800e-05, ...,
        3.97586908e-03, 0.00000000e+00, 1.64313448e-02],
       [1.30157814e-03, 1.27014360e-03, 1.84627237e-03, ...,
        2.14273038e-02, 1.64313448e-02, 0.00000000e+00]], shape=(45, 45)), 'molecular-dipole': array([-1.95378006,  0.57738908, -0.45679138]), 'molecular-quadrupole': array([ -63.54411217,   -0.91513356,   25.04641449, -233.74026523,
         62.30410429,   38.49769768])}
------------------------------------------------------------
  cycle        total energy    energy error   density error
------------------------------------------------------------
      1     -163.5674168050  -1.6332348E+02   8.9385286E-04
      2     -163.5539072480   1.3509557E-02   6.5173631E-03
      3     -163.5672559151  -1.3348667E-02   1.1981301E-03
      4     -163.5675029246  -2.4700950E-04   4.4560399E-04
      5     -163.5675143615  -1.1436808E-05   2.8853014E-04
      6     -163.5675126027   1.7587700E-06   2.9355278E-04
      7     -163.5675154189  -2.8161908E-06   2.1260536E-04
      8     -163.5675182245  -2.8056375E-06   7.0139354E-05
      9     -163.5675183336  -1.0913558E-07   2.8838476E-05
     10     -163.5675184308  -9.7186529E-08   1.7853990E-05
------------------------------------------------------------

 total:                                  12.774 sec
3
{'bond-orders': array([[0.00000000e+00, 3.11938363e-01, 2.15296315e-02, ...,
        3.15688089e-05, 7.56334177e-05, 1.29089345e-03],
       [3.11938363e-01, 0.00000000e+00, 2.16383524e-02, ...,
        8.78222973e-05, 9.18916121e-05, 1.24756870e-03],
       [2.15296315e-02, 2.16383524e-02, 0.00000000e+00, ...,
        7.03690176e-05, 3.41114552e-05, 1.82454738e-03],
       ...,
       [3.15688089e-05, 8.78222973e-05, 7.03690176e-05, ...,
        0.00000000e+00, 4.14176938e-03, 2.14706663e-02],
       [7.56334177e-05, 9.18916121e-05, 3.41114552e-05, ...,
        4.14176938e-03, 0.00000000e+00, 1.67690060e-02],
       [1.29089345e-03, 1.24756870e-03, 1.82454738e-03, ...,
        2.14706663e-02, 1.67690060e-02, 0.00000000e+00]], shape=(45, 45))}
{'bond-orders': array([[0.00000000e+00, 3.11938363e-01, 2.15296315e-02, ...,
        3.15688089e-05, 7.56334177e-05, 1.29089345e-03],
       [3.11938363e-01, 0.00000000e+00, 2.16383524e-02, ...,
        8.78222973e-05, 9.18916121e-05, 1.24756870e-03],
       [2.15296315e-02, 2.16383524e-02, 0.00000000e+00, ...,
        7.03690176e-05, 3.41114552e-05, 1.82454738e-03],
       ...,
       [3.15688089e-05, 8.78222973e-05, 7.03690176e-05, ...,
        0.00000000e+00, 4.14176938e-03, 2.14706663e-02],
       [7.56334177e-05, 9.18916121e-05, 3.41114552e-05, ...,
        4.14176938e-03, 0.00000000e+00, 1.67690060e-02],
       [1.29089345e-03, 1.24756870e-03, 1.82454738e-03, ...,
        2.14706663e-02, 1.67690060e-02, 0.00000000e+00]], shape=(45, 45)), 'molecular-dipole': array([-1.95031371,  0.57120425, -0.43313001])}
{'bond-orders': array([[0.00000000e+00, 3.11938363e-01, 2.15296315e-02, ...,
        3.15688089e-05, 7.56334177e-05, 1.29089345e-03],
       [3.11938363e-01, 0.00000000e+00, 2.16383524e-02, ...,
        8.78222973e-05, 9.18916121e-05, 1.24756870e-03],
       [2.15296315e-02, 2.16383524e-02, 0.00000000e+00, ...,
        7.03690176e-05, 3.41114552e-05, 1.82454738e-03],
       ...,
       [3.15688089e-05, 8.78222973e-05, 7.03690176e-05, ...,
        0.00000000e+00, 4.14176938e-03, 2.14706663e-02],
       [7.56334177e-05, 9.18916121e-05, 3.41114552e-05, ...,
        4.14176938e-03, 0.00000000e+00, 1.67690060e-02],
       [1.29089345e-03, 1.24756870e-03, 1.82454738e-03, ...,
        2.14706663e-02, 1.67690060e-02, 0.00000000e+00]], shape=(45, 45)), 'molecular-dipole': array([-1.95031371,  0.57120425, -0.43313001]), 'molecular-quadrupole': array([ -64.30298614,   -1.41253815,   23.94955727, -232.07131717,
         62.10931965,   40.35342887])}
------------------------------------------------------------
  cycle        total energy    energy error   density error
------------------------------------------------------------
      1     -163.5677915061  -1.6332541E+02   7.8648658E-04
      2     -163.5618481202   5.9433859E-03   4.3540232E-03
      3     -163.5674468392  -5.5987189E-03   1.3357261E-03
      4     -163.5678104839  -3.6364473E-04   4.9880863E-04
      5     -163.5678389133  -2.8429378E-05   3.3499989E-04
      6     -163.5678357971   3.1161568E-06   3.7300858E-04
      7     -163.5678428339  -7.0367122E-06   1.9960107E-04
      8     -163.5678453178  -2.4839355E-06   6.4613926E-05
      9     -163.5678454790  -1.6121425E-07   2.1814000E-05
     10     -163.5678454934  -1.4391162E-08   1.5760523E-05
------------------------------------------------------------

 total:                                  13.010 sec
3
{'bond-orders': array([[0.00000000e+00, 3.11960483e-01, 2.15368516e-02, ...,
        3.23867217e-05, 7.78797877e-05, 1.28378926e-03],
       [3.11960483e-01, 0.00000000e+00, 2.16475481e-02, ...,
        8.94366564e-05, 9.42872148e-05, 1.23516049e-03],
       [2.15368516e-02, 2.16475481e-02, 0.00000000e+00, ...,
        7.09496561e-05, 3.50168381e-05, 1.80904052e-03],
       ...,
       [3.23867217e-05, 8.94366564e-05, 7.09496561e-05, ...,
        0.00000000e+00, 4.29432449e-03, 2.14574237e-02],
       [7.78797877e-05, 9.42872148e-05, 3.50168381e-05, ...,
        4.29432449e-03, 0.00000000e+00, 1.70653224e-02],
       [1.28378926e-03, 1.23516049e-03, 1.80904052e-03, ...,
        2.14574237e-02, 1.70653224e-02, 0.00000000e+00]], shape=(45, 45))}
{'bond-orders': array([[0.00000000e+00, 3.11960483e-01, 2.15368516e-02, ...,
        3.23867217e-05, 7.78797877e-05, 1.28378926e-03],
       [3.11960483e-01, 0.00000000e+00, 2.16475481e-02, ...,
        8.94366564e-05, 9.42872148e-05, 1.23516049e-03],
       [2.15368516e-02, 2.16475481e-02, 0.00000000e+00, ...,
        7.09496561e-05, 3.50168381e-05, 1.80904052e-03],
       ...,
       [3.23867217e-05, 8.94366564e-05, 7.09496561e-05, ...,
        0.00000000e+00, 4.29432449e-03, 2.14574237e-02],
       [7.78797877e-05, 9.42872148e-05, 3.50168381e-05, ...,
        4.29432449e-03, 0.00000000e+00, 1.70653224e-02],
       [1.28378926e-03, 1.23516049e-03, 1.80904052e-03, ...,
        2.14574237e-02, 1.70653224e-02, 0.00000000e+00]], shape=(45, 45)), 'molecular-dipole': array([-1.941176  ,  0.56602803, -0.40685229])}
{'bond-orders': array([[0.00000000e+00, 3.11960483e-01, 2.15368516e-02, ...,
        3.23867217e-05, 7.78797877e-05, 1.28378926e-03],
       [3.11960483e-01, 0.00000000e+00, 2.16475481e-02, ...,
        8.94366564e-05, 9.42872148e-05, 1.23516049e-03],
       [2.15368516e-02, 2.16475481e-02, 0.00000000e+00, ...,
        7.09496561e-05, 3.50168381e-05, 1.80904052e-03],
       ...,
       [3.23867217e-05, 8.94366564e-05, 7.09496561e-05, ...,
        0.00000000e+00, 4.29432449e-03, 2.14574237e-02],
       [7.78797877e-05, 9.42872148e-05, 3.50168381e-05, ...,
        4.29432449e-03, 0.00000000e+00, 1.70653224e-02],
       [1.28378926e-03, 1.23516049e-03, 1.80904052e-03, ...,
        2.14574237e-02, 1.70653224e-02, 0.00000000e+00]], shape=(45, 45)), 'molecular-dipole': array([-1.941176  ,  0.56602803, -0.40685229]), 'molecular-quadrupole': array([ -64.99119975,   -1.73350734,   22.69641336, -229.6055168 ,
         62.06036086,   42.29478639])}
------------------------------------------------------------
  cycle        total energy    energy error   density error
------------------------------------------------------------
      1     -163.5682709487  -1.6332803E+02   9.5391648E-04
      2     -163.5667279050   1.5430437E-03   2.4941044E-03
      3     -163.5633408508   3.3870542E-03   4.0196146E-03
      4     -163.5681176760  -4.7768252E-03   9.4264954E-04
      5     -163.5682880619  -1.7038590E-04   5.0887516E-04
      6     -163.5682998429  -1.1780985E-05   3.9530008E-04
      7     -163.5683142179  -1.4375002E-05   1.9208597E-04
      8     -163.5683163602  -2.1423162E-06   6.4180566E-05
      9     -163.5683165396  -1.7939206E-07   2.4831978E-05
     10     -163.5683166130  -7.3414242E-08   1.4861225E-05
------------------------------------------------------------

 total:                                  13.200 sec
3
{'bond-orders': array([[0.00000000e+00, 3.11997531e-01, 2.15521091e-02, ...,
        3.34734535e-05, 7.96457708e-05, 1.27205839e-03],
       [3.11997531e-01, 0.00000000e+00, 2.16591105e-02, ...,
        9.12959253e-05, 9.65317433e-05, 1.22417302e-03],
       [2.15521091e-02, 2.16591105e-02, 0.00000000e+00, ...,
        7.09445853e-05, 3.56068781e-05, 1.78820301e-03],
       ...,
       [3.34734535e-05, 9.12959253e-05, 7.09445853e-05, ...,
        0.00000000e+00, 4.41958763e-03, 2.13513965e-02],
       [7.96457708e-05, 9.65317433e-05, 3.56068781e-05, ...,
        4.41958763e-03, 0.00000000e+00, 1.72112766e-02],
       [1.27205839e-03, 1.22417302e-03, 1.78820301e-03, ...,
        2.13513965e-02, 1.72112766e-02, 0.00000000e+00]], shape=(45, 45))}
{'bond-orders': array([[0.00000000e+00, 3.11997531e-01, 2.15521091e-02, ...,
        3.34734535e-05, 7.96457708e-05, 1.27205839e-03],
       [3.11997531e-01, 0.00000000e+00, 2.16591105e-02, ...,
        9.12959253e-05, 9.65317433e-05, 1.22417302e-03],
       [2.15521091e-02, 2.16591105e-02, 0.00000000e+00, ...,
        7.09445853e-05, 3.56068781e-05, 1.78820301e-03],
       ...,
       [3.34734535e-05, 9.12959253e-05, 7.09445853e-05, ...,
        0.00000000e+00, 4.41958763e-03, 2.13513965e-02],
       [7.96457708e-05, 9.65317433e-05, 3.56068781e-05, ...,
        4.41958763e-03, 0.00000000e+00, 1.72112766e-02],
       [1.27205839e-03, 1.22417302e-03, 1.78820301e-03, ...,
        2.13513965e-02, 1.72112766e-02, 0.00000000e+00]], shape=(45, 45)), 'molecular-dipole': array([-1.91948227,  0.55995561, -0.36407254])}
{'bond-orders': array([[0.00000000e+00, 3.11997531e-01, 2.15521091e-02, ...,
        3.34734535e-05, 7.96457708e-05, 1.27205839e-03],
       [3.11997531e-01, 0.00000000e+00, 2.16591105e-02, ...,
        9.12959253e-05, 9.65317433e-05, 1.22417302e-03],
       [2.15521091e-02, 2.16591105e-02, 0.00000000e+00, ...,
        7.09445853e-05, 3.56068781e-05, 1.78820301e-03],
       ...,
       [3.34734535e-05, 9.12959253e-05, 7.09445853e-05, ...,
        0.00000000e+00, 4.41958763e-03, 2.13513965e-02],
       [7.96457708e-05, 9.65317433e-05, 3.56068781e-05, ...,
        4.41958763e-03, 0.00000000e+00, 1.72112766e-02],
       [1.27205839e-03, 1.22417302e-03, 1.78820301e-03, ...,
        2.13513965e-02, 1.72112766e-02, 0.00000000e+00]], shape=(45, 45)), 'molecular-dipole': array([-1.91948227,  0.55995561, -0.36407254]), 'molecular-quadrupole': array([ -65.93742958,   -1.96827234,   20.58849355, -224.83896923,
         62.15617807,   45.34893604])}
------------------------------------------------------------
  cycle        total energy    energy error   density error
------------------------------------------------------------
      1     -163.5689604639  -1.6333112E+02   1.8019956E-03
      2     -163.5684398855   5.2057839E-04   3.1305785E-03
      3     -163.5667058807   1.7340048E-03   2.9828170E-03
      4     -163.5657015430   1.0043377E-03   3.3375187E-03
      5     -163.5690703224  -3.3687794E-03   6.9241946E-04
      6     -163.5690473864   2.2935971E-05   6.3155785E-04
      7     -163.5691052891  -5.7902677E-05   2.7794268E-04
      8     -163.5691080524  -2.7633047E-06   1.6612137E-04
      9     -163.5691094557  -1.4032894E-06   6.0019361E-05
     10     -163.5691096303  -1.7463961E-07   4.1527372E-05
     11     -163.5691099253  -2.9498938E-07   1.7868735E-05
------------------------------------------------------------

 total:                                  13.637 sec
3
{'bond-orders': array([[0.00000000e+00, 3.12054521e-01, 2.15907788e-02, ...,
        3.49732554e-05, 7.91394112e-05, 1.24352039e-03],
       [3.12054521e-01, 0.00000000e+00, 2.16722726e-02, ...,
        9.25280050e-05, 9.72512502e-05, 1.20564490e-03],
       [2.15907788e-02, 2.16722726e-02, 0.00000000e+00, ...,
        6.86990308e-05, 3.49141717e-05, 1.74521637e-03],
       ...,
       [3.49732554e-05, 9.25280050e-05, 6.86990308e-05, ...,
        0.00000000e+00, 4.48290798e-03, 2.10574707e-02],
       [7.91394112e-05, 9.72512502e-05, 3.49141717e-05, ...,
        4.48290798e-03, 0.00000000e+00, 1.70446851e-02],
       [1.24352039e-03, 1.20564490e-03, 1.74521637e-03, ...,
        2.10574707e-02, 1.70446851e-02, 0.00000000e+00]], shape=(45, 45))}
{'bond-orders': array([[0.00000000e+00, 3.12054521e-01, 2.15907788e-02, ...,
        3.49732554e-05, 7.91394112e-05, 1.24352039e-03],
       [3.12054521e-01, 0.00000000e+00, 2.16722726e-02, ...,
        9.25280050e-05, 9.72512502e-05, 1.20564490e-03],
       [2.15907788e-02, 2.16722726e-02, 0.00000000e+00, ...,
        6.86990308e-05, 3.49141717e-05, 1.74521637e-03],
       ...,
       [3.49732554e-05, 9.25280050e-05, 6.86990308e-05, ...,
        0.00000000e+00, 4.48290798e-03, 2.10574707e-02],
       [7.91394112e-05, 9.72512502e-05, 3.49141717e-05, ...,
        4.48290798e-03, 0.00000000e+00, 1.70446851e-02],
       [1.24352039e-03, 1.20564490e-03, 1.74521637e-03, ...,
        2.10574707e-02, 1.70446851e-02, 0.00000000e+00]], shape=(45, 45)), 'molecular-dipole': array([-1.87933277,  0.54040866, -0.28345546])}
{'bond-orders': array([[0.00000000e+00, 3.12054521e-01, 2.15907788e-02, ...,
        3.49732554e-05, 7.91394112e-05, 1.24352039e-03],
       [3.12054521e-01, 0.00000000e+00, 2.16722726e-02, ...,
        9.25280050e-05, 9.72512502e-05, 1.20564490e-03],
       [2.15907788e-02, 2.16722726e-02, 0.00000000e+00, ...,
        6.86990308e-05, 3.49141717e-05, 1.74521637e-03],
       ...,
       [3.49732554e-05, 9.25280050e-05, 6.86990308e-05, ...,
        0.00000000e+00, 4.48290798e-03, 2.10574707e-02],
       [7.91394112e-05, 9.72512502e-05, 3.49141717e-05, ...,
        4.48290798e-03, 0.00000000e+00, 1.70446851e-02],
       [1.24352039e-03, 1.20564490e-03, 1.74521637e-03, ...,
        2.10574707e-02, 1.70446851e-02, 0.00000000e+00]], shape=(45, 45)), 'molecular-dipole': array([-1.87933277,  0.54040866, -0.28345546]), 'molecular-quadrupole': array([ -67.73937447,   -2.8444199 ,   16.48240963, -215.84686946,
         61.3667623 ,   51.25696484])}
------------------------------------------------------------
  cycle        total energy    energy error   density error
------------------------------------------------------------
      1     -163.5697299345  -1.6333256E+02   2.7744500E-03
      2     -163.5681487418   1.5811927E-03   4.9171378E-03
      3     -163.5604951008   7.6536410E-03   5.7544076E-03
      4     -163.5631723385  -2.6772377E-03   4.8019757E-03
      5     -163.5699712377  -6.7988991E-03   1.0922777E-03
      6     -163.5699825804  -1.1342755E-05   8.2967577E-04
      7     -163.5700641504  -8.1569958E-05   3.4164250E-04
      8     -163.5700662272  -2.0768230E-06   2.1989440E-04
      9     -163.5700686803  -2.4531144E-06   8.1855244E-05
     10     -163.5700689074  -2.2711734E-07   5.6635344E-05
     11     -163.5700693566  -4.4914427E-07   2.6323752E-05
     12     -163.5700694634  -1.0686105E-07   7.6251539E-06
------------------------------------------------------------

 total:                                  13.933 sec
3
{'bond-orders': array([[0.00000000e+00, 3.12130594e-01, 2.16524360e-02, ...,
        3.64111656e-05, 7.44558407e-05, 1.19645487e-03],
       [3.12130594e-01, 0.00000000e+00, 2.16897905e-02, ...,
        9.13871468e-05, 9.42546962e-05, 1.17952890e-03],
       [2.16524360e-02, 2.16897905e-02, 0.00000000e+00, ...,
        6.28472405e-05, 3.21586828e-05, 1.67985923e-03],
       ...,
       [3.64111656e-05, 9.13871468e-05, 6.28472405e-05, ...,
        0.00000000e+00, 4.37021438e-03, 2.05351287e-02],
       [7.44558407e-05, 9.42546962e-05, 3.21586828e-05, ...,
        4.37021438e-03, 0.00000000e+00, 1.63787274e-02],
       [1.19645487e-03, 1.17952890e-03, 1.67985923e-03, ...,
        2.05351287e-02, 1.63787274e-02, 0.00000000e+00]], shape=(45, 45))}
{'bond-orders': array([[0.00000000e+00, 3.12130594e-01, 2.16524360e-02, ...,
        3.64111656e-05, 7.44558407e-05, 1.19645487e-03],
       [3.12130594e-01, 0.00000000e+00, 2.16897905e-02, ...,
        9.13871468e-05, 9.42546962e-05, 1.17952890e-03],
       [2.16524360e-02, 2.16897905e-02, 0.00000000e+00, ...,
        6.28472405e-05, 3.21586828e-05, 1.67985923e-03],
       ...,
       [3.64111656e-05, 9.13871468e-05, 6.28472405e-05, ...,
        0.00000000e+00, 4.37021438e-03, 2.05351287e-02],
       [7.44558407e-05, 9.42546962e-05, 3.21586828e-05, ...,
        4.37021438e-03, 0.00000000e+00, 1.63787274e-02],
       [1.19645487e-03, 1.17952890e-03, 1.67985923e-03, ...,
        2.05351287e-02, 1.63787274e-02, 0.00000000e+00]], shape=(45, 45)), 'molecular-dipole': array([-1.82362291,  0.50461127, -0.16890276])}
{'bond-orders': array([[0.00000000e+00, 3.12130594e-01, 2.16524360e-02, ...,
        3.64111656e-05, 7.44558407e-05, 1.19645487e-03],
       [3.12130594e-01, 0.00000000e+00, 2.16897905e-02, ...,
        9.13871468e-05, 9.42546962e-05, 1.17952890e-03],
       [2.16524360e-02, 2.16897905e-02, 0.00000000e+00, ...,
        6.28472405e-05, 3.21586828e-05, 1.67985923e-03],
       ...,
       [3.64111656e-05, 9.13871468e-05, 6.28472405e-05, ...,
        0.00000000e+00, 4.37021438e-03, 2.05351287e-02],
       [7.44558407e-05, 9.42546962e-05, 3.21586828e-05, ...,
        4.37021438e-03, 0.00000000e+00, 1.63787274e-02],
       [1.19645487e-03, 1.17952890e-03, 1.67985923e-03, ...,
        2.05351287e-02, 1.63787274e-02, 0.00000000e+00]], shape=(45, 45)), 'molecular-dipole': array([-1.82362291,  0.50461127, -0.16890276]), 'molecular-quadrupole': array([ -70.31176165,   -4.54564407,   10.48986853, -203.01805001,
         59.34612825,   59.82189312])}
------------------------------------------------------------
  cycle        total energy    energy error   density error
------------------------------------------------------------
      1     -163.5704093233  -1.6333113E+02   2.1775525E-03
      2     -163.5664726429   3.9366805E-03   4.7500944E-03
      3     -163.5451074450   2.1365198E-02   9.0335741E-03
      4     -163.5692308573  -2.4123412E-02   2.4057218E-03
      5     -163.5705271653  -1.2963080E-03   1.0436758E-03
      6     -163.5705738614  -4.6696129E-05   7.1000107E-04
      7     -163.5706012284  -2.7367021E-05   3.2475905E-04
      8     -163.5706038163  -2.5878479E-06   1.8941633E-04
      9     -163.5706071972  -3.3809135E-06   6.9668301E-05
     10     -163.5706073856  -1.8837366E-07   4.6445609E-05
     11     -163.5706076507  -2.6510796E-07   2.1443537E-05
     12     -163.5706077128  -6.2171637E-08   7.0944940E-06
------------------------------------------------------------

 total:                                  13.896 sec
3
{'bond-orders': array([[0.00000000e+00, 3.12191066e-01, 2.17009851e-02, ...,
        3.67492425e-05, 6.88735863e-05, 1.15794309e-03],
       [3.12191066e-01, 0.00000000e+00, 2.16996270e-02, ...,
        8.83892447e-05, 8.97744828e-05, 1.16207515e-03],
       [2.17009851e-02, 2.16996270e-02, 0.00000000e+00, ...,
        5.71399759e-05, 2.93223630e-05, 1.63139151e-03],
       ...,
       [3.67492425e-05, 8.83892447e-05, 5.71399759e-05, ...,
        0.00000000e+00, 4.13621825e-03, 2.01403497e-02],
       [6.88735863e-05, 8.97744828e-05, 2.93223630e-05, ...,
        4.13621825e-03, 0.00000000e+00, 1.56801552e-02],
       [1.15794309e-03, 1.16207515e-03, 1.63139151e-03, ...,
        2.01403497e-02, 1.56801552e-02, 0.00000000e+00]], shape=(45, 45))}
{'bond-orders': array([[0.00000000e+00, 3.12191066e-01, 2.17009851e-02, ...,
        3.67492425e-05, 6.88735863e-05, 1.15794309e-03],
       [3.12191066e-01, 0.00000000e+00, 2.16996270e-02, ...,
