/home/ans819/.conda/envs/autoflow/lib/python3.13/site-packages/e3nn/o3/_wigner.py:10: UserWarning: Environment variable TORCH_FORCE_NO_WEIGHTS_ONLY_LOAD detected, since the`weights_only` argument was not explicitly passed to `torch.load`, forcing weights_only=False.
  _Jd, _W3j_flat, _W3j_indices = torch.load(os.path.join(os.path.dirname(__file__), 'constants.pt'))

          ==================== Thresholds ====================
          CN  :   150.00000
          rep :   500.00000
          disp:  2500.00000
          HB1 :   250.00000
          HB2 :   450.00000

          Pauling EN used:
          Z : 1  EN :  2.20
          Z : 6  EN :  2.55
          Z : 8  EN :  3.44
          Z :47  EN :  1.93
          electric field strengths (au): 0.000

           ------------------------------------------------- 
          |           Force Field Initialization            |
           ------------------------------------------------- 

          distances ...
          ----------------------------------------
          generating topology and atomic info file ...
          pair mat ...
          computing topology distances matrix with Floyd-Warshall algo ...
          making topology EEQ charges ...
          #fragments for EEQ constrain: 1
          ----------------------------------------
          generating topology and atomic info file ...
          pair mat ...
          computing topology distances matrix with Floyd-Warshall algo ...
          making topology EEQ charges ...
          #fragments for EEQ constrain: 1
          rings ...
          # BATM   3717
          # H in HB   0

  atom   neighbors  erfCN metchar sp-hybrid imet pi  qest     coordinates
    1  Ag      2    1.35   0.37         2    2    0  -0.003    3.199451    0.356229   27.200468
    2  Ag      5    3.15   0.31         0    2    0   0.015    6.689760    4.630967   27.200468
    3  Ag      9    4.27   0.07         0    2    0   0.009   15.415533    8.193249   28.793569
    4  Ag      7    3.92   0.19         0    2    0   0.013   11.925224    3.918511   28.793569
    5  Ag      7    3.92   0.19         0    2    0   0.013   20.650997    7.480793   30.386670
    6  Ag      6    3.59   0.27         0    2    0   0.012   17.160688    3.206054   30.386670
    7  Ag      9    4.27   0.07         0    2    0   0.008    8.434915    6.768336   31.979771
    8  Ag      6    3.59   0.23         0    2    0   0.016    4.944605    2.493598   31.979771
    9  Ag     12    4.39   0.01         0    2    0   0.011   13.670379    6.055880   33.572872
   10  Ag      7    3.92   0.19         0    2    0   0.023   10.180069    1.781141   33.572872
   11  Ag      9    4.27   0.07         0    2    0   0.021   18.905843    5.343423   35.165973
   12  Ag      6    3.59   0.27         0    2    0   0.023   15.415533    1.068685   35.165973
   13  Ag      8    4.14   0.11         0    2    0   0.019    6.689760    4.630967   36.759074
   14  Ag      3    2.00   0.37         2    2    0   0.010    3.199451    0.356229   36.759074
   15  Ag      9    4.21   0.10         0    2    0   0.085   11.925224    3.918511   38.352175
   16  Ag     13    4.40   0.00         0    2    0   0.108   15.415533    8.193249   38.352175
   17  Ag      5    3.22   0.36         0    2    0   0.021   17.160688    3.206054   39.945276
   18  Ag      6    3.59   0.26         0    2    0   0.026   20.650997    7.480793   39.945276
   19  Ag      3    2.00   0.37         2    2    0   0.013    4.944605    2.493598   41.538377
   20  Ag      5    3.23   0.35         0    2    0   0.032    8.434915    6.768336   41.538377
   21  Ag      6    3.59   0.26         0    2    0   0.010   10.180069    8.905705   27.200468
   22  Ag      5    3.15   0.34         0    2    0   0.011   13.670379   13.180444   27.200468
   23  Ag      4    2.61   0.38         3    2    0   0.013   22.396152   16.742726   28.793569
   24  Ag      8    4.14   0.12         0    2    0   0.014   18.905843   12.467987   28.793569
   25  Ag      3    2.00   0.39         2    2    0   0.004   27.631616   16.030269   30.386670
   26  Ag      7    3.92   0.19         0    2    0   0.010   24.141307   11.755531   30.386670
   27  Ag      6    3.59   0.27         0    2    0   0.014   15.415533   15.317813   31.979771
   28  Ag      9    4.27   0.07         0    2    0   0.006   11.925224   11.043075   31.979771
   29  Ag      9    4.27   0.07         0    2    0   0.011   20.650997   14.605357   33.572872
/home/ans819/.conda/envs/autoflow/lib/python3.13/site-packages/mace/calculators/mace.py:197: UserWarning: Environment variable TORCH_FORCE_NO_WEIGHTS_ONLY_LOAD detected, since the`weights_only` argument was not explicitly passed to `torch.load`, forcing weights_only=False.
  torch.load(f=model_path, map_location=device)
/home/ans819/.conda/envs/autoflow/lib/python3.13/site-packages/chgnet/model/model.py:898: UserWarning: Converting a tensor with requires_grad=True to a scalar may lead to unexpected behavior.
Consider using tensor.detach() first. (Triggered internally at /pytorch/torch/csrc/autograd/generated/python_variable_methods.cpp:836.)
  volumes = torch.tensor(volumes, dtype=TORCH_DTYPE, device=atomic_numbers.device)
cuequivariance or cuequivariance_torch is not available. Cuequivariance acceleration will be disabled.
------------------------------------------------------------
  cycle        total energy    energy error   density error
------------------------------------------------------------
      1     -162.9292176330  -1.6274744E+02   1.0025030E+00
      2     -161.7973842215   1.1318334E+00   6.1896465E-01
      3      186.6715497115   3.4846893E+02   1.7985384E+00
      4     -132.6079777935  -3.1927953E+02   6.6027433E-01
      5     -93.25631866829   3.9351659E+01   6.1295651E-01
      6     -159.7560104178  -6.6499692E+01   1.5928901E-01
      7     -136.6830417220   2.3072969E+01   3.2284262E-01
      8     -160.7012788047  -2.4018237E+01   1.0850512E-01
      9     -163.0829275172  -2.3816487E+00   6.4414420E-02
     10     -162.8645175749   2.1840994E-01   6.1240617E-02
     11     -163.1530297226  -2.8851215E-01   5.1633063E-02
     12     -163.2770231510  -1.2399343E-01   4.0639181E-02
     13     -163.2984351986  -2.1412048E-02   3.3412949E-02
     14     -163.2923446556   6.0905431E-03   3.0571668E-02
     15     -163.2900302403   2.3144152E-03   2.9408117E-02
     16     -163.2931828570  -3.1526166E-03   2.7301232E-02
     17     -163.2944212679  -1.2384109E-03   2.3976546E-02
     18     -163.3011709529  -6.7496850E-03   2.1280838E-02
     19     -163.3032916184  -2.1206655E-03   1.9852639E-02
     20     -163.3042886723  -9.9705391E-04   1.8434661E-02
     21     -163.3081548700  -3.8661977E-03   1.3760594E-02
     22     -163.3087336924  -5.7882235E-04   1.1381945E-02
     23     -163.3104384049  -1.7047125E-03   9.2444616E-03
     24     -163.3122340609  -1.7956560E-03   4.5392518E-03
     25     -163.3122590364  -2.4975522E-05   3.2356947E-03
     26     -163.3122868491  -2.7812743E-05   2.9145371E-03
     27     -163.3124424118  -1.5556265E-04   1.8497713E-03
     28     -163.3125375673  -9.5155528E-05   1.1449544E-03
     29     -163.3125360052   1.5621449E-06   1.0579272E-03
     30     -163.3125536994  -1.7694205E-05   8.8453112E-04
     31     -163.3125775464  -2.3847030E-05   5.1723229E-04
     32     -163.3125826701  -5.1236779E-06   3.1152490E-04
     33     -163.3125867647  -4.0946499E-06   1.9665756E-04
     34     -163.3125890556  -2.2908434E-06   6.5263262E-05
     35     -163.3125890562  -5.8216187E-10   3.0652605E-05
     36     -163.3125891386  -8.2457888E-08   1.3110148E-05
------------------------------------------------------------

 total:                                  20.793 sec
3
{'bond-orders': array([[ 0.00000000e+00,  3.11683645e-01,  2.11702570e-02, ...,
         2.57369768e-04,  3.46162511e-05,  1.24992566e-03],
       [ 3.11683645e-01,  0.00000000e+00,  2.33272876e-02, ...,
         7.91827517e-04,  2.17524146e-04,  1.34509287e-03],
       [ 2.11702570e-02,  2.33272876e-02,  0.00000000e+00, ...,
         4.76998189e-04, -7.25024985e-06,  2.88908858e-03],
       ...,
       [ 2.57369768e-04,  7.91827517e-04,  4.76998189e-04, ...,
         0.00000000e+00,  7.59656583e-03,  2.52841513e-02],
       [ 3.46162511e-05,  2.17524146e-04, -7.25024985e-06, ...,
         7.59656583e-03,  0.00000000e+00,  1.82146542e-02],
       [ 1.24992566e-03,  1.34509287e-03,  2.88908858e-03, ...,
         2.52841513e-02,  1.82146542e-02,  0.00000000e+00]],
      shape=(45, 45))}
{'bond-orders': array([[ 0.00000000e+00,  3.11683645e-01,  2.11702570e-02, ...,
         2.57369768e-04,  3.46162511e-05,  1.24992566e-03],
       [ 3.11683645e-01,  0.00000000e+00,  2.33272876e-02, ...,
         7.91827517e-04,  2.17524146e-04,  1.34509287e-03],
       [ 2.11702570e-02,  2.33272876e-02,  0.00000000e+00, ...,
         4.76998189e-04, -7.25024985e-06,  2.88908858e-03],
       ...,
       [ 2.57369768e-04,  7.91827517e-04,  4.76998189e-04, ...,
         0.00000000e+00,  7.59656583e-03,  2.52841513e-02],
       [ 3.46162511e-05,  2.17524146e-04, -7.25024985e-06, ...,
         7.59656583e-03,  0.00000000e+00,  1.82146542e-02],
       [ 1.24992566e-03,  1.34509287e-03,  2.88908858e-03, ...,
         2.52841513e-02,  1.82146542e-02,  0.00000000e+00]],
      shape=(45, 45)), 'molecular-dipole': array([-0.07243246,  0.31850385,  1.05757508])}
{'bond-orders': array([[ 0.00000000e+00,  3.11683645e-01,  2.11702570e-02, ...,
         2.57369768e-04,  3.46162511e-05,  1.24992566e-03],
       [ 3.11683645e-01,  0.00000000e+00,  2.33272876e-02, ...,
         7.91827517e-04,  2.17524146e-04,  1.34509287e-03],
       [ 2.11702570e-02,  2.33272876e-02,  0.00000000e+00, ...,
         4.76998189e-04, -7.25024985e-06,  2.88908858e-03],
       ...,
       [ 2.57369768e-04,  7.91827517e-04,  4.76998189e-04, ...,
         0.00000000e+00,  7.59656583e-03,  2.52841513e-02],
       [ 3.46162511e-05,  2.17524146e-04, -7.25024985e-06, ...,
         7.59656583e-03,  0.00000000e+00,  1.82146542e-02],
       [ 1.24992566e-03,  1.34509287e-03,  2.88908858e-03, ...,
         2.52841513e-02,  1.82146542e-02,  0.00000000e+00]],
      shape=(45, 45)), 'molecular-dipole': array([-0.07243246,  0.31850385,  1.05757508]), 'molecular-quadrupole': array([-75.13889177,  28.60832637, -62.62870708,  72.39958559,
        76.91841204, 137.76759885])}
------------------------------------------------------------
  cycle        total energy    energy error   density error
------------------------------------------------------------
      1     -163.3540812032  -1.6314188E+02   2.1382687E-02
      2     -163.2781628118   7.5918391E-02   2.2207589E-02
      3     -160.9589088378   2.3192540E+00   8.7625134E-02
      4     -163.3546823103  -2.3957735E+00   1.3447611E-02
      5     -163.3637220173  -9.0397071E-03   5.8850916E-03
      6     -163.3671324137  -3.4103963E-03   4.1480524E-03
      7     -163.3670782175   5.4196183E-05   2.8359848E-03
      8     -163.3677902189  -7.1200136E-04   1.5509392E-03
      9     -163.3679021056  -1.1188678E-04   9.6124747E-04
     10     -163.3680621913  -1.6008564E-04   5.1307045E-04
     11     -163.3680976981  -3.5506814E-05   1.9979100E-04
     12     -163.3681003724  -2.6743423E-06   6.8988927E-05
     13     -163.3681006757  -3.0323878E-07   2.9274558E-05
     14     -163.3681006480   2.7685587E-08   1.9143665E-05
------------------------------------------------------------

 total:                                  13.972 sec
3
{'bond-orders': array([[0.00000000e+00, 3.10888056e-01, 2.10386690e-02, ...,
        2.76838685e-04, 8.39350208e-05, 9.00610827e-04],
       [3.10888056e-01, 0.00000000e+00, 2.31238031e-02, ...,
        8.77447383e-04, 3.52713718e-04, 1.24481885e-03],
       [2.10386690e-02, 2.31238031e-02, 0.00000000e+00, ...,
        6.51236077e-04, 1.04573911e-04, 2.90310145e-03],
       ...,
       [2.76838685e-04, 8.77447383e-04, 6.51236077e-04, ...,
        0.00000000e+00, 1.08827162e-02, 3.28642100e-02],
       [8.39350208e-05, 3.52713718e-04, 1.04573911e-04, ...,
        1.08827162e-02, 0.00000000e+00, 2.73075030e-02],
       [9.00610827e-04, 1.24481885e-03, 2.90310145e-03, ...,
        3.28642100e-02, 2.73075030e-02, 0.00000000e+00]], shape=(45, 45))}
{'bond-orders': array([[0.00000000e+00, 3.10888056e-01, 2.10386690e-02, ...,
        2.76838685e-04, 8.39350208e-05, 9.00610827e-04],
       [3.10888056e-01, 0.00000000e+00, 2.31238031e-02, ...,
        8.77447383e-04, 3.52713718e-04, 1.24481885e-03],
       [2.10386690e-02, 2.31238031e-02, 0.00000000e+00, ...,
        6.51236077e-04, 1.04573911e-04, 2.90310145e-03],
       ...,
       [2.76838685e-04, 8.77447383e-04, 6.51236077e-04, ...,
        0.00000000e+00, 1.08827162e-02, 3.28642100e-02],
       [8.39350208e-05, 3.52713718e-04, 1.04573911e-04, ...,
        1.08827162e-02, 0.00000000e+00, 2.73075030e-02],
       [9.00610827e-04, 1.24481885e-03, 2.90310145e-03, ...,
        3.28642100e-02, 2.73075030e-02, 0.00000000e+00]], shape=(45, 45)), 'molecular-dipole': array([0.00734833, 0.18955774, 1.14915737])}
{'bond-orders': array([[0.00000000e+00, 3.10888056e-01, 2.10386690e-02, ...,
        2.76838685e-04, 8.39350208e-05, 9.00610827e-04],
       [3.10888056e-01, 0.00000000e+00, 2.31238031e-02, ...,
        8.77447383e-04, 3.52713718e-04, 1.24481885e-03],
       [2.10386690e-02, 2.31238031e-02, 0.00000000e+00, ...,
        6.51236077e-04, 1.04573911e-04, 2.90310145e-03],
       ...,
       [2.76838685e-04, 8.77447383e-04, 6.51236077e-04, ...,
        0.00000000e+00, 1.08827162e-02, 3.28642100e-02],
       [8.39350208e-05, 3.52713718e-04, 1.04573911e-04, ...,
        1.08827162e-02, 0.00000000e+00, 2.73075030e-02],
       [9.00610827e-04, 1.24481885e-03, 2.90310145e-03, ...,
        3.28642100e-02, 2.73075030e-02, 0.00000000e+00]], shape=(45, 45)), 'molecular-dipole': array([0.00734833, 0.18955774, 1.14915737]), 'molecular-quadrupole': array([-76.96250269,  25.530622  , -69.81269876,  87.78504934,
        62.12642096, 146.77520146])}
------------------------------------------------------------
  cycle        total energy    energy error   density error
------------------------------------------------------------
      1     -163.3913492469  -1.6316559E+02   8.4823187E-03
      2     -163.3870193799   4.3298670E-03   9.9307538E-03
      3     -163.3603489748   2.6670405E-02   1.0752807E-02
      4     -163.3111557968   4.9193178E-02   1.6426743E-02
      5     -163.3915774018  -8.0421605E-02   3.9681409E-03
      6     -163.3928659538  -1.2885519E-03   3.0120851E-03
      7     -163.3934108492  -5.4489544E-04   1.1480316E-03
      8     -163.3934839158  -7.3066563E-05   3.9336289E-04
      9     -163.3934839286  -1.2877535E-08   2.9540708E-04
     10     -163.3934900276  -6.0989254E-06   1.4693342E-04
     11     -163.3934911912  -1.1636272E-06   5.6808405E-05
     12     -163.3934912848  -9.3608833E-08   3.4356434E-05
     13     -163.3934913261  -4.1309988E-08   1.3146318E-05
------------------------------------------------------------

 total:                                  13.676 sec
3
{'bond-orders': array([[0.00000000e+00, 3.10646176e-01, 2.11071029e-02, ...,
        2.37449033e-04, 8.90912744e-05, 9.39195781e-04],
       [3.10646176e-01, 0.00000000e+00, 2.30406743e-02, ...,
        7.45146225e-04, 3.68879532e-04, 1.18746290e-03],
       [2.11071029e-02, 2.30406743e-02, 0.00000000e+00, ...,
        5.35644454e-04, 1.33655887e-04, 2.85919363e-03],
       ...,
       [2.37449033e-04, 7.45146225e-04, 5.35644454e-04, ...,
        0.00000000e+00, 1.29362487e-02, 2.79394432e-02],
       [8.90912744e-05, 3.68879532e-04, 1.33655887e-04, ...,
        1.29362487e-02, 0.00000000e+00, 2.82644941e-02],
       [9.39195781e-04, 1.18746290e-03, 2.85919363e-03, ...,
        2.79394432e-02, 2.82644941e-02, 0.00000000e+00]], shape=(45, 45))}
{'bond-orders': array([[0.00000000e+00, 3.10646176e-01, 2.11071029e-02, ...,
        2.37449033e-04, 8.90912744e-05, 9.39195781e-04],
       [3.10646176e-01, 0.00000000e+00, 2.30406743e-02, ...,
        7.45146225e-04, 3.68879532e-04, 1.18746290e-03],
       [2.11071029e-02, 2.30406743e-02, 0.00000000e+00, ...,
        5.35644454e-04, 1.33655887e-04, 2.85919363e-03],
       ...,
       [2.37449033e-04, 7.45146225e-04, 5.35644454e-04, ...,
        0.00000000e+00, 1.29362487e-02, 2.79394432e-02],
       [8.90912744e-05, 3.68879532e-04, 1.33655887e-04, ...,
        1.29362487e-02, 0.00000000e+00, 2.82644941e-02],
       [9.39195781e-04, 1.18746290e-03, 2.85919363e-03, ...,
        2.79394432e-02, 2.82644941e-02, 0.00000000e+00]], shape=(45, 45)), 'molecular-dipole': array([0.04768708, 0.31047882, 1.10191802])}
{'bond-orders': array([[0.00000000e+00, 3.10646176e-01, 2.11071029e-02, ...,
        2.37449033e-04, 8.90912744e-05, 9.39195781e-04],
       [3.10646176e-01, 0.00000000e+00, 2.30406743e-02, ...,
        7.45146225e-04, 3.68879532e-04, 1.18746290e-03],
       [2.11071029e-02, 2.30406743e-02, 0.00000000e+00, ...,
        5.35644454e-04, 1.33655887e-04, 2.85919363e-03],
       ...,
       [2.37449033e-04, 7.45146225e-04, 5.35644454e-04, ...,
        0.00000000e+00, 1.29362487e-02, 2.79394432e-02],
       [8.90912744e-05, 3.68879532e-04, 1.33655887e-04, ...,
        1.29362487e-02, 0.00000000e+00, 2.82644941e-02],
       [9.39195781e-04, 1.18746290e-03, 2.85919363e-03, ...,
        2.79394432e-02, 2.82644941e-02, 0.00000000e+00]], shape=(45, 45)), 'molecular-dipole': array([0.04768708, 0.31047882, 1.10191802]), 'molecular-quadrupole': array([-74.29205782,  33.35814735, -66.89302736,  89.07533705,
        76.17153751, 141.18508519])}
------------------------------------------------------------
  cycle        total energy    energy error   density error
------------------------------------------------------------
      1     -163.4119794968  -1.6318064E+02   7.7511334E-03
      2     -163.4076649404   4.3145564E-03   1.1061767E-02
      3     -163.4031481421   4.5167982E-03   7.0132037E-03
      4     -163.3408386229   6.2309519E-02   1.5248845E-02
      5     -163.4083670201  -6.7528397E-02   5.2512440E-03
      6     -163.4130235282  -4.6565081E-03   3.6163287E-03
      7     -163.4139134832  -8.8995503E-04   1.2307878E-03
      8     -163.4140216556  -1.0817236E-04   4.7094726E-04
      9     -163.4140122662   9.3893839E-06   3.3430773E-04
     10     -163.4140330741  -2.0807895E-05   1.3823335E-04
     11     -163.4140340209  -9.4678919E-07   6.9480747E-05
     12     -163.4140342862  -2.6533615E-07   2.4301340E-05
     13     -163.4140343194  -3.3202411E-08   1.1022766E-05
------------------------------------------------------------

 total:                                  13.656 sec
3
{'bond-orders': array([[0.00000000e+00, 3.10355578e-01, 2.10216779e-02, ...,
        2.09649104e-04, 1.14760078e-04, 9.13659788e-04],
       [3.10355578e-01, 0.00000000e+00, 2.29133669e-02, ...,
        6.18684500e-04, 4.27138604e-04, 1.15006001e-03],
       [2.10216779e-02, 2.29133669e-02, 0.00000000e+00, ...,
        4.90149960e-04, 2.43934277e-04, 2.90311243e-03],
       ...,
       [2.09649104e-04, 6.18684500e-04, 4.90149960e-04, ...,
        0.00000000e+00, 1.55857774e-02, 2.72288965e-02],
       [1.14760078e-04, 4.27138604e-04, 2.43934277e-04, ...,
        1.55857774e-02, 0.00000000e+00, 3.14521875e-02],
       [9.13659788e-04, 1.15006001e-03, 2.90311243e-03, ...,
        2.72288965e-02, 3.14521875e-02, 0.00000000e+00]], shape=(45, 45))}
{'bond-orders': array([[0.00000000e+00, 3.10355578e-01, 2.10216779e-02, ...,
        2.09649104e-04, 1.14760078e-04, 9.13659788e-04],
       [3.10355578e-01, 0.00000000e+00, 2.29133669e-02, ...,
        6.18684500e-04, 4.27138604e-04, 1.15006001e-03],
       [2.10216779e-02, 2.29133669e-02, 0.00000000e+00, ...,
        4.90149960e-04, 2.43934277e-04, 2.90311243e-03],
       ...,
       [2.09649104e-04, 6.18684500e-04, 4.90149960e-04, ...,
        0.00000000e+00, 1.55857774e-02, 2.72288965e-02],
       [1.14760078e-04, 4.27138604e-04, 2.43934277e-04, ...,
        1.55857774e-02, 0.00000000e+00, 3.14521875e-02],
       [9.13659788e-04, 1.15006001e-03, 2.90311243e-03, ...,
        2.72288965e-02, 3.14521875e-02, 0.00000000e+00]], shape=(45, 45)), 'molecular-dipole': array([0.05620373, 0.39057764, 1.04538401])}
{'bond-orders': array([[0.00000000e+00, 3.10355578e-01, 2.10216779e-02, ...,
        2.09649104e-04, 1.14760078e-04, 9.13659788e-04],
       [3.10355578e-01, 0.00000000e+00, 2.29133669e-02, ...,
        6.18684500e-04, 4.27138604e-04, 1.15006001e-03],
       [2.10216779e-02, 2.29133669e-02, 0.00000000e+00, ...,
        4.90149960e-04, 2.43934277e-04, 2.90311243e-03],
       ...,
       [2.09649104e-04, 6.18684500e-04, 4.90149960e-04, ...,
        0.00000000e+00, 1.55857774e-02, 2.72288965e-02],
       [1.14760078e-04, 4.27138604e-04, 2.43934277e-04, ...,
        1.55857774e-02, 0.00000000e+00, 3.14521875e-02],
       [9.13659788e-04, 1.15006001e-03, 2.90311243e-03, ...,
        2.72288965e-02, 3.14521875e-02, 0.00000000e+00]], shape=(45, 45)), 'molecular-dipole': array([0.05620373, 0.39057764, 1.04538401]), 'molecular-quadrupole': array([-72.12987387,  38.63459428, -63.95624541,  85.70836998,
        84.4517056 , 136.08611928])}
------------------------------------------------------------
  cycle        total energy    energy error   density error
------------------------------------------------------------
      1     -163.4279871779  -1.6319022E+02   8.0519185E-03
      2     -163.4182657424   9.7214355E-03   1.2336256E-02
      3     -163.3499747795   6.8290963E-02   1.6172132E-02
      4     -163.4104510629  -6.0476283E-02   8.5173222E-03
      5     -163.4297765208  -1.9325458E-02   3.3374713E-03
      6     -163.4294227104   3.5381045E-04   3.6073554E-03
      7     -163.4302801910  -8.5748063E-04   1.1215870E-03
      8     -163.4303862230  -1.0603202E-04   3.6899794E-04
      9     -163.4304088846  -2.2661612E-05   1.6312756E-04
     10     -163.4304098626  -9.7796325E-07   9.2863051E-05
     11     -163.4304102097  -3.4709774E-07   3.9256883E-05
     12     -163.4304102439  -3.4248615E-08   2.3137812E-05
     13     -163.4304102602  -1.6243376E-08   9.7191986E-06
------------------------------------------------------------

 total:                                  13.707 sec
3
{'bond-orders': array([[0.00000000e+00, 3.10150849e-01, 2.08979803e-02, ...,
        1.84972825e-04, 1.36301629e-04, 9.69068319e-04],
       [3.10150849e-01, 0.00000000e+00, 2.27498191e-02, ...,
        4.85040125e-04, 4.61029858e-04, 1.14172184e-03],
       [2.08979803e-02, 2.27498191e-02, 0.00000000e+00, ...,
        4.60847782e-04, 3.62470546e-04, 2.97707781e-03],
       ...,
       [1.84972825e-04, 4.85040125e-04, 4.60847782e-04, ...,
        0.00000000e+00, 1.69890243e-02, 2.77129446e-02],
       [1.36301629e-04, 4.61029858e-04, 3.62470546e-04, ...,
        1.69890243e-02, 0.00000000e+00, 3.33846868e-02],
       [9.69068319e-04, 1.14172184e-03, 2.97707781e-03, ...,
        2.77129446e-02, 3.33846868e-02, 0.00000000e+00]], shape=(45, 45))}
{'bond-orders': array([[0.00000000e+00, 3.10150849e-01, 2.08979803e-02, ...,
        1.84972825e-04, 1.36301629e-04, 9.69068319e-04],
       [3.10150849e-01, 0.00000000e+00, 2.27498191e-02, ...,
        4.85040125e-04, 4.61029858e-04, 1.14172184e-03],
       [2.08979803e-02, 2.27498191e-02, 0.00000000e+00, ...,
        4.60847782e-04, 3.62470546e-04, 2.97707781e-03],
       ...,
       [1.84972825e-04, 4.85040125e-04, 4.60847782e-04, ...,
        0.00000000e+00, 1.69890243e-02, 2.77129446e-02],
       [1.36301629e-04, 4.61029858e-04, 3.62470546e-04, ...,
        1.69890243e-02, 0.00000000e+00, 3.33846868e-02],
       [9.69068319e-04, 1.14172184e-03, 2.97707781e-03, ...,
        2.77129446e-02, 3.33846868e-02, 0.00000000e+00]], shape=(45, 45)), 'molecular-dipole': array([0.025776  , 0.48721973, 0.93579434])}
{'bond-orders': array([[0.00000000e+00, 3.10150849e-01, 2.08979803e-02, ...,
        1.84972825e-04, 1.36301629e-04, 9.69068319e-04],
       [3.10150849e-01, 0.00000000e+00, 2.27498191e-02, ...,
        4.85040125e-04, 4.61029858e-04, 1.14172184e-03],
       [2.08979803e-02, 2.27498191e-02, 0.00000000e+00, ...,
        4.60847782e-04, 3.62470546e-04, 2.97707781e-03],
       ...,
       [1.84972825e-04, 4.85040125e-04, 4.60847782e-04, ...,
        0.00000000e+00, 1.69890243e-02, 2.77129446e-02],
       [1.36301629e-04, 4.61029858e-04, 3.62470546e-04, ...,
        1.69890243e-02, 0.00000000e+00, 3.33846868e-02],
       [9.69068319e-04, 1.14172184e-03, 2.97707781e-03, ...,
        2.77129446e-02, 3.33846868e-02, 0.00000000e+00]], shape=(45, 45)), 'molecular-dipole': array([0.025776  , 0.48721973, 0.93579434]), 'molecular-quadrupole': array([-68.79029137,  44.02823537, -58.09640289,  74.8230764 ,
        93.49077936, 126.88669426])}
------------------------------------------------------------
  cycle        total energy    energy error   density error
------------------------------------------------------------
      1     -163.4443494738  -1.6319577E+02   1.2980453E-02
      2     -163.3797307122   6.4618762E-02   2.0603338E-02
      3     -162.7314585654   6.4827215E-01   4.7571392E-02
      4     -163.4358518740  -7.0439331E-01   8.3567330E-03
      5     -163.4481324050  -1.2280531E-02   5.0349023E-03
      6     -163.4488070438  -6.7463878E-04   4.0971149E-03
      7     -163.4492081501  -4.0110631E-04   2.2772793E-03
      8     -163.4495539188  -3.4576875E-04   1.3257685E-03
      9     -163.4498852286  -3.3130977E-04   4.9587706E-04
     10     -163.4499152932  -3.0064548E-05   2.4747746E-04
     11     -163.4499216952  -6.4020707E-06   1.0238077E-04
     12     -163.4499200176   1.6776455E-06   9.6308850E-05
     13     -163.4499211021  -1.0845133E-06   6.6338969E-05
     14     -163.4499219653  -8.6315680E-07   2.6630043E-05
     15     -163.4499220197  -5.4393780E-08   7.2925986E-06
------------------------------------------------------------

 total:                                  14.344 sec
3
{'bond-orders': array([[0.00000000e+00, 3.09931729e-01, 2.08045705e-02, ...,
        1.62094384e-04, 1.49118392e-04, 1.21580537e-03],
       [3.09931729e-01, 0.00000000e+00, 2.24323352e-02, ...,
        3.15915967e-04, 4.39692676e-04, 1.16922091e-03],
       [2.08045705e-02, 2.24323352e-02, 0.00000000e+00, ...,
        4.15230555e-04, 4.85977240e-04, 3.04359517e-03],
       ...,
       [1.62094384e-04, 3.15915967e-04, 4.15230555e-04, ...,
        0.00000000e+00, 1.70818861e-02, 2.72316121e-02],
       [1.49118392e-04, 4.39692676e-04, 4.85977240e-04, ...,
        1.70818861e-02, 0.00000000e+00, 3.40068602e-02],
       [1.21580537e-03, 1.16922091e-03, 3.04359517e-03, ...,
        2.72316121e-02, 3.40068602e-02, 0.00000000e+00]], shape=(45, 45))}
{'bond-orders': array([[0.00000000e+00, 3.09931729e-01, 2.08045705e-02, ...,
        1.62094384e-04, 1.49118392e-04, 1.21580537e-03],
       [3.09931729e-01, 0.00000000e+00, 2.24323352e-02, ...,
        3.15915967e-04, 4.39692676e-04, 1.16922091e-03],
       [2.08045705e-02, 2.24323352e-02, 0.00000000e+00, ...,
        4.15230555e-04, 4.85977240e-04, 3.04359517e-03],
       ...,
       [1.62094384e-04, 3.15915967e-04, 4.15230555e-04, ...,
        0.00000000e+00, 1.70818861e-02, 2.72316121e-02],
       [1.49118392e-04, 4.39692676e-04, 4.85977240e-04, ...,
        1.70818861e-02, 0.00000000e+00, 3.40068602e-02],
       [1.21580537e-03, 1.16922091e-03, 3.04359517e-03, ...,
        2.72316121e-02, 3.40068602e-02, 0.00000000e+00]], shape=(45, 45)), 'molecular-dipole': array([-0.03991159,  0.66291617,  0.72423197])}
{'bond-orders': array([[0.00000000e+00, 3.09931729e-01, 2.08045705e-02, ...,
        1.62094384e-04, 1.49118392e-04, 1.21580537e-03],
       [3.09931729e-01, 0.00000000e+00, 2.24323352e-02, ...,
        3.15915967e-04, 4.39692676e-04, 1.16922091e-03],
       [2.08045705e-02, 2.24323352e-02, 0.00000000e+00, ...,
        4.15230555e-04, 4.85977240e-04, 3.04359517e-03],
       ...,
       [1.62094384e-04, 3.15915967e-04, 4.15230555e-04, ...,
        0.00000000e+00, 1.70818861e-02, 2.72316121e-02],
       [1.49118392e-04, 4.39692676e-04, 4.85977240e-04, ...,
        1.70818861e-02, 0.00000000e+00, 3.40068602e-02],
       [1.21580537e-03, 1.16922091e-03, 3.04359517e-03, ...,
        2.72316121e-02, 3.40068602e-02, 0.00000000e+00]], shape=(45, 45)), 'molecular-dipole': array([-0.03991159,  0.66291617,  0.72423197]), 'molecular-quadrupole': array([-62.25568658,  53.00263471, -46.3528577 ,  53.82473912,
       110.1220248 , 108.60854428])}
------------------------------------------------------------
  cycle        total energy    energy error   density error
------------------------------------------------------------
      1     -163.4627639168  -1.6320688E+02   1.1969016E-02
      2     -163.3650858366   9.7678080E-02   2.0907019E-02
      3     -162.6299116345   7.3517420E-01   5.1251955E-02
      4     -163.4581486968  -8.2823706E-01   7.3512940E-03
      5     -163.4656742664  -7.5255696E-03   4.5193965E-03
      6     -163.4664017345  -7.2746809E-04   3.1302097E-03
      7     -163.4663890497   1.2684824E-05   2.2802095E-03
      8     -163.4666676646  -2.7861496E-04   1.3959878E-03
      9     -163.4669940271  -3.2636244E-04   4.6975787E-04
     10     -163.4670179674  -2.3940294E-05   2.4335741E-04
     11     -163.4670224421  -4.4747763E-06   1.0998373E-04
     12     -163.4670211556   1.2865070E-06   9.7699868E-05
     13     -163.4670219675  -8.1183632E-07   7.4110032E-05
     14     -163.4670231227  -1.1552694E-06   3.0454692E-05
     15     -163.4670232270  -1.0428249E-07   7.9021963E-06
------------------------------------------------------------

 total:                                  13.956 sec
3
{'bond-orders': array([[0.00000000e+00, 3.09666484e-01, 2.07734592e-02, ...,
        1.64936213e-04, 1.39310149e-04, 1.57763558e-03],
       [3.09666484e-01, 0.00000000e+00, 2.19816013e-02, ...,
        2.08483196e-04, 3.57720015e-04, 1.18336177e-03],
       [2.07734592e-02, 2.19816013e-02, 0.00000000e+00, ...,
        3.81930143e-04, 5.33580343e-04, 2.96133518e-03],
       ...,
       [1.64936213e-04, 2.08483196e-04, 3.81930143e-04, ...,
        0.00000000e+00, 1.55048097e-02, 2.59309612e-02],
       [1.39310149e-04, 3.57720015e-04, 5.33580343e-04, ...,
        1.55048097e-02, 0.00000000e+00, 3.34527009e-02],
       [1.57763558e-03, 1.18336177e-03, 2.96133518e-03, ...,
        2.59309612e-02, 3.34527009e-02, 0.00000000e+00]], shape=(45, 45))}
{'bond-orders': array([[0.00000000e+00, 3.09666484e-01, 2.07734592e-02, ...,
        1.64936213e-04, 1.39310149e-04, 1.57763558e-03],
       [3.09666484e-01, 0.00000000e+00, 2.19816013e-02, ...,
        2.08483196e-04, 3.57720015e-04, 1.18336177e-03],
       [2.07734592e-02, 2.19816013e-02, 0.00000000e+00, ...,
        3.81930143e-04, 5.33580343e-04, 2.96133518e-03],
       ...,
       [1.64936213e-04, 2.08483196e-04, 3.81930143e-04, ...,
        0.00000000e+00, 1.55048097e-02, 2.59309612e-02],
       [1.39310149e-04, 3.57720015e-04, 5.33580343e-04, ...,
        1.55048097e-02, 0.00000000e+00, 3.34527009e-02],
       [1.57763558e-03, 1.18336177e-03, 2.96133518e-03, ...,
        2.59309612e-02, 3.34527009e-02, 0.00000000e+00]], shape=(45, 45)), 'molecular-dipole': array([-0.10424981,  0.83660729,  0.51039454])}
{'bond-orders': array([[0.00000000e+00, 3.09666484e-01, 2.07734592e-02, ...,
        1.64936213e-04, 1.39310149e-04, 1.57763558e-03],
       [3.09666484e-01, 0.00000000e+00, 2.19816013e-02, ...,
        2.08483196e-04, 3.57720015e-04, 1.18336177e-03],
       [2.07734592e-02, 2.19816013e-02, 0.00000000e+00, ...,
        3.81930143e-04, 5.33580343e-04, 2.96133518e-03],
       ...,
       [1.64936213e-04, 2.08483196e-04, 3.81930143e-04, ...,
        0.00000000e+00, 1.55048097e-02, 2.59309612e-02],
       [1.39310149e-04, 3.57720015e-04, 5.33580343e-04, ...,
        1.55048097e-02, 0.00000000e+00, 3.34527009e-02],
       [1.57763558e-03, 1.18336177e-03, 2.96133518e-03, ...,
        2.59309612e-02, 3.34527009e-02, 0.00000000e+00]], shape=(45, 45)), 'molecular-dipole': array([-0.10424981,  0.83660729,  0.51039454]), 'molecular-quadrupole': array([-55.44493853,  61.35413947, -34.33684769,  33.38043765,
       126.80617725,  89.78178622])}
------------------------------------------------------------
  cycle        total energy    energy error   density error
------------------------------------------------------------
      1     -163.4822273230  -1.6322470E+02   1.0762869E-02
      2     -163.3820353772   1.0019195E-01   1.9843263E-02
      3     -162.8057397651   5.7629561E-01   4.6129925E-02
      4     -163.4774593874  -6.7171962E-01   7.0926101E-03
      5     -163.4842851633  -6.8257759E-03   4.3464415E-03
      6     -163.4847509990  -4.6583566E-04   3.0245184E-03
      7     -163.4847316008   1.9398137E-05   2.4793078E-03
      8     -163.4852259198  -4.9431892E-04   8.3763465E-04
      9     -163.4853359883  -1.1006856E-04   4.4500935E-04
     10     -163.4853601581  -2.4169768E-05   2.1236435E-04
     11     -163.4853617350  -1.5768875E-06   1.0434512E-04
     12     -163.4853605654   1.1695673E-06   1.0032745E-04
     13     -163.4853621632  -1.5978400E-06   6.0285873E-05
     14     -163.4853628015  -6.3822660E-07   3.1748690E-05
     15     -163.4853630249  -2.2338097E-07   8.0986343E-06
------------------------------------------------------------

 total:                                  12.305 sec
3
{'bond-orders': array([[0.00000000e+00, 3.09256967e-01, 2.07405099e-02, ...,
        1.96004952e-04, 1.15505270e-04, 2.06174822e-03],
       [3.09256967e-01, 0.00000000e+00, 2.13229710e-02, ...,
        1.39613982e-04, 2.51057037e-04, 1.17957604e-03],
       [2.07405099e-02, 2.13229710e-02, 0.00000000e+00, ...,
        3.51763824e-04, 5.01727687e-04, 2.71488448e-03],
       ...,
       [1.96004952e-04, 1.39613982e-04, 3.51763824e-04, ...,
        0.00000000e+00, 1.26524598e-02, 2.43758599e-02],
       [1.15505270e-04, 2.51057037e-04, 5.01727687e-04, ...,
        1.26524598e-02, 0.00000000e+00, 3.14542138e-02],
       [2.06174822e-03, 1.17957604e-03, 2.71488448e-03, ...,
        2.43758599e-02, 3.14542138e-02, 0.00000000e+00]], shape=(45, 45))}
{'bond-orders': array([[0.00000000e+00, 3.09256967e-01, 2.07405099e-02, ...,
        1.96004952e-04, 1.15505270e-04, 2.06174822e-03],
       [3.09256967e-01, 0.00000000e+00, 2.13229710e-02, ...,
        1.39613982e-04, 2.51057037e-04, 1.17957604e-03],
       [2.07405099e-02, 2.13229710e-02, 0.00000000e+00, ...,
        3.51763824e-04, 5.01727687e-04, 2.71488448e-03],
       ...,
       [1.96004952e-04, 1.39613982e-04, 3.51763824e-04, ...,
        0.00000000e+00, 1.26524598e-02, 2.43758599e-02],
       [1.15505270e-04, 2.51057037e-04, 5.01727687e-04, ...,
        1.26524598e-02, 0.00000000e+00, 3.14542138e-02],
       [2.06174822e-03, 1.17957604e-03, 2.71488448e-03, ...,
        2.43758599e-02, 3.14542138e-02, 0.00000000e+00]], shape=(45, 45)), 'molecular-dipole': array([-0.17152683,  0.99997023,  0.3033029 ])}
{'bond-orders': array([[0.00000000e+00, 3.09256967e-01, 2.07405099e-02, ...,
        1.96004952e-04, 1.15505270e-04, 2.06174822e-03],
       [3.09256967e-01, 0.00000000e+00, 2.13229710e-02, ...,
        1.39613982e-04, 2.51057037e-04, 1.17957604e-03],
       [2.07405099e-02, 2.13229710e-02, 0.00000000e+00, ...,
        3.51763824e-04, 5.01727687e-04, 2.71488448e-03],
       ...,
       [1.96004952e-04, 1.39613982e-04, 3.51763824e-04, ...,
        0.00000000e+00, 1.26524598e-02, 2.43758599e-02],
       [1.15505270e-04, 2.51057037e-04, 5.01727687e-04, ...,
        1.26524598e-02, 0.00000000e+00, 3.14542138e-02],
       [2.06174822e-03, 1.17957604e-03, 2.71488448e-03, ...,
        2.43758599e-02, 3.14542138e-02, 0.00000000e+00]], shape=(45, 45)), 'molecular-dipole': array([-0.17152683,  0.99997023,  0.3033029 ]), 'molecular-quadrupole': array([-48.58522523,  68.56748473, -22.74596019,  13.62611261,
       142.72131234,  71.33118542])}
------------------------------------------------------------
  cycle        total energy    energy error   density error
------------------------------------------------------------
      1     -163.5015457826  -1.6324901E+02   9.4807838E-03
      2     -163.4058110023   9.5734780E-02   1.8800195E-02
      3     -163.0103847687   3.9542623E-01   3.9343749E-02
      4     -163.4974676913  -4.8708292E-01   6.9183044E-03
      5     -163.5021663878  -4.6986965E-03   5.4860891E-03
      6     -163.5029148023  -7.4841449E-04   3.6881313E-03
      7     -163.5036977339  -7.8293156E-04   1.6662159E-03
      8     -163.5038819556  -1.8422176E-04   6.6862766E-04
      9     -163.5039088084  -2.6852737E-05   4.5330354E-04
     10     -163.5039330335  -2.4225135E-05   2.2832625E-04
     11     -163.5039346022  -1.5686848E-06   9.0068155E-05
     12     -163.5039345226   7.9573738E-08   7.5488448E-05
     13     -163.5039352896  -7.6700562E-07   4.5291884E-05
     14     -163.5039356477  -3.5812218E-07   2.4407554E-05
     15     -163.5039357935  -1.4575619E-07   8.3016567E-06
------------------------------------------------------------

 total:                                  10.652 sec
3
{'bond-orders': array([[0.00000000e+00, 3.08770762e-01, 2.07782721e-02, ...,
        2.58698349e-04, 9.57838216e-05, 2.69816361e-03],
       [3.08770762e-01, 0.00000000e+00, 2.06033421e-02, ...,
        9.43708321e-05, 1.59175016e-04, 1.19646014e-03],
       [2.07782721e-02, 2.06033421e-02, 0.00000000e+00, ...,
        3.10256652e-04, 3.97334478e-04, 2.34916578e-03],
       ...,
       [2.58698349e-04, 9.43708321e-05, 3.10256652e-04, ...,
        0.00000000e+00, 9.25181231e-03, 2.31112059e-02],
       [9.57838216e-05, 1.59175016e-04, 3.97334478e-04, ...,
        9.25181231e-03, 0.00000000e+00, 2.75210729e-02],
       [2.69816361e-03, 1.19646014e-03, 2.34916578e-03, ...,
        2.31112059e-02, 2.75210729e-02, 0.00000000e+00]], shape=(45, 45))}
{'bond-orders': array([[0.00000000e+00, 3.08770762e-01, 2.07782721e-02, ...,
        2.58698349e-04, 9.57838216e-05, 2.69816361e-03],
       [3.08770762e-01, 0.00000000e+00, 2.06033421e-02, ...,
        9.43708321e-05, 1.59175016e-04, 1.19646014e-03],
       [2.07782721e-02, 2.06033421e-02, 0.00000000e+00, ...,
        3.10256652e-04, 3.97334478e-04, 2.34916578e-03],
       ...,
       [2.58698349e-04, 9.43708321e-05, 3.10256652e-04, ...,
        0.00000000e+00, 9.25181231e-03, 2.31112059e-02],
       [9.57838216e-05, 1.59175016e-04, 3.97334478e-04, ...,
        9.25181231e-03, 0.00000000e+00, 2.75210729e-02],
       [2.69816361e-03, 1.19646014e-03, 2.34916578e-03, ...,
        2.31112059e-02, 2.75210729e-02, 0.00000000e+00]], shape=(45, 45)), 'molecular-dipole': array([-0.2473968 ,  1.15453527,  0.09043598])}
{'bond-orders': array([[0.00000000e+00, 3.08770762e-01, 2.07782721e-02, ...,
        2.58698349e-04, 9.57838216e-05, 2.69816361e-03],
       [3.08770762e-01, 0.00000000e+00, 2.06033421e-02, ...,
        9.43708321e-05, 1.59175016e-04, 1.19646014e-03],
       [2.07782721e-02, 2.06033421e-02, 0.00000000e+00, ...,
        3.10256652e-04, 3.97334478e-04, 2.34916578e-03],
       ...,
       [2.58698349e-04, 9.43708321e-05, 3.10256652e-04, ...,
        0.00000000e+00, 9.25181231e-03, 2.31112059e-02],
       [9.57838216e-05, 1.59175016e-04, 3.97334478e-04, ...,
        9.25181231e-03, 0.00000000e+00, 2.75210729e-02],
       [2.69816361e-03, 1.19646014e-03, 2.34916578e-03, ...,
        2.31112059e-02, 2.75210729e-02, 0.00000000e+00]], shape=(45, 45)), 'molecular-dipole': array([-0.2473968 ,  1.15453527,  0.09043598]), 'molecular-quadrupole': array([-41.27340668,  74.54960158, -11.01783296,  -6.28042053,
       157.70659529,  52.29123964])}
------------------------------------------------------------
  cycle        total energy    energy error   density error
------------------------------------------------------------
      1     -163.5188918523  -1.6327653E+02   7.5201994E-03
