/home/ans819/.conda/envs/autoflow/lib/python3.13/site-packages/e3nn/o3/_wigner.py:10: UserWarning: Environment variable TORCH_FORCE_NO_WEIGHTS_ONLY_LOAD detected, since the`weights_only` argument was not explicitly passed to `torch.load`, forcing weights_only=False.
  _Jd, _W3j_flat, _W3j_indices = torch.load(os.path.join(os.path.dirname(__file__), 'constants.pt'))

          ==================== Thresholds ====================
          CN  :   150.00000
          rep :   500.00000
          disp:  2500.00000
          HB1 :   250.00000
          HB2 :   450.00000

          Pauling EN used:
          Z : 1  EN :  2.20
          Z : 6  EN :  2.55
          Z : 8  EN :  3.44
          Z :47  EN :  1.93
          electric field strengths (au): 0.000

           ------------------------------------------------- 
          |           Force Field Initialization            |
           ------------------------------------------------- 

          distances ...
          ----------------------------------------
          generating topology and atomic info file ...
          pair mat ...
          computing topology distances matrix with Floyd-Warshall algo ...
          making topology EEQ charges ...
          #fragments for EEQ constrain: 1
          ----------------------------------------
          generating topology and atomic info file ...
          pair mat ...
          computing topology distances matrix with Floyd-Warshall algo ...
          making topology EEQ charges ...
          #fragments for EEQ constrain: 1
          rings ...
          # BATM   3482
          # H in HB   0

  atom   neighbors  erfCN metchar sp-hybrid imet pi  qest     coordinates
    1  Ag      2    1.35   0.37         2    2    0   0.000    3.199451    0.356229   26.103415
    2  Ag      5    3.15   0.31         0    2    0   0.015    6.689760    4.630967   26.103415
    3  Ag      9    4.27   0.07         0    2    0   0.007   15.415533    8.193249   27.696516
    4  Ag      7    3.92   0.19         0    2    0   0.012   11.925224    3.918511   27.696516
    5  Ag      7    3.92   0.19         0    2    0   0.013   20.650997    7.480793   29.289617
    6  Ag      6    3.59   0.27         0    2    0   0.016   17.160688    3.206054   29.289617
    7  Ag      9    4.27   0.07         0    2    0   0.008    8.434915    6.768336   30.882718
    8  Ag      6    3.59   0.23         0    2    0   0.016    4.944605    2.493598   30.882718
    9  Ag     12    4.39   0.01         0    2    0   0.006   13.670379    6.055880   32.475819
   10  Ag      7    3.92   0.19         0    2    0   0.015   10.180069    1.781141   32.475819
   11  Ag      9    4.27   0.07         0    2    0   0.018   18.905843    5.343423   34.068920
   12  Ag      6    3.59   0.27         0    2    0   0.027   15.415533    1.068685   34.068920
   13  Ag      8    4.14   0.11         0    2    0   0.016    6.689760    4.630967   35.662020
   14  Ag      3    2.00   0.37         2    2    0   0.010    3.199451    0.356229   35.662020
   15  Ag      8    4.14   0.12         0    2    0   0.023   11.925224    3.918511   37.255121
   16  Ag     10    4.34   0.04         0    2    0   0.016   15.415533    8.193249   37.255121
   17  Ag      6    3.37   0.34         0    2    0   0.093   17.160688    3.206054   38.848222
   18  Ag      9    4.21   0.11         0    2    0   0.119   20.650997    7.480793   38.848222
   19  Ag      3    2.00   0.37         2    2    0   0.009    4.944605    2.493598   40.441323
   20  Ag      5    3.15   0.32         0    2    0   0.020    8.434915    6.768336   40.441323
   21  Ag      6    3.59   0.26         0    2    0   0.011   10.180069    8.905705   26.103415
   22  Ag      5    3.15   0.34         0    2    0   0.012   13.670379   13.180444   26.103415
   23  Ag      4    2.61   0.38         3    2    0   0.016   22.396152   16.742726   27.696516
   24  Ag      8    4.14   0.12         0    2    0   0.009   18.905843   12.467987   27.696516
   25  Ag      3    2.00   0.39         2    2    0   0.009   27.631616   16.030269   29.289617
   26  Ag      7    3.92   0.19         0    2    0   0.019   24.141307   11.755531   29.289617
   27  Ag      6    3.59   0.27         0    2    0   0.011   15.415533   15.317813   30.882718
   28  Ag      9    4.27   0.07         0    2    0   0.006   11.925224   11.043075   30.882718
   29  Ag      9    4.27   0.07         0    2    0   0.013   20.650997   14.605357   32.475819
/home/ans819/.conda/envs/autoflow/lib/python3.13/site-packages/mace/calculators/mace.py:197: UserWarning: Environment variable TORCH_FORCE_NO_WEIGHTS_ONLY_LOAD detected, since the`weights_only` argument was not explicitly passed to `torch.load`, forcing weights_only=False.
  torch.load(f=model_path, map_location=device)
/home/ans819/.conda/envs/autoflow/lib/python3.13/site-packages/chgnet/model/model.py:898: UserWarning: Converting a tensor with requires_grad=True to a scalar may lead to unexpected behavior.
Consider using tensor.detach() first. (Triggered internally at /pytorch/torch/csrc/autograd/generated/python_variable_methods.cpp:836.)
  volumes = torch.tensor(volumes, dtype=TORCH_DTYPE, device=atomic_numbers.device)
cuequivariance or cuequivariance_torch is not available. Cuequivariance acceleration will be disabled.
------------------------------------------------------------
  cycle        total energy    energy error   density error
------------------------------------------------------------
      1     -163.2014890067  -1.6295743E+02   9.9824842E-01
      2     -161.6413599307   1.5601291E+00   6.2136991E-01
      3      362.9207729447   5.2456213E+02   1.8261854E+00
      4     -117.9057127333  -4.8082649E+02   9.1247029E-01
      5     -96.16702796967   2.1738685E+01   5.1987101E-01
      6     -106.4135318821  -1.0246504E+01   5.2484637E-01
      7     -158.2941638240  -5.1880632E+01   2.1595810E-01
      8     -157.9741251369   3.2003869E-01   2.9128583E-01
      9     -158.7837944693  -8.0966933E-01   2.4309617E-01
     10     -163.2795128039  -4.4957183E+00   7.0920321E-02
     11     -163.4736302620  -1.9411746E-01   4.9269332E-02
     12     -163.3309268909   1.4270337E-01   5.4746804E-02
     13     -163.4408462875  -1.0991940E-01   4.7133936E-02
     14     -163.4941303750  -5.3284087E-02   3.6541363E-02
     15     -163.5019847548  -7.8543798E-03   3.2089690E-02
     16     -163.5068705626  -4.8858078E-03   2.9794509E-02
     17     -163.5150749972  -8.2044346E-03   2.5656401E-02
     18     -163.5239758869  -8.9008897E-03   1.9525341E-02
     19     -163.5271660080  -3.1901211E-03   1.5964149E-02
     20     -163.5296530115  -2.4870035E-03   1.2351353E-02
     21     -163.5295814336   7.1577920E-05   1.0877668E-02
     22     -163.5300686227  -4.8718912E-04   1.0306105E-02
     23     -163.5305316921  -4.6306945E-04   9.5147777E-03
     24     -163.5312648078  -7.3311569E-04   7.8062235E-03
     25     -163.5314857050  -2.2089720E-04   6.7457774E-03
     26     -163.5318801938  -3.9448875E-04   5.3597545E-03
     27     -163.5319639555  -8.3761745E-05   4.8885927E-03
     28     -163.5320103825  -4.6426997E-05   4.4498970E-03
     29     -163.5321962784  -1.8589584E-04   2.9620392E-03
     30     -163.5323067237  -1.1044531E-04   1.0254647E-03
     31     -163.5323207850  -1.4061357E-05   4.5976340E-04
     32     -163.5323221806  -1.3956186E-06   4.5556246E-04
     33     -163.5323249382  -2.7575310E-06   1.4277605E-04
     34     -163.5323250769  -1.3871369E-07   8.7686955E-05
     35     -163.5323251114  -3.4565488E-08   3.5753102E-05
     36     -163.5323251668  -5.5315127E-08   2.0294965E-05
     37     -163.5323251628   3.9634926E-09   1.3601966E-05
------------------------------------------------------------

 total:                                  21.565 sec
3
{'bond-orders': array([[ 0.00000000e+00,  3.08219873e-01,  2.14150131e-02, ...,
         2.05047062e-04,  7.04817882e-05,  2.10271482e-03],
       [ 3.08219873e-01,  0.00000000e+00,  2.36903714e-02, ...,
         2.49133096e-05, -3.87624344e-05,  7.49976192e-04],
       [ 2.14150131e-02,  2.36903714e-02,  0.00000000e+00, ...,
         7.72306881e-05,  1.31557705e-04,  2.07816714e-03],
       ...,
       [ 2.05047062e-04,  2.49133096e-05,  7.72306881e-05, ...,
         0.00000000e+00,  2.79263315e-03,  2.50982865e-02],
       [ 7.04817882e-05, -3.87624344e-05,  1.31557705e-04, ...,
         2.79263315e-03,  0.00000000e+00,  1.75000635e-02],
       [ 2.10271482e-03,  7.49976192e-04,  2.07816714e-03, ...,
         2.50982865e-02,  1.75000635e-02,  0.00000000e+00]],
      shape=(45, 45))}
{'bond-orders': array([[ 0.00000000e+00,  3.08219873e-01,  2.14150131e-02, ...,
         2.05047062e-04,  7.04817882e-05,  2.10271482e-03],
       [ 3.08219873e-01,  0.00000000e+00,  2.36903714e-02, ...,
         2.49133096e-05, -3.87624344e-05,  7.49976192e-04],
       [ 2.14150131e-02,  2.36903714e-02,  0.00000000e+00, ...,
         7.72306881e-05,  1.31557705e-04,  2.07816714e-03],
       ...,
       [ 2.05047062e-04,  2.49133096e-05,  7.72306881e-05, ...,
         0.00000000e+00,  2.79263315e-03,  2.50982865e-02],
       [ 7.04817882e-05, -3.87624344e-05,  1.31557705e-04, ...,
         2.79263315e-03,  0.00000000e+00,  1.75000635e-02],
       [ 2.10271482e-03,  7.49976192e-04,  2.07816714e-03, ...,
         2.50982865e-02,  1.75000635e-02,  0.00000000e+00]],
      shape=(45, 45)), 'molecular-dipole': array([-1.85209217,  1.15104055, -0.27553483])}
{'bond-orders': array([[ 0.00000000e+00,  3.08219873e-01,  2.14150131e-02, ...,
         2.05047062e-04,  7.04817882e-05,  2.10271482e-03],
       [ 3.08219873e-01,  0.00000000e+00,  2.36903714e-02, ...,
         2.49133096e-05, -3.87624344e-05,  7.49976192e-04],
       [ 2.14150131e-02,  2.36903714e-02,  0.00000000e+00, ...,
         7.72306881e-05,  1.31557705e-04,  2.07816714e-03],
       ...,
       [ 2.05047062e-04,  2.49133096e-05,  7.72306881e-05, ...,
         0.00000000e+00,  2.79263315e-03,  2.50982865e-02],
       [ 7.04817882e-05, -3.87624344e-05,  1.31557705e-04, ...,
         2.79263315e-03,  0.00000000e+00,  1.75000635e-02],
       [ 2.10271482e-03,  7.49976192e-04,  2.07816714e-03, ...,
         2.50982865e-02,  1.75000635e-02,  0.00000000e+00]],
      shape=(45, 45)), 'molecular-dipole': array([-1.85209217,  1.15104055, -0.27553483]), 'molecular-quadrupole': array([ -69.6733407 ,   28.11793013,   24.6755748 , -201.33028148,
        148.70165098,   44.9977659 ])}
------------------------------------------------------------
  cycle        total energy    energy error   density error
------------------------------------------------------------
      1     -163.5338290480  -1.6328932E+02   2.2238059E-03
      2     -163.5292594150   4.5696330E-03   4.0066559E-03
      3     -163.4980922438   3.1167171E-02   1.0727499E-02
      4     -163.5337885650  -3.5696321E-02   1.4026933E-03
      5     -163.5338543038  -6.5738762E-05   1.0693741E-03
      6     -163.5339206393  -6.6335540E-05   5.6940858E-04
      7     -163.5339490383  -2.8399000E-05   2.0021175E-04
      8     -163.5339506356  -1.5972415E-06   1.4119578E-04
      9     -163.5339506724  -3.6777834E-08   9.2750815E-05
     10     -163.5339518372  -1.1648305E-06   5.0128988E-05
     11     -163.5339523388  -5.0161177E-07   2.4725985E-05
     12     -163.5339524567  -1.1790794E-07   5.7549284E-06
------------------------------------------------------------

 total:                                  13.695 sec
3
{'bond-orders': array([[ 0.00000000e+00,  3.08109475e-01,  2.13777078e-02, ...,
         2.15851118e-04,  8.68411925e-05,  2.05387779e-03],
       [ 3.08109475e-01,  0.00000000e+00,  2.37061859e-02, ...,
         2.58610209e-05, -2.29518954e-05,  7.48734658e-04],
       [ 2.13777078e-02,  2.37061859e-02,  0.00000000e+00, ...,
         8.15831387e-05,  1.51568915e-04,  2.02449779e-03],
       ...,
       [ 2.15851118e-04,  2.58610209e-05,  8.15831387e-05, ...,
         0.00000000e+00,  3.18024974e-03,  2.60366539e-02],
       [ 8.68411925e-05, -2.29518954e-05,  1.51568915e-04, ...,
         3.18024974e-03,  0.00000000e+00,  1.91827204e-02],
       [ 2.05387779e-03,  7.48734658e-04,  2.02449779e-03, ...,
         2.60366539e-02,  1.91827204e-02,  0.00000000e+00]],
      shape=(45, 45))}
{'bond-orders': array([[ 0.00000000e+00,  3.08109475e-01,  2.13777078e-02, ...,
         2.15851118e-04,  8.68411925e-05,  2.05387779e-03],
       [ 3.08109475e-01,  0.00000000e+00,  2.37061859e-02, ...,
         2.58610209e-05, -2.29518954e-05,  7.48734658e-04],
       [ 2.13777078e-02,  2.37061859e-02,  0.00000000e+00, ...,
         8.15831387e-05,  1.51568915e-04,  2.02449779e-03],
       ...,
       [ 2.15851118e-04,  2.58610209e-05,  8.15831387e-05, ...,
         0.00000000e+00,  3.18024974e-03,  2.60366539e-02],
       [ 8.68411925e-05, -2.29518954e-05,  1.51568915e-04, ...,
         3.18024974e-03,  0.00000000e+00,  1.91827204e-02],
       [ 2.05387779e-03,  7.48734658e-04,  2.02449779e-03, ...,
         2.60366539e-02,  1.91827204e-02,  0.00000000e+00]],
      shape=(45, 45)), 'molecular-dipole': array([-1.85406161,  1.13627935, -0.26630908])}
{'bond-orders': array([[ 0.00000000e+00,  3.08109475e-01,  2.13777078e-02, ...,
         2.15851118e-04,  8.68411925e-05,  2.05387779e-03],
       [ 3.08109475e-01,  0.00000000e+00,  2.37061859e-02, ...,
         2.58610209e-05, -2.29518954e-05,  7.48734658e-04],
       [ 2.13777078e-02,  2.37061859e-02,  0.00000000e+00, ...,
         8.15831387e-05,  1.51568915e-04,  2.02449779e-03],
       ...,
       [ 2.15851118e-04,  2.58610209e-05,  8.15831387e-05, ...,
         0.00000000e+00,  3.18024974e-03,  2.60366539e-02],
       [ 8.68411925e-05, -2.29518954e-05,  1.51568915e-04, ...,
         3.18024974e-03,  0.00000000e+00,  1.91827204e-02],
       [ 2.05387779e-03,  7.48734658e-04,  2.02449779e-03, ...,
         2.60366539e-02,  1.91827204e-02,  0.00000000e+00]],
      shape=(45, 45)), 'molecular-dipole': array([-1.85406161,  1.13627935, -0.26630908]), 'molecular-quadrupole': array([ -70.09183865,   27.11863801,   24.0411705 , -201.17402088,
        147.00264983,   46.05066814])}
------------------------------------------------------------
  cycle        total energy    energy error   density error
------------------------------------------------------------
      1     -163.5358926972  -1.6329037E+02   3.6234350E-03
      2     -163.5323645422   3.5281550E-03   4.2390804E-03
      3     -163.4438436204   8.8520922E-02   1.7283722E-02
      4     -163.5344829445  -9.0639324E-02   3.3412476E-03
      5     -163.5359756066  -1.4926621E-03   1.3611241E-03
      6     -163.5361607425  -1.8513593E-04   7.8951972E-04
      7     -163.5361971003  -3.6357753E-05   2.8177408E-04
      8     -163.5361964704   6.2983261E-07   2.0016472E-04
      9     -163.5361938908   2.5796623E-06   1.6507526E-04
     10     -163.5361986725  -4.7817522E-06   8.3062249E-05
     11     -163.5362002103  -1.5378110E-06   3.6547546E-05
     12     -163.5362004845  -2.7419722E-07   9.7460565E-06
------------------------------------------------------------

 total:                                  13.680 sec
3
{'bond-orders': array([[0.00000000e+00, 3.08014761e-01, 2.12948205e-02, ...,
        2.32088673e-04, 1.13876580e-04, 1.94562141e-03],
       [3.08014761e-01, 0.00000000e+00, 2.36884803e-02, ...,
        2.72481057e-05, 7.37899122e-06, 7.13285906e-04],
       [2.12948205e-02, 2.36884803e-02, 0.00000000e+00, ...,
        8.89496453e-05, 1.84859641e-04, 1.89488499e-03],
       ...,
       [2.32088673e-04, 2.72481057e-05, 8.89496453e-05, ...,
        0.00000000e+00, 4.24618077e-03, 2.75208981e-02],
       [1.13876580e-04, 7.37899122e-06, 1.84859641e-04, ...,
        4.24618077e-03, 0.00000000e+00, 2.34201386e-02],
       [1.94562141e-03, 7.13285906e-04, 1.89488499e-03, ...,
        2.75208981e-02, 2.34201386e-02, 0.00000000e+00]], shape=(45, 45))}
{'bond-orders': array([[0.00000000e+00, 3.08014761e-01, 2.12948205e-02, ...,
        2.32088673e-04, 1.13876580e-04, 1.94562141e-03],
       [3.08014761e-01, 0.00000000e+00, 2.36884803e-02, ...,
        2.72481057e-05, 7.37899122e-06, 7.13285906e-04],
       [2.12948205e-02, 2.36884803e-02, 0.00000000e+00, ...,
        8.89496453e-05, 1.84859641e-04, 1.89488499e-03],
       ...,
       [2.32088673e-04, 2.72481057e-05, 8.89496453e-05, ...,
        0.00000000e+00, 4.24618077e-03, 2.75208981e-02],
       [1.13876580e-04, 7.37899122e-06, 1.84859641e-04, ...,
        4.24618077e-03, 0.00000000e+00, 2.34201386e-02],
       [1.94562141e-03, 7.13285906e-04, 1.89488499e-03, ...,
        2.75208981e-02, 2.34201386e-02, 0.00000000e+00]], shape=(45, 45)), 'molecular-dipole': array([-1.85289785,  1.11845084, -0.26698743])}
{'bond-orders': array([[0.00000000e+00, 3.08014761e-01, 2.12948205e-02, ...,
        2.32088673e-04, 1.13876580e-04, 1.94562141e-03],
       [3.08014761e-01, 0.00000000e+00, 2.36884803e-02, ...,
        2.72481057e-05, 7.37899122e-06, 7.13285906e-04],
       [2.12948205e-02, 2.36884803e-02, 0.00000000e+00, ...,
        8.89496453e-05, 1.84859641e-04, 1.89488499e-03],
       ...,
       [2.32088673e-04, 2.72481057e-05, 8.89496453e-05, ...,
        0.00000000e+00, 4.24618077e-03, 2.75208981e-02],
       [1.13876580e-04, 7.37899122e-06, 1.84859641e-04, ...,
        4.24618077e-03, 0.00000000e+00, 2.34201386e-02],
       [1.94562141e-03, 7.13285906e-04, 1.89488499e-03, ...,
        2.75208981e-02, 2.34201386e-02, 0.00000000e+00]], shape=(45, 45)), 'molecular-dipole': array([-1.85289785,  1.11845084, -0.26698743]), 'molecular-quadrupole': array([ -70.05304845,   26.1040854 ,   23.63788123, -201.28779052,
        144.72418756,   46.41516723])}
------------------------------------------------------------
  cycle        total energy    energy error   density error
------------------------------------------------------------
      1     -163.5370195046  -1.6329075E+02   9.2944078E-04
      2     -163.5369685345   5.0970116E-05   1.2871864E-03
      3     -163.5370089171  -4.0382570E-05   6.8919306E-04
      4     -163.5366143821   3.9453499E-04   1.2615655E-03
      5     -163.5361828263   4.3155578E-04   1.6941721E-03
      6     -163.5370096897  -8.2686334E-04   5.6666708E-04
      7     -163.5370414170  -3.1727385E-05   1.2219327E-04
      8     -163.5370417585  -3.4146436E-07   5.1259899E-05
      9     -163.5370420231  -2.6456732E-07   2.6485749E-05
     10     -163.5370420561  -3.2987714E-08   1.4604392E-05
------------------------------------------------------------

 total:                                  13.055 sec
3
{'bond-orders': array([[0.00000000e+00, 3.08094159e-01, 2.12742218e-02, ...,
        2.29883325e-04, 1.13036771e-04, 1.91961535e-03],
       [3.08094159e-01, 0.00000000e+00, 2.36503817e-02, ...,
        2.60462396e-05, 7.80068510e-06, 6.75687500e-04],
       [2.12742218e-02, 2.36503817e-02, 0.00000000e+00, ...,
        8.94997680e-05, 1.84189356e-04, 1.86081261e-03],
       ...,
       [2.29883325e-04, 2.60462396e-05, 8.94997680e-05, ...,
        0.00000000e+00, 4.80599292e-03, 2.73291410e-02],
       [1.13036771e-04, 7.80068510e-06, 1.84189356e-04, ...,
        4.80599292e-03, 0.00000000e+00, 2.48048730e-02],
       [1.91961535e-03, 6.75687500e-04, 1.86081261e-03, ...,
        2.73291410e-02, 2.48048730e-02, 0.00000000e+00]], shape=(45, 45))}
{'bond-orders': array([[0.00000000e+00, 3.08094159e-01, 2.12742218e-02, ...,
        2.29883325e-04, 1.13036771e-04, 1.91961535e-03],
       [3.08094159e-01, 0.00000000e+00, 2.36503817e-02, ...,
        2.60462396e-05, 7.80068510e-06, 6.75687500e-04],
       [2.12742218e-02, 2.36503817e-02, 0.00000000e+00, ...,
        8.94997680e-05, 1.84189356e-04, 1.86081261e-03],
       ...,
       [2.29883325e-04, 2.60462396e-05, 8.94997680e-05, ...,
        0.00000000e+00, 4.80599292e-03, 2.73291410e-02],
       [1.13036771e-04, 7.80068510e-06, 1.84189356e-04, ...,
        4.80599292e-03, 0.00000000e+00, 2.48048730e-02],
       [1.91961535e-03, 6.75687500e-04, 1.86081261e-03, ...,
        2.73291410e-02, 2.48048730e-02, 0.00000000e+00]], shape=(45, 45)), 'molecular-dipole': array([-1.8472599 ,  1.12842375, -0.28624494])}
{'bond-orders': array([[0.00000000e+00, 3.08094159e-01, 2.12742218e-02, ...,
        2.29883325e-04, 1.13036771e-04, 1.91961535e-03],
       [3.08094159e-01, 0.00000000e+00, 2.36503817e-02, ...,
        2.60462396e-05, 7.80068510e-06, 6.75687500e-04],
       [2.12742218e-02, 2.36503817e-02, 0.00000000e+00, ...,
        8.94997680e-05, 1.84189356e-04, 1.86081261e-03],
       ...,
       [2.29883325e-04, 2.60462396e-05, 8.94997680e-05, ...,
        0.00000000e+00, 4.80599292e-03, 2.73291410e-02],
       [1.13036771e-04, 7.80068510e-06, 1.84189356e-04, ...,
        4.80599292e-03, 0.00000000e+00, 2.48048730e-02],
       [1.91961535e-03, 6.75687500e-04, 1.86081261e-03, ...,
        2.73291410e-02, 2.48048730e-02, 0.00000000e+00]], shape=(45, 45)), 'molecular-dipole': array([-1.8472599 ,  1.12842375, -0.28624494]), 'molecular-quadrupole': array([ -69.18857685,   27.02014098,   24.44074312, -201.75978026,
        145.51383632,   44.74783372])}
------------------------------------------------------------
  cycle        total energy    energy error   density error
------------------------------------------------------------
      1     -163.5379513116  -1.6329108E+02   1.9499988E-03
      2     -163.5377828848   1.6842678E-04   1.8857620E-03
      3     -163.5332895426   4.4933421E-03   4.0222224E-03
      4     -163.5337509146  -4.6137200E-04   3.7236990E-03
      5     -163.5379974444  -4.2465297E-03   7.0756326E-04
      6     -163.5380038136  -6.3692125E-06   4.8891713E-04
      7     -163.5380063613  -2.5476798E-06   3.9081255E-04
      8     -163.5380160783  -9.7170030E-06   1.7515872E-04
      9     -163.5380174611  -1.3828328E-06   6.5772614E-05
     10     -163.5380181092  -6.4811684E-07   2.5438520E-05
     11     -163.5380181612  -5.1932375E-08   1.4253695E-05
------------------------------------------------------------

 total:                                  13.326 sec
3
{'bond-orders': array([[ 0.00000000e+00,  3.08275191e-01,  2.12651027e-02, ...,
         2.26263122e-04,  1.01941278e-04,  1.92099379e-03],
       [ 3.08275191e-01,  0.00000000e+00,  2.35767313e-02, ...,
         2.34046352e-05, -2.58016716e-06,  6.33050652e-04],
       [ 2.12651027e-02,  2.35767313e-02,  0.00000000e+00, ...,
         9.04440721e-05,  1.71409876e-04,  1.84719000e-03],
       ...,
       [ 2.26263122e-04,  2.34046352e-05,  9.04440721e-05, ...,
         0.00000000e+00,  5.46507167e-03,  2.66920665e-02],
       [ 1.01941278e-04, -2.58016716e-06,  1.71409876e-04, ...,
         5.46507167e-03,  0.00000000e+00,  2.54437906e-02],
       [ 1.92099379e-03,  6.33050652e-04,  1.84719000e-03, ...,
         2.66920665e-02,  2.54437906e-02,  0.00000000e+00]],
      shape=(45, 45))}
{'bond-orders': array([[ 0.00000000e+00,  3.08275191e-01,  2.12651027e-02, ...,
         2.26263122e-04,  1.01941278e-04,  1.92099379e-03],
       [ 3.08275191e-01,  0.00000000e+00,  2.35767313e-02, ...,
         2.34046352e-05, -2.58016716e-06,  6.33050652e-04],
       [ 2.12651027e-02,  2.35767313e-02,  0.00000000e+00, ...,
         9.04440721e-05,  1.71409876e-04,  1.84719000e-03],
       ...,
       [ 2.26263122e-04,  2.34046352e-05,  9.04440721e-05, ...,
         0.00000000e+00,  5.46507167e-03,  2.66920665e-02],
       [ 1.01941278e-04, -2.58016716e-06,  1.71409876e-04, ...,
         5.46507167e-03,  0.00000000e+00,  2.54437906e-02],
       [ 1.92099379e-03,  6.33050652e-04,  1.84719000e-03, ...,
         2.66920665e-02,  2.54437906e-02,  0.00000000e+00]],
      shape=(45, 45)), 'molecular-dipole': array([-1.84049789,  1.14517408, -0.31141745])}
{'bond-orders': array([[ 0.00000000e+00,  3.08275191e-01,  2.12651027e-02, ...,
         2.26263122e-04,  1.01941278e-04,  1.92099379e-03],
       [ 3.08275191e-01,  0.00000000e+00,  2.35767313e-02, ...,
         2.34046352e-05, -2.58016716e-06,  6.33050652e-04],
       [ 2.12651027e-02,  2.35767313e-02,  0.00000000e+00, ...,
         9.04440721e-05,  1.71409876e-04,  1.84719000e-03],
       ...,
       [ 2.26263122e-04,  2.34046352e-05,  9.04440721e-05, ...,
         0.00000000e+00,  5.46507167e-03,  2.66920665e-02],
       [ 1.01941278e-04, -2.58016716e-06,  1.71409876e-04, ...,
         5.46507167e-03,  0.00000000e+00,  2.54437906e-02],
       [ 1.92099379e-03,  6.33050652e-04,  1.84719000e-03, ...,
         2.66920665e-02,  2.54437906e-02,  0.00000000e+00]],
      shape=(45, 45)), 'molecular-dipole': array([-1.84049789,  1.14517408, -0.31141745]), 'molecular-quadrupole': array([ -67.92575993,   28.6109425 ,   25.65994313, -202.45698501,
        147.18433455,   42.2658168 ])}
------------------------------------------------------------
  cycle        total energy    energy error   density error
------------------------------------------------------------
      1     -163.5387161568  -1.6329209E+02   2.1457780E-03
      2     -163.5214374240   1.7278733E-02   7.4335465E-03
      3     -163.5316580469  -1.0220623E-02   4.9744738E-03
      4     -163.5387148765  -7.0568296E-03   1.5663861E-03
      5     -163.5387220729  -7.1963963E-06   1.2476442E-03
      6     -163.5388670092  -1.4493630E-04   6.4073349E-04
      7     -163.5388822822  -1.5273002E-05   2.7472616E-04
      8     -163.5388863428  -4.0606054E-06   1.3785487E-04
      9     -163.5388871604  -8.1757349E-07   7.5026880E-05
     10     -163.5388878248  -6.6440458E-07   2.9653850E-05
     11     -163.5388879091  -8.4349949E-08   1.7760709E-05
------------------------------------------------------------

 total:                                  13.447 sec
3
{'bond-orders': array([[ 0.00000000e+00,  3.08470360e-01,  2.12716658e-02, ...,
         2.24554600e-04,  8.90918934e-05,  1.94291197e-03],
       [ 3.08470360e-01,  0.00000000e+00,  2.35028350e-02, ...,
         1.99161505e-05, -1.63039973e-05,  6.21515724e-04],
       [ 2.12716658e-02,  2.35028350e-02,  0.00000000e+00, ...,
         9.23250454e-05,  1.55763593e-04,  1.85709271e-03],
       ...,
       [ 2.24554600e-04,  1.99161505e-05,  9.23250454e-05, ...,
         0.00000000e+00,  5.88519961e-03,  2.61112442e-02],
       [ 8.90918934e-05, -1.63039973e-05,  1.55763593e-04, ...,
         5.88519961e-03,  0.00000000e+00,  2.50756769e-02],
       [ 1.94291197e-03,  6.21515724e-04,  1.85709271e-03, ...,
         2.61112442e-02,  2.50756769e-02,  0.00000000e+00]],
      shape=(45, 45))}
{'bond-orders': array([[ 0.00000000e+00,  3.08470360e-01,  2.12716658e-02, ...,
         2.24554600e-04,  8.90918934e-05,  1.94291197e-03],
       [ 3.08470360e-01,  0.00000000e+00,  2.35028350e-02, ...,
         1.99161505e-05, -1.63039973e-05,  6.21515724e-04],
       [ 2.12716658e-02,  2.35028350e-02,  0.00000000e+00, ...,
         9.23250454e-05,  1.55763593e-04,  1.85709271e-03],
       ...,
       [ 2.24554600e-04,  1.99161505e-05,  9.23250454e-05, ...,
         0.00000000e+00,  5.88519961e-03,  2.61112442e-02],
       [ 8.90918934e-05, -1.63039973e-05,  1.55763593e-04, ...,
         5.88519961e-03,  0.00000000e+00,  2.50756769e-02],
       [ 1.94291197e-03,  6.21515724e-04,  1.85709271e-03, ...,
         2.61112442e-02,  2.50756769e-02,  0.00000000e+00]],
      shape=(45, 45)), 'molecular-dipole': array([-1.83666127,  1.1568866 , -0.34389867])}
{'bond-orders': array([[ 0.00000000e+00,  3.08470360e-01,  2.12716658e-02, ...,
         2.24554600e-04,  8.90918934e-05,  1.94291197e-03],
       [ 3.08470360e-01,  0.00000000e+00,  2.35028350e-02, ...,
         1.99161505e-05, -1.63039973e-05,  6.21515724e-04],
       [ 2.12716658e-02,  2.35028350e-02,  0.00000000e+00, ...,
         9.23250454e-05,  1.55763593e-04,  1.85709271e-03],
       ...,
       [ 2.24554600e-04,  1.99161505e-05,  9.23250454e-05, ...,
         0.00000000e+00,  5.88519961e-03,  2.61112442e-02],
       [ 8.90918934e-05, -1.63039973e-05,  1.55763593e-04, ...,
         5.88519961e-03,  0.00000000e+00,  2.50756769e-02],
       [ 1.94291197e-03,  6.21515724e-04,  1.85709271e-03, ...,
         2.61112442e-02,  2.50756769e-02,  0.00000000e+00]],
      shape=(45, 45)), 'molecular-dipole': array([-1.83666127,  1.1568866 , -0.34389867]), 'molecular-quadrupole': array([ -66.47063724,   29.88542213,   27.13490397, -203.77700067,
        147.93699765,   39.33573326])}
------------------------------------------------------------
  cycle        total energy    energy error   density error
------------------------------------------------------------
      1     -163.5399249327  -1.6329432E+02   2.5407195E-03
      2     -163.5204618567   1.9463076E-02   7.9932796E-03
      3     -163.5277199949  -7.2581382E-03   6.4254307E-03
      4     -163.5394282275  -1.1708233E-02   2.8930198E-03
      5     -163.5399088864  -4.8065891E-04   1.2548808E-03
      6     -163.5401158568  -2.0697041E-04   6.0418566E-04
      7     -163.5401261309  -1.0274049E-05   2.7253864E-04
      8     -163.5401285323  -2.4013816E-06   1.6763669E-04
      9     -163.5401295558  -1.0235215E-06   8.5660831E-05
     10     -163.5401303214  -7.6562765E-07   3.2968957E-05
     11     -163.5401304251  -1.0370354E-07   2.1103695E-05
     12     -163.5401304750  -4.9878821E-08   5.3460035E-06
------------------------------------------------------------

 total:                                  13.704 sec
3
{'bond-orders': array([[ 0.00000000e+00,  3.08737080e-01,  2.12875064e-02, ...,
         2.22576806e-04,  7.48223494e-05,  1.96395150e-03],
       [ 3.08737080e-01,  0.00000000e+00,  2.34059391e-02, ...,
         1.38776824e-05, -3.34529056e-05,  6.57619119e-04],
       [ 2.12875064e-02,  2.34059391e-02,  0.00000000e+00, ...,
         9.56980111e-05,  1.36621551e-04,  1.88185647e-03],
       ...,
       [ 2.22576806e-04,  1.38776824e-05,  9.56980111e-05, ...,
         0.00000000e+00,  6.21644006e-03,  2.55724183e-02],
       [ 7.48223494e-05, -3.34529056e-05,  1.36621551e-04, ...,
         6.21644006e-03,  0.00000000e+00,  2.42459300e-02],
       [ 1.96395150e-03,  6.57619119e-04,  1.88185647e-03, ...,
         2.55724183e-02,  2.42459300e-02,  0.00000000e+00]],
      shape=(45, 45))}
{'bond-orders': array([[ 0.00000000e+00,  3.08737080e-01,  2.12875064e-02, ...,
         2.22576806e-04,  7.48223494e-05,  1.96395150e-03],
       [ 3.08737080e-01,  0.00000000e+00,  2.34059391e-02, ...,
         1.38776824e-05, -3.34529056e-05,  6.57619119e-04],
       [ 2.12875064e-02,  2.34059391e-02,  0.00000000e+00, ...,
         9.56980111e-05,  1.36621551e-04,  1.88185647e-03],
       ...,
       [ 2.22576806e-04,  1.38776824e-05,  9.56980111e-05, ...,
         0.00000000e+00,  6.21644006e-03,  2.55724183e-02],
       [ 7.48223494e-05, -3.34529056e-05,  1.36621551e-04, ...,
         6.21644006e-03,  0.00000000e+00,  2.42459300e-02],
       [ 1.96395150e-03,  6.57619119e-04,  1.88185647e-03, ...,
         2.55724183e-02,  2.42459300e-02,  0.00000000e+00]],
      shape=(45, 45)), 'molecular-dipole': array([-1.83728441,  1.16052844, -0.38380489])}
{'bond-orders': array([[ 0.00000000e+00,  3.08737080e-01,  2.12875064e-02, ...,
         2.22576806e-04,  7.48223494e-05,  1.96395150e-03],
       [ 3.08737080e-01,  0.00000000e+00,  2.34059391e-02, ...,
         1.38776824e-05, -3.34529056e-05,  6.57619119e-04],
       [ 2.12875064e-02,  2.34059391e-02,  0.00000000e+00, ...,
         9.56980111e-05,  1.36621551e-04,  1.88185647e-03],
       ...,
       [ 2.22576806e-04,  1.38776824e-05,  9.56980111e-05, ...,
         0.00000000e+00,  6.21644006e-03,  2.55724183e-02],
       [ 7.48223494e-05, -3.34529056e-05,  1.36621551e-04, ...,
         6.21644006e-03,  0.00000000e+00,  2.42459300e-02],
       [ 1.96395150e-03,  6.57619119e-04,  1.88185647e-03, ...,
         2.55724183e-02,  2.42459300e-02,  0.00000000e+00]],
      shape=(45, 45)), 'molecular-dipole': array([-1.83728441,  1.16052844, -0.38380489]), 'molecular-quadrupole': array([ -64.82758467,   30.73760376,   28.85213735, -206.11523374,
        147.29030989,   35.97544732])}
------------------------------------------------------------
  cycle        total energy    energy error   density error
------------------------------------------------------------
      1     -163.5422172055  -1.6329723E+02   2.7918971E-03
      2     -163.5400555108   2.1616948E-03   4.1844628E-03
      3     -163.5241208271   1.5934684E-02   7.9829570E-03
      4     -163.5282019067  -4.0810796E-03   7.1539542E-03
      5     -163.5421366085  -1.3934702E-02   1.3634689E-03
      6     -163.5423340865  -1.9747801E-04   6.5055562E-04
      7     -163.5423482703  -1.4183772E-05   3.8762198E-04
      8     -163.5423523211  -4.0508453E-06   1.9651405E-04
      9     -163.5423535386  -1.2174501E-06   9.8658828E-05
     10     -163.5423547763  -1.2377031E-06   3.3529413E-05
     11     -163.5423548894  -1.1314989E-07   2.0047004E-05
     12     -163.5423549094  -1.9997231E-08   6.6852651E-06
------------------------------------------------------------

 total:                                  13.718 sec
3
{'bond-orders': array([[ 0.00000000e+00,  3.09202966e-01,  2.13129415e-02, ...,
         2.14837079e-04,  5.92630725e-05,  1.92621655e-03],
       [ 3.09202966e-01,  0.00000000e+00,  2.32487903e-02, ...,
         7.09050618e-06, -4.89595272e-05,  8.29271367e-04],
       [ 2.13129415e-02,  2.32487903e-02,  0.00000000e+00, ...,
         9.99997114e-05,  1.11951768e-04,  1.90304163e-03],
       ...,
       [ 2.14837079e-04,  7.09050618e-06,  9.99997114e-05, ...,
         0.00000000e+00,  6.45324804e-03,  2.52110532e-02],
       [ 5.92630725e-05, -4.89595272e-05,  1.11951768e-04, ...,
         6.45324804e-03,  0.00000000e+00,  2.34569704e-02],
       [ 1.92621655e-03,  8.29271367e-04,  1.90304163e-03, ...,
         2.52110532e-02,  2.34569704e-02,  0.00000000e+00]],
      shape=(45, 45))}
{'bond-orders': array([[ 0.00000000e+00,  3.09202966e-01,  2.13129415e-02, ...,
         2.14837079e-04,  5.92630725e-05,  1.92621655e-03],
       [ 3.09202966e-01,  0.00000000e+00,  2.32487903e-02, ...,
         7.09050618e-06, -4.89595272e-05,  8.29271367e-04],
       [ 2.13129415e-02,  2.32487903e-02,  0.00000000e+00, ...,
         9.99997114e-05,  1.11951768e-04,  1.90304163e-03],
       ...,
       [ 2.14837079e-04,  7.09050618e-06,  9.99997114e-05, ...,
         0.00000000e+00,  6.45324804e-03,  2.52110532e-02],
       [ 5.92630725e-05, -4.89595272e-05,  1.11951768e-04, ...,
         6.45324804e-03,  0.00000000e+00,  2.34569704e-02],
       [ 1.92621655e-03,  8.29271367e-04,  1.90304163e-03, ...,
         2.52110532e-02,  2.34569704e-02,  0.00000000e+00]],
      shape=(45, 45)), 'molecular-dipole': array([-1.84749675,  1.13954577, -0.41296264])}
{'bond-orders': array([[ 0.00000000e+00,  3.09202966e-01,  2.13129415e-02, ...,
         2.14837079e-04,  5.92630725e-05,  1.92621655e-03],
       [ 3.09202966e-01,  0.00000000e+00,  2.32487903e-02, ...,
         7.09050618e-06, -4.89595272e-05,  8.29271367e-04],
       [ 2.13129415e-02,  2.32487903e-02,  0.00000000e+00, ...,
         9.99997114e-05,  1.11951768e-04,  1.90304163e-03],
       ...,
       [ 2.14837079e-04,  7.09050618e-06,  9.99997114e-05, ...,
         0.00000000e+00,  6.45324804e-03,  2.52110532e-02],
       [ 5.92630725e-05, -4.89595272e-05,  1.11951768e-04, ...,
         6.45324804e-03,  0.00000000e+00,  2.34569704e-02],
       [ 1.92621655e-03,  8.29271367e-04,  1.90304163e-03, ...,
         2.52110532e-02,  2.34569704e-02,  0.00000000e+00]],
      shape=(45, 45)), 'molecular-dipole': array([-1.84749675,  1.13954577, -0.41296264]), 'molecular-quadrupole': array([ -63.65869786,   30.12317214,   29.96226832, -209.59888785,
        143.43694134,   33.69642955])}
------------------------------------------------------------
  cycle        total energy    energy error   density error
------------------------------------------------------------
      1     -163.5451675467  -1.6329725E+02   2.9781642E-03
      2     -163.5427834926   2.3840541E-03   5.7767168E-03
      3     -163.5421173113   6.6618130E-04   4.0630575E-03
      4     -163.5220910346   2.0026277E-02   8.6715663E-03
      5     -163.5444677922  -2.2376758E-02   2.1818488E-03
      6     -163.5453622490  -8.9445685E-04   7.1765362E-04
      7     -163.5453801671  -1.7918053E-05   4.4658165E-04
      8     -163.5453841374  -3.9703211E-06   2.7274262E-04
      9     -163.5453878481  -3.7107244E-06   7.4844440E-05
     10     -163.5453879754  -1.2724871E-07   3.9488700E-05
     11     -163.5453881191  -1.4374956E-07   1.7208982E-05
------------------------------------------------------------

 total:                                  13.370 sec
3
{'bond-orders': array([[ 0.00000000e+00,  3.10078614e-01,  2.13895857e-02, ...,
         1.89827299e-04,  4.27997628e-05,  1.74754100e-03],
       [ 3.10078614e-01,  0.00000000e+00,  2.30036436e-02, ...,
         1.69430752e-05, -4.41334112e-05,  1.23550567e-03],
       [ 2.13895857e-02,  2.30036436e-02,  0.00000000e+00, ...,
         9.87206226e-05,  8.17734543e-05,  1.87138651e-03],
       ...,
       [ 1.89827299e-04,  1.69430752e-05,  9.87206226e-05, ...,
         0.00000000e+00,  6.34689074e-03,  2.50135066e-02],
       [ 4.27997628e-05, -4.41334112e-05,  8.17734543e-05, ...,
         6.34689074e-03,  0.00000000e+00,  2.27458910e-02],
       [ 1.74754100e-03,  1.23550567e-03,  1.87138651e-03, ...,
         2.50135066e-02,  2.27458910e-02,  0.00000000e+00]],
      shape=(45, 45))}
{'bond-orders': array([[ 0.00000000e+00,  3.10078614e-01,  2.13895857e-02, ...,
         1.89827299e-04,  4.27997628e-05,  1.74754100e-03],
       [ 3.10078614e-01,  0.00000000e+00,  2.30036436e-02, ...,
         1.69430752e-05, -4.41334112e-05,  1.23550567e-03],
       [ 2.13895857e-02,  2.30036436e-02,  0.00000000e+00, ...,
         9.87206226e-05,  8.17734543e-05,  1.87138651e-03],
       ...,
       [ 1.89827299e-04,  1.69430752e-05,  9.87206226e-05, ...,
         0.00000000e+00,  6.34689074e-03,  2.50135066e-02],
       [ 4.27997628e-05, -4.41334112e-05,  8.17734543e-05, ...,
         6.34689074e-03,  0.00000000e+00,  2.27458910e-02],
       [ 1.74754100e-03,  1.23550567e-03,  1.87138651e-03, ...,
         2.50135066e-02,  2.27458910e-02,  0.00000000e+00]],
      shape=(45, 45)), 'molecular-dipole': array([-1.86414667,  1.08683979, -0.41564746])}
{'bond-orders': array([[ 0.00000000e+00,  3.10078614e-01,  2.13895857e-02, ...,
         1.89827299e-04,  4.27997628e-05,  1.74754100e-03],
       [ 3.10078614e-01,  0.00000000e+00,  2.30036436e-02, ...,
         1.69430752e-05, -4.41334112e-05,  1.23550567e-03],
       [ 2.13895857e-02,  2.30036436e-02,  0.00000000e+00, ...,
         9.87206226e-05,  8.17734543e-05,  1.87138651e-03],
       ...,
       [ 1.89827299e-04,  1.69430752e-05,  9.87206226e-05, ...,
         0.00000000e+00,  6.34689074e-03,  2.50135066e-02],
       [ 4.27997628e-05, -4.41334112e-05,  8.17734543e-05, ...,
         6.34689074e-03,  0.00000000e+00,  2.27458910e-02],
       [ 1.74754100e-03,  1.23550567e-03,  1.87138651e-03, ...,
         2.50135066e-02,  2.27458910e-02,  0.00000000e+00]],
      shape=(45, 45)), 'molecular-dipole': array([-1.86414667,  1.08683979, -0.41564746]), 'molecular-quadrupole': array([ -63.41889008,   27.60988785,   29.6629005 , -213.31854868,
        135.54667318,   33.75598958])}
------------------------------------------------------------
  cycle        total energy    energy error   density error
------------------------------------------------------------
      1     -163.5479731832  -1.6329541E+02   3.8662057E-03
      2     -163.5381581517   9.8150316E-03   8.4377769E-03
      3     -163.5068655163   3.1292635E-02   1.1750652E-02
      4     -163.5422607421  -3.5395226E-02   5.2478298E-03
      5     -163.5475632958  -5.3025537E-03   2.5822745E-03
      6     -163.5483222356  -7.5893980E-04   1.3768029E-03
      7     -163.5484216772  -9.9441605E-05   4.5571276E-04
      8     -163.5484280932  -6.4159802E-06   2.3335183E-04
