/home/ans819/.conda/envs/autoflow/lib/python3.13/site-packages/e3nn/o3/_wigner.py:10: UserWarning: Environment variable TORCH_FORCE_NO_WEIGHTS_ONLY_LOAD detected, since the`weights_only` argument was not explicitly passed to `torch.load`, forcing weights_only=False.
  _Jd, _W3j_flat, _W3j_indices = torch.load(os.path.join(os.path.dirname(__file__), 'constants.pt'))

          ==================== Thresholds ====================
          CN  :   150.00000
          rep :   500.00000
          disp:  2500.00000
          HB1 :   250.00000
          HB2 :   450.00000

          Pauling EN used:
          Z : 1  EN :  2.20
          Z : 6  EN :  2.55
          Z : 8  EN :  3.44
          Z :47  EN :  1.93
          electric field strengths (au): 0.000

           ------------------------------------------------- 
          |           Force Field Initialization            |
           ------------------------------------------------- 

          distances ...
          ----------------------------------------
          generating topology and atomic info file ...
          pair mat ...
          computing topology distances matrix with Floyd-Warshall algo ...
          making topology EEQ charges ...
          #fragments for EEQ constrain: 1
          ----------------------------------------
          generating topology and atomic info file ...
          pair mat ...
          computing topology distances matrix with Floyd-Warshall algo ...
          making topology EEQ charges ...
          #fragments for EEQ constrain: 1
          rings ...
          # BATM   3307
          # H in HB   0

  atom   neighbors  erfCN metchar sp-hybrid imet pi  qest     coordinates
    1  Ag      2    1.35   0.37         2    2    0   0.002    4.329283    0.356229   25.294828
    2  Ag      5    3.15   0.31         0    2    0   0.017    7.819593    4.630967   25.294828
    3  Ag      9    4.27   0.07         0    2    0   0.010   16.545366    8.193249   26.887929
    4  Ag      7    3.92   0.19         0    2    0   0.011   13.055057    3.918511   26.887929
    5  Ag      7    3.92   0.19         0    2    0   0.009   21.780830    7.480793   28.481030
    6  Ag      6    3.59   0.27         0    2    0   0.014   18.290521    3.206054   28.481030
    7  Ag      9    4.27   0.07         0    2    0   0.010    9.564747    6.768336   30.074131
    8  Ag      6    3.59   0.23         0    2    0   0.020    6.074438    2.493598   30.074131
    9  Ag     12    4.39   0.01         0    2    0   0.009   14.800211    6.055880   31.667232
   10  Ag      7    3.92   0.19         0    2    0   0.014   11.309902    1.781141   31.667232
   11  Ag      9    4.27   0.07         0    2    0   0.008   20.035675    5.343423   33.260333
   12  Ag      6    3.59   0.27         0    2    0   0.019   16.545366    1.068685   33.260333
   13  Ag      8    4.14   0.11         0    2    0   0.020    7.819593    4.630967   34.853434
   14  Ag      3    2.00   0.37         2    2    0   0.025    4.329283    0.356229   34.853434
   15  Ag      8    4.14   0.12         0    2    0   0.027   13.055057    3.918511   36.446534
   16  Ag     10    4.34   0.04         0    2    0   0.009   16.545366    8.193249   36.446534
   17  Ag      5    3.15   0.34         0    2    0   0.020   18.290521    3.206054   38.039635
   18  Ag      6    3.59   0.26         0    2    0   0.013   21.780830    7.480793   38.039635
   19  Ag      4    2.30   0.41         3    2    0   0.099    6.074438    2.493598   39.632736
   20  Ag      8    4.15   0.10         0    2    0   0.122    9.564747    6.768336   39.632736
   21  Ag      6    3.59   0.26         0    2    0   0.013   11.309902    8.905705   25.294828
   22  Ag      5    3.15   0.34         0    2    0   0.016   14.800211   13.180444   25.294828
   23  Ag      4    2.61   0.38         3    2    0   0.016   23.525985   16.742726   26.887929
   24  Ag      8    4.14   0.12         0    2    0   0.009   20.035675   12.467987   26.887929
   25  Ag      3    2.00   0.39         2    2    0   0.010   28.761449   16.030269   28.481030
   26  Ag      7    3.92   0.19         0    2    0   0.014   25.271139   11.755531   28.481030
   27  Ag      6    3.59   0.27         0    2    0   0.013   16.545366   15.317813   30.074131
   28  Ag      9    4.27   0.07         0    2    0   0.014   13.055057   11.043075   30.074131
   29  Ag      9    4.27   0.07         0    2    0   0.008   21.780830   14.605357   31.667232
/home/ans819/.conda/envs/autoflow/lib/python3.13/site-packages/mace/calculators/mace.py:197: UserWarning: Environment variable TORCH_FORCE_NO_WEIGHTS_ONLY_LOAD detected, since the`weights_only` argument was not explicitly passed to `torch.load`, forcing weights_only=False.
  torch.load(f=model_path, map_location=device)
/home/ans819/.conda/envs/autoflow/lib/python3.13/site-packages/chgnet/model/model.py:898: UserWarning: Converting a tensor with requires_grad=True to a scalar may lead to unexpected behavior.
Consider using tensor.detach() first. (Triggered internally at /pytorch/torch/csrc/autograd/generated/python_variable_methods.cpp:836.)
  volumes = torch.tensor(volumes, dtype=TORCH_DTYPE, device=atomic_numbers.device)
cuequivariance or cuequivariance_torch is not available. Cuequivariance acceleration will be disabled.
------------------------------------------------------------
  cycle        total energy    energy error   density error
------------------------------------------------------------
      1     -163.1651515893  -1.6292403E+02   9.9906221E-01
      2     -161.6274333322   1.5377183E+00   6.2004552E-01
      3      373.3050751261   5.3493251E+02   1.8605841E+00
      4     -126.8783299220  -5.0018341E+02   7.9730574E-01
      5     -63.60008316977   6.3278247E+01   6.5464704E-01
      6     -151.5756605219  -8.7975577E+01   3.0298160E-01
      7     -153.3844520221  -1.8087915E+00   2.2133094E-01
      8     -163.2139578445  -9.8295058E+00   7.2627257E-02
      9     -163.4030367264  -1.8907888E-01   4.7828662E-02
     10     -163.1866242406   2.1641249E-01   4.6860709E-02
     11     -163.4628321006  -2.7620786E-01   3.2431170E-02
     12     -163.5040544219  -4.1222321E-02   2.6362922E-02
     13     -163.4962849709   7.7694510E-03   2.3305679E-02
     14     -163.5055838636  -9.2988927E-03   1.9906013E-02
     15     -163.5098689532  -4.2850897E-03   1.7527995E-02
     16     -163.5084577413   1.4112119E-03   1.6209365E-02
     17     -163.5105633398  -2.1055985E-03   1.4372428E-02
     18     -163.5109780899  -4.1475012E-04   1.2735078E-02
     19     -163.5117174991  -7.3940913E-04   1.1549376E-02
     20     -163.5123176940  -6.0019489E-04   1.0708601E-02
     21     -163.5124892591  -1.7156510E-04   9.8617505E-03
     22     -163.5128563318  -3.6707278E-04   8.7866635E-03
     23     -163.5130138884  -1.5755657E-04   8.1557479E-03
     24     -163.5137412653  -7.2737688E-04   4.2647147E-03
     25     -163.5140317289  -2.9046365E-04   1.3177784E-03
     26     -163.5140486130  -1.6884025E-05   1.2879306E-03
     27     -163.5140550868  -6.4738041E-06   1.1463516E-03
     28     -163.5140681317  -1.3044923E-05   1.0180974E-03
     29     -163.5140779353  -9.8036505E-06   9.8165238E-04
     30     -163.5140895331  -1.1597743E-05   6.3171588E-04
     31     -163.5140972563  -7.7232365E-06   4.8987965E-04
     32     -163.5141058554  -8.5990594E-06   2.1223566E-04
     33     -163.5141080077  -2.1523103E-06   7.5127785E-05
     34     -163.5141081371  -1.2936709E-07   2.9001751E-05
     35     -163.5141081490  -1.1944422E-08   1.9433252E-05
------------------------------------------------------------

 total:                                  20.384 sec
3
{'bond-orders': array([[0.00000000e+00, 3.10020165e-01, 2.08223176e-02, ...,
        1.88363561e-04, 2.43315551e-04, 2.03303075e-03],
       [3.10020165e-01, 0.00000000e+00, 1.96252124e-02, ...,
        6.64913236e-05, 1.53792442e-04, 2.24067423e-03],
       [2.08223176e-02, 1.96252124e-02, 0.00000000e+00, ...,
        2.34182114e-05, 1.42124185e-04, 1.18815525e-03],
       ...,
       [1.88363561e-04, 6.64913236e-05, 2.34182114e-05, ...,
        0.00000000e+00, 2.49620481e-03, 1.95275111e-02],
       [2.43315551e-04, 1.53792442e-04, 1.42124185e-04, ...,
        2.49620481e-03, 0.00000000e+00, 2.38738621e-02],
       [2.03303075e-03, 2.24067423e-03, 1.18815525e-03, ...,
        1.95275111e-02, 2.38738621e-02, 0.00000000e+00]], shape=(45, 45))}
{'bond-orders': array([[0.00000000e+00, 3.10020165e-01, 2.08223176e-02, ...,
        1.88363561e-04, 2.43315551e-04, 2.03303075e-03],
       [3.10020165e-01, 0.00000000e+00, 1.96252124e-02, ...,
        6.64913236e-05, 1.53792442e-04, 2.24067423e-03],
       [2.08223176e-02, 1.96252124e-02, 0.00000000e+00, ...,
        2.34182114e-05, 1.42124185e-04, 1.18815525e-03],
       ...,
       [1.88363561e-04, 6.64913236e-05, 2.34182114e-05, ...,
        0.00000000e+00, 2.49620481e-03, 1.95275111e-02],
       [2.43315551e-04, 1.53792442e-04, 1.42124185e-04, ...,
        2.49620481e-03, 0.00000000e+00, 2.38738621e-02],
       [2.03303075e-03, 2.24067423e-03, 1.18815525e-03, ...,
        1.95275111e-02, 2.38738621e-02, 0.00000000e+00]], shape=(45, 45)), 'molecular-dipole': array([ 1.22727837,  2.2105913 , -1.00099107])}
{'bond-orders': array([[0.00000000e+00, 3.10020165e-01, 2.08223176e-02, ...,
        1.88363561e-04, 2.43315551e-04, 2.03303075e-03],
       [3.10020165e-01, 0.00000000e+00, 1.96252124e-02, ...,
        6.64913236e-05, 1.53792442e-04, 2.24067423e-03],
       [2.08223176e-02, 1.96252124e-02, 0.00000000e+00, ...,
        2.34182114e-05, 1.42124185e-04, 1.18815525e-03],
       ...,
       [1.88363561e-04, 6.64913236e-05, 2.34182114e-05, ...,
        0.00000000e+00, 2.49620481e-03, 1.95275111e-02],
       [2.43315551e-04, 1.53792442e-04, 1.42124185e-04, ...,
        2.49620481e-03, 0.00000000e+00, 2.38738621e-02],
       [2.03303075e-03, 2.24067423e-03, 1.18815525e-03, ...,
        1.95275111e-02, 2.38738621e-02, 0.00000000e+00]], shape=(45, 45)), 'molecular-dipole': array([ 1.22727837,  2.2105913 , -1.00099107]), 'molecular-quadrupole': array([ 37.52161968, 115.87651448,  21.93438306, 164.83618327,
       273.55739018, -59.45600274])}
------------------------------------------------------------
  cycle        total energy    energy error   density error
------------------------------------------------------------
      1     -163.5165799098  -1.6327587E+02   2.6464774E-03
      2     -163.5148523740   1.7275358E-03   2.8834926E-03
      3     -163.4720637488   4.2788625E-02   1.1942244E-02
      4     -163.5164122082  -4.4348459E-02   1.7611271E-03
      5     -163.5163821522   3.0055916E-05   1.7772687E-03
      6     -163.5166618264  -2.7967419E-04   7.9823568E-04
      7     -163.5167002378  -3.8411377E-05   4.4876713E-04
      8     -163.5167207216  -2.0483775E-05   2.5866726E-04
      9     -163.5167258949  -5.1733147E-06   1.6452199E-04
     10     -163.5167289603  -3.0653522E-06   9.6765675E-05
     11     -163.5167303237  -1.3634591E-06   5.7835439E-05
     12     -163.5167311030  -7.7929724E-07   1.6232172E-05
------------------------------------------------------------

 total:                                  13.366 sec
3
{'bond-orders': array([[0.00000000e+00, 3.09976943e-01, 2.07299624e-02, ...,
        2.06458964e-04, 2.29696210e-04, 1.92793122e-03],
       [3.09976943e-01, 0.00000000e+00, 1.97401419e-02, ...,
        8.35114722e-05, 1.47633012e-04, 2.09060148e-03],
       [2.07299624e-02, 1.97401419e-02, 0.00000000e+00, ...,
        3.60253839e-05, 1.40153565e-04, 1.12250983e-03],
       ...,
       [2.06458964e-04, 8.35114722e-05, 3.60253839e-05, ...,
        0.00000000e+00, 2.94533129e-03, 2.14994641e-02],
       [2.29696210e-04, 1.47633012e-04, 1.40153565e-04, ...,
        2.94533129e-03, 0.00000000e+00, 2.42346965e-02],
       [1.92793122e-03, 2.09060148e-03, 1.12250983e-03, ...,
        2.14994641e-02, 2.42346965e-02, 0.00000000e+00]], shape=(45, 45))}
{'bond-orders': array([[0.00000000e+00, 3.09976943e-01, 2.07299624e-02, ...,
        2.06458964e-04, 2.29696210e-04, 1.92793122e-03],
       [3.09976943e-01, 0.00000000e+00, 1.97401419e-02, ...,
        8.35114722e-05, 1.47633012e-04, 2.09060148e-03],
       [2.07299624e-02, 1.97401419e-02, 0.00000000e+00, ...,
        3.60253839e-05, 1.40153565e-04, 1.12250983e-03],
       ...,
       [2.06458964e-04, 8.35114722e-05, 3.60253839e-05, ...,
        0.00000000e+00, 2.94533129e-03, 2.14994641e-02],
       [2.29696210e-04, 1.47633012e-04, 1.40153565e-04, ...,
        2.94533129e-03, 0.00000000e+00, 2.42346965e-02],
       [1.92793122e-03, 2.09060148e-03, 1.12250983e-03, ...,
        2.14994641e-02, 2.42346965e-02, 0.00000000e+00]], shape=(45, 45)), 'molecular-dipole': array([ 1.20679416,  2.16077165, -0.97230732])}
{'bond-orders': array([[0.00000000e+00, 3.09976943e-01, 2.07299624e-02, ...,
        2.06458964e-04, 2.29696210e-04, 1.92793122e-03],
       [3.09976943e-01, 0.00000000e+00, 1.97401419e-02, ...,
        8.35114722e-05, 1.47633012e-04, 2.09060148e-03],
       [2.07299624e-02, 1.97401419e-02, 0.00000000e+00, ...,
        3.60253839e-05, 1.40153565e-04, 1.12250983e-03],
       ...,
       [2.06458964e-04, 8.35114722e-05, 3.60253839e-05, ...,
        0.00000000e+00, 2.94533129e-03, 2.14994641e-02],
       [2.29696210e-04, 1.47633012e-04, 1.40153565e-04, ...,
        2.94533129e-03, 0.00000000e+00, 2.42346965e-02],
       [1.92793122e-03, 2.09060148e-03, 1.12250983e-03, ...,
        2.14994641e-02, 2.42346965e-02, 0.00000000e+00]], shape=(45, 45)), 'molecular-dipole': array([ 1.20679416,  2.16077165, -0.97230732]), 'molecular-quadrupole': array([ 35.80488825, 113.73346492,  20.29349379, 162.68926265,
       267.60698953, -56.09838204])}
------------------------------------------------------------
  cycle        total energy    energy error   density error
------------------------------------------------------------
      1     -163.5189890383  -1.6327765E+02   3.1230326E-03
      2     -163.4866139862   3.2375052E-02   1.0103558E-02
      3     -163.4968788092  -1.0264823E-02   8.7932517E-03
      4     -163.5191523118  -2.2273503E-02   1.4800258E-03
      5     -163.5192946266  -1.4231479E-04   1.2661020E-03
      6     -163.5193368015  -4.2174874E-05   1.1073825E-03
      7     -163.5193655435  -2.8742075E-05   6.0818274E-04
      8     -163.5194064980  -4.0954493E-05   3.0683070E-04
      9     -163.5194151654  -8.6673374E-06   1.8617072E-04
     10     -163.5194188441  -3.6786825E-06   9.9673319E-05
     11     -163.5194199743  -1.1302868E-06   5.7063615E-05
     12     -163.5194207234  -7.4903880E-07   1.9377102E-05
------------------------------------------------------------

 total:                                  13.444 sec
3
{'bond-orders': array([[0.00000000e+00, 3.09892603e-01, 2.06410160e-02, ...,
        2.35545392e-04, 2.21686590e-04, 1.80396675e-03],
       [3.09892603e-01, 0.00000000e+00, 1.98417702e-02, ...,
        1.03253365e-04, 1.43454086e-04, 1.90057354e-03],
       [2.06410160e-02, 1.98417702e-02, 0.00000000e+00, ...,
        5.31337868e-05, 1.38539016e-04, 1.05228904e-03],
       ...,
       [2.35545392e-04, 1.03253365e-04, 5.31337868e-05, ...,
        0.00000000e+00, 3.84399303e-03, 2.40990131e-02],
       [2.21686590e-04, 1.43454086e-04, 1.38539016e-04, ...,
        3.84399303e-03, 0.00000000e+00, 2.50687211e-02],
       [1.80396675e-03, 1.90057354e-03, 1.05228904e-03, ...,
        2.40990131e-02, 2.50687211e-02, 0.00000000e+00]], shape=(45, 45))}
{'bond-orders': array([[0.00000000e+00, 3.09892603e-01, 2.06410160e-02, ...,
        2.35545392e-04, 2.21686590e-04, 1.80396675e-03],
       [3.09892603e-01, 0.00000000e+00, 1.98417702e-02, ...,
        1.03253365e-04, 1.43454086e-04, 1.90057354e-03],
       [2.06410160e-02, 1.98417702e-02, 0.00000000e+00, ...,
        5.31337868e-05, 1.38539016e-04, 1.05228904e-03],
       ...,
       [2.35545392e-04, 1.03253365e-04, 5.31337868e-05, ...,
        0.00000000e+00, 3.84399303e-03, 2.40990131e-02],
       [2.21686590e-04, 1.43454086e-04, 1.38539016e-04, ...,
        3.84399303e-03, 0.00000000e+00, 2.50687211e-02],
       [1.80396675e-03, 1.90057354e-03, 1.05228904e-03, ...,
        2.40990131e-02, 2.50687211e-02, 0.00000000e+00]], shape=(45, 45)), 'molecular-dipole': array([ 1.19123687,  2.09512102, -0.92809707])}
{'bond-orders': array([[0.00000000e+00, 3.09892603e-01, 2.06410160e-02, ...,
        2.35545392e-04, 2.21686590e-04, 1.80396675e-03],
       [3.09892603e-01, 0.00000000e+00, 1.98417702e-02, ...,
        1.03253365e-04, 1.43454086e-04, 1.90057354e-03],
       [2.06410160e-02, 1.98417702e-02, 0.00000000e+00, ...,
        5.31337868e-05, 1.38539016e-04, 1.05228904e-03],
       ...,
       [2.35545392e-04, 1.03253365e-04, 5.31337868e-05, ...,
        0.00000000e+00, 3.84399303e-03, 2.40990131e-02],
       [2.21686590e-04, 1.43454086e-04, 1.38539016e-04, ...,
        3.84399303e-03, 0.00000000e+00, 2.50687211e-02],
       [1.80396675e-03, 1.90057354e-03, 1.05228904e-03, ...,
        2.40990131e-02, 2.50687211e-02, 0.00000000e+00]], shape=(45, 45)), 'molecular-dipole': array([ 1.19123687,  2.09512102, -0.92809707]), 'molecular-quadrupole': array([ 33.56379894, 111.21800321,  17.89426365, 161.41732872,
       259.88111116, -51.45806259])}
------------------------------------------------------------
  cycle        total energy    energy error   density error
------------------------------------------------------------
      1     -163.5212031437  -1.6327812E+02   1.7417547E-03
      2     -163.4962534873   2.4949656E-02   9.1252229E-03
      3     -163.5179926262  -2.1739139E-02   3.6201060E-03
      4     -163.5213151450  -3.3225188E-03   1.3894930E-03
      5     -163.5212978683   1.7276694E-05   1.1276720E-03
      6     -163.5214131153  -1.1524708E-04   5.5333337E-04
      7     -163.5214239523  -1.0836932E-05   2.6980461E-04
      8     -163.5214296171  -5.6648089E-06   1.3253133E-04
      9     -163.5214318589  -2.2418604E-06   5.9130581E-05
     10     -163.5214322129  -3.5399651E-07   3.3148786E-05
     11     -163.5214322857  -7.2746218E-08   1.5439614E-05
------------------------------------------------------------

 total:                                  12.962 sec
3
{'bond-orders': array([[0.00000000e+00, 3.09823557e-01, 2.06350944e-02, ...,
        2.49279229e-04, 2.15291435e-04, 1.77120200e-03],
       [3.09823557e-01, 0.00000000e+00, 1.98124485e-02, ...,
        1.02797887e-04, 1.34613410e-04, 1.81726130e-03],
       [2.06350944e-02, 1.98124485e-02, 0.00000000e+00, ...,
        5.34919316e-05, 1.26318799e-04, 1.03889622e-03],
       ...,
       [2.49279229e-04, 1.02797887e-04, 5.34919316e-05, ...,
        0.00000000e+00, 4.73258563e-03, 2.47490300e-02],
       [2.15291435e-04, 1.34613410e-04, 1.26318799e-04, ...,
        4.73258563e-03, 0.00000000e+00, 2.51623136e-02],
       [1.77120200e-03, 1.81726130e-03, 1.03889622e-03, ...,
        2.47490300e-02, 2.51623136e-02, 0.00000000e+00]], shape=(45, 45))}
{'bond-orders': array([[0.00000000e+00, 3.09823557e-01, 2.06350944e-02, ...,
        2.49279229e-04, 2.15291435e-04, 1.77120200e-03],
       [3.09823557e-01, 0.00000000e+00, 1.98124485e-02, ...,
        1.02797887e-04, 1.34613410e-04, 1.81726130e-03],
       [2.06350944e-02, 1.98124485e-02, 0.00000000e+00, ...,
        5.34919316e-05, 1.26318799e-04, 1.03889622e-03],
       ...,
       [2.49279229e-04, 1.02797887e-04, 5.34919316e-05, ...,
        0.00000000e+00, 4.73258563e-03, 2.47490300e-02],
       [2.15291435e-04, 1.34613410e-04, 1.26318799e-04, ...,
        4.73258563e-03, 0.00000000e+00, 2.51623136e-02],
       [1.77120200e-03, 1.81726130e-03, 1.03889622e-03, ...,
        2.47490300e-02, 2.51623136e-02, 0.00000000e+00]], shape=(45, 45)), 'molecular-dipole': array([ 1.193653  ,  2.07260539, -0.90826609])}
{'bond-orders': array([[0.00000000e+00, 3.09823557e-01, 2.06350944e-02, ...,
        2.49279229e-04, 2.15291435e-04, 1.77120200e-03],
       [3.09823557e-01, 0.00000000e+00, 1.98124485e-02, ...,
        1.02797887e-04, 1.34613410e-04, 1.81726130e-03],
       [2.06350944e-02, 1.98124485e-02, 0.00000000e+00, ...,
        5.34919316e-05, 1.26318799e-04, 1.03889622e-03],
       ...,
       [2.49279229e-04, 1.02797887e-04, 5.34919316e-05, ...,
        0.00000000e+00, 4.73258563e-03, 2.47490300e-02],
       [2.15291435e-04, 1.34613410e-04, 1.26318799e-04, ...,
        4.73258563e-03, 0.00000000e+00, 2.51623136e-02],
       [1.77120200e-03, 1.81726130e-03, 1.03889622e-03, ...,
        2.47490300e-02, 2.51623136e-02, 0.00000000e+00]], shape=(45, 45)), 'molecular-dipole': array([ 1.193653  ,  2.07260539, -0.90826609]), 'molecular-quadrupole': array([ 32.6502068 , 110.56753481,  16.94129684, 161.81692517,
       257.255706  , -49.59150364])}
------------------------------------------------------------
  cycle        total energy    energy error   density error
------------------------------------------------------------
      1     -163.5233908139  -1.6327885E+02   3.2567159E-03
      2     -163.5190287226   4.3620913E-03   5.3238300E-03
      3     -163.4909533017   2.8075421E-02   1.0382496E-02
      4     -163.5164447465  -2.5491445E-02   5.7631903E-03
      5     -163.5234988340  -7.0540874E-03   1.3479542E-03
      6     -163.5235125972  -1.3763262E-05   9.5116950E-04
      7     -163.5235849527  -7.2355515E-05   4.3634985E-04
      8     -163.5235890056  -4.0528449E-06   2.3233384E-04
      9     -163.5235932241  -4.2184833E-06   1.0261374E-04
     10     -163.5235937459  -5.2188753E-07   4.8373926E-05
     11     -163.5235938679  -1.2193905E-07   3.1112808E-05
     12     -163.5235939192  -5.1363401E-08   1.0394062E-05
------------------------------------------------------------

 total:                                  13.098 sec
3
{'bond-orders': array([[0.00000000e+00, 3.09746054e-01, 2.07179749e-02, ...,
        2.50638885e-04, 2.13890339e-04, 1.78860898e-03],
       [3.09746054e-01, 0.00000000e+00, 1.96799801e-02, ...,
        8.79750120e-05, 1.26070432e-04, 1.80705036e-03],
       [2.07179749e-02, 1.96799801e-02, 0.00000000e+00, ...,
        4.31950215e-05, 1.08583565e-04, 1.09603720e-03],
       ...,
       [2.50638885e-04, 8.79750120e-05, 4.31950215e-05, ...,
        0.00000000e+00, 5.84204888e-03, 2.38060326e-02],
       [2.13890339e-04, 1.26070432e-04, 1.08583565e-04, ...,
        5.84204888e-03, 0.00000000e+00, 2.48037826e-02],
       [1.78860898e-03, 1.80705036e-03, 1.09603720e-03, ...,
        2.38060326e-02, 2.48037826e-02, 0.00000000e+00]], shape=(45, 45))}
{'bond-orders': array([[0.00000000e+00, 3.09746054e-01, 2.07179749e-02, ...,
        2.50638885e-04, 2.13890339e-04, 1.78860898e-03],
       [3.09746054e-01, 0.00000000e+00, 1.96799801e-02, ...,
        8.79750120e-05, 1.26070432e-04, 1.80705036e-03],
       [2.07179749e-02, 1.96799801e-02, 0.00000000e+00, ...,
        4.31950215e-05, 1.08583565e-04, 1.09603720e-03],
       ...,
       [2.50638885e-04, 8.79750120e-05, 4.31950215e-05, ...,
        0.00000000e+00, 5.84204888e-03, 2.38060326e-02],
       [2.13890339e-04, 1.26070432e-04, 1.08583565e-04, ...,
        5.84204888e-03, 0.00000000e+00, 2.48037826e-02],
       [1.78860898e-03, 1.80705036e-03, 1.09603720e-03, ...,
        2.38060326e-02, 2.48037826e-02, 0.00000000e+00]], shape=(45, 45)), 'molecular-dipole': array([ 1.21498961,  2.087002  , -0.91759011])}
{'bond-orders': array([[0.00000000e+00, 3.09746054e-01, 2.07179749e-02, ...,
        2.50638885e-04, 2.13890339e-04, 1.78860898e-03],
       [3.09746054e-01, 0.00000000e+00, 1.96799801e-02, ...,
        8.79750120e-05, 1.26070432e-04, 1.80705036e-03],
       [2.07179749e-02, 1.96799801e-02, 0.00000000e+00, ...,
        4.31950215e-05, 1.08583565e-04, 1.09603720e-03],
       ...,
       [2.50638885e-04, 8.79750120e-05, 4.31950215e-05, ...,
        0.00000000e+00, 5.84204888e-03, 2.38060326e-02],
       [2.13890339e-04, 1.26070432e-04, 1.08583565e-04, ...,
        5.84204888e-03, 0.00000000e+00, 2.48037826e-02],
       [1.78860898e-03, 1.80705036e-03, 1.09603720e-03, ...,
        2.38060326e-02, 2.48037826e-02, 0.00000000e+00]], shape=(45, 45)), 'molecular-dipole': array([ 1.21498961,  2.087002  , -0.91759011]), 'molecular-quadrupole': array([ 33.28784184, 112.07615192,  17.52448818, 163.28562222,
       258.31601118, -50.81233003])}
------------------------------------------------------------
  cycle        total energy    energy error   density error
------------------------------------------------------------
      1     -163.5254038091  -1.6328186E+02   3.8810652E-03
      2     -163.5245484511   8.5535805E-04   4.0221996E-03
      3     -163.5232954912   1.2529599E-03   5.5739073E-03
      4     -163.5235334535  -2.3796237E-04   2.8829154E-03
      5     -163.5128070017   1.0726452E-02   6.4384486E-03
      6     -163.5254029223  -1.2595921E-02   1.1814545E-03
      7     -163.5255886647  -1.8574234E-04   5.7938701E-04
      8     -163.5255982531  -9.5884553E-06   3.0575638E-04
      9     -163.5256069741  -8.7210056E-06   1.2545594E-04
     10     -163.5256079009  -9.2677689E-07   6.3557664E-05
     11     -163.5256082228  -3.2185727E-07   4.2645291E-05
     12     -163.5256084424  -2.1964419E-07   1.3551100E-05
------------------------------------------------------------

 total:                                  13.136 sec
3
{'bond-orders': array([[0.00000000e+00, 3.09665295e-01, 2.08654779e-02, ...,
        2.40337636e-04, 2.17326843e-04, 1.82535766e-03],
       [3.09665295e-01, 0.00000000e+00, 1.94607035e-02, ...,
        6.96522681e-05, 1.21255722e-04, 1.86530326e-03],
       [2.08654779e-02, 1.94607035e-02, 0.00000000e+00, ...,
        3.39441667e-05, 9.24052164e-05, 1.23572729e-03],
       ...,
       [2.40337636e-04, 6.96522681e-05, 3.39441667e-05, ...,
        0.00000000e+00, 6.80649340e-03, 2.18610689e-02],
       [2.17326843e-04, 1.21255722e-04, 9.24052164e-05, ...,
        6.80649340e-03, 0.00000000e+00, 2.42619912e-02],
       [1.82535766e-03, 1.86530326e-03, 1.23572729e-03, ...,
        2.18610689e-02, 2.42619912e-02, 0.00000000e+00]], shape=(45, 45))}
{'bond-orders': array([[0.00000000e+00, 3.09665295e-01, 2.08654779e-02, ...,
        2.40337636e-04, 2.17326843e-04, 1.82535766e-03],
       [3.09665295e-01, 0.00000000e+00, 1.94607035e-02, ...,
        6.96522681e-05, 1.21255722e-04, 1.86530326e-03],
       [2.08654779e-02, 1.94607035e-02, 0.00000000e+00, ...,
        3.39441667e-05, 9.24052164e-05, 1.23572729e-03],
       ...,
       [2.40337636e-04, 6.96522681e-05, 3.39441667e-05, ...,
        0.00000000e+00, 6.80649340e-03, 2.18610689e-02],
       [2.17326843e-04, 1.21255722e-04, 9.24052164e-05, ...,
        6.80649340e-03, 0.00000000e+00, 2.42619912e-02],
       [1.82535766e-03, 1.86530326e-03, 1.23572729e-03, ...,
        2.18610689e-02, 2.42619912e-02, 0.00000000e+00]], shape=(45, 45)), 'molecular-dipole': array([ 1.23239771,  2.10471668, -0.94699086])}
{'bond-orders': array([[0.00000000e+00, 3.09665295e-01, 2.08654779e-02, ...,
        2.40337636e-04, 2.17326843e-04, 1.82535766e-03],
       [3.09665295e-01, 0.00000000e+00, 1.94607035e-02, ...,
        6.96522681e-05, 1.21255722e-04, 1.86530326e-03],
       [2.08654779e-02, 1.94607035e-02, 0.00000000e+00, ...,
        3.39441667e-05, 9.24052164e-05, 1.23572729e-03],
       ...,
       [2.40337636e-04, 6.96522681e-05, 3.39441667e-05, ...,
        0.00000000e+00, 6.80649340e-03, 2.18610689e-02],
       [2.17326843e-04, 1.21255722e-04, 9.24052164e-05, ...,
        6.80649340e-03, 0.00000000e+00, 2.42619912e-02],
       [1.82535766e-03, 1.86530326e-03, 1.23572729e-03, ...,
        2.18610689e-02, 2.42619912e-02, 0.00000000e+00]], shape=(45, 45)), 'molecular-dipole': array([ 1.23239771,  2.10471668, -0.94699086]), 'molecular-quadrupole': array([ 34.65245873, 113.4195194 ,  19.06196232, 163.92900484,
       259.47749496, -53.71442105])}
------------------------------------------------------------
  cycle        total energy    energy error   density error
------------------------------------------------------------
      1     -163.5276163869  -1.6328707E+02   3.3410199E-03
      2     -163.5248611920   2.7551950E-03   4.1882724E-03
      3     -163.4917589213   3.3102271E-02   1.1033628E-02
      4     -163.5179310870  -2.6172166E-02   6.5966244E-03
      5     -163.5273696438  -9.4385568E-03   1.5826962E-03
      6     -163.5277166035  -3.4695969E-04   8.8426352E-04
      7     -163.5277514990  -3.4895541E-05   4.9580389E-04
      8     -163.5277522481  -7.4908002E-07   3.0760324E-04
      9     -163.5277648882  -1.2640114E-05   1.2752420E-04
     10     -163.5277667493  -1.8611225E-06   5.8051523E-05
     11     -163.5277670728  -3.2348862E-07   3.8425498E-05
     12     -163.5277672504  -1.7759228E-07   1.0686823E-05
------------------------------------------------------------

 total:                                  13.411 sec
3
{'bond-orders': array([[0.00000000e+00, 3.09541615e-01, 2.10203328e-02, ...,
        2.25197445e-04, 2.21052001e-04, 1.83837724e-03],
       [3.09541615e-01, 0.00000000e+00, 1.91888213e-02, ...,
        5.59213494e-05, 1.19781986e-04, 1.94858690e-03],
       [2.10203328e-02, 1.91888213e-02, 0.00000000e+00, ...,
        3.18673583e-05, 8.13064589e-05, 1.41639614e-03],
       ...,
       [2.25197445e-04, 5.59213494e-05, 3.18673583e-05, ...,
        0.00000000e+00, 7.38543481e-03, 2.01198874e-02],
       [2.21052001e-04, 1.19781986e-04, 8.13064589e-05, ...,
        7.38543481e-03, 0.00000000e+00, 2.38529768e-02],
       [1.83837724e-03, 1.94858690e-03, 1.41639614e-03, ...,
        2.01198874e-02, 2.38529768e-02, 0.00000000e+00]], shape=(45, 45))}
{'bond-orders': array([[0.00000000e+00, 3.09541615e-01, 2.10203328e-02, ...,
        2.25197445e-04, 2.21052001e-04, 1.83837724e-03],
       [3.09541615e-01, 0.00000000e+00, 1.91888213e-02, ...,
        5.59213494e-05, 1.19781986e-04, 1.94858690e-03],
       [2.10203328e-02, 1.91888213e-02, 0.00000000e+00, ...,
        3.18673583e-05, 8.13064589e-05, 1.41639614e-03],
       ...,
       [2.25197445e-04, 5.59213494e-05, 3.18673583e-05, ...,
        0.00000000e+00, 7.38543481e-03, 2.01198874e-02],
       [2.21052001e-04, 1.19781986e-04, 8.13064589e-05, ...,
        7.38543481e-03, 0.00000000e+00, 2.38529768e-02],
       [1.83837724e-03, 1.94858690e-03, 1.41639614e-03, ...,
        2.01198874e-02, 2.38529768e-02, 0.00000000e+00]], shape=(45, 45)), 'molecular-dipole': array([ 1.25315748,  2.10884928, -0.99217441])}
{'bond-orders': array([[0.00000000e+00, 3.09541615e-01, 2.10203328e-02, ...,
        2.25197445e-04, 2.21052001e-04, 1.83837724e-03],
       [3.09541615e-01, 0.00000000e+00, 1.91888213e-02, ...,
        5.59213494e-05, 1.19781986e-04, 1.94858690e-03],
       [2.10203328e-02, 1.91888213e-02, 0.00000000e+00, ...,
        3.18673583e-05, 8.13064589e-05, 1.41639614e-03],
       ...,
       [2.25197445e-04, 5.59213494e-05, 3.18673583e-05, ...,
        0.00000000e+00, 7.38543481e-03, 2.01198874e-02],
       [2.21052001e-04, 1.19781986e-04, 8.13064589e-05, ...,
        7.38543481e-03, 0.00000000e+00, 2.38529768e-02],
       [1.83837724e-03, 1.94858690e-03, 1.41639614e-03, ...,
        2.01198874e-02, 2.38529768e-02, 0.00000000e+00]], shape=(45, 45)), 'molecular-dipole': array([ 1.25315748,  2.10884928, -0.99217441]), 'molecular-quadrupole': array([ 36.7725333 , 114.28589898,  20.99212301, 164.68131051,
       258.60080272, -57.76465631])}
------------------------------------------------------------
  cycle        total energy    energy error   density error
------------------------------------------------------------
      1     -163.5314466209  -1.6329425E+02   3.0728225E-03
      2     -163.5301787541   1.2678668E-03   3.6316048E-03
      3     -163.5166246819   1.3554072E-02   7.4758107E-03
      4     -163.5161899794   4.3470248E-04   7.3938921E-03
      5     -163.5310175520  -1.4827573E-02   1.9032095E-03
      6     -163.5315181422  -5.0059028E-04   9.6832515E-04
      7     -163.5315662725  -4.8130293E-05   4.6730574E-04
      8     -163.5315672189  -9.4639645E-07   2.6266530E-04
      9     -163.5315740013  -6.7823256E-06   1.1862641E-04
     10     -163.5315755268  -1.5255743E-06   5.6174479E-05
     11     -163.5315757947  -2.6789377E-07   3.9407582E-05
     12     -163.5315759443  -1.4957388E-07   1.1360131E-05
------------------------------------------------------------

 total:                                  13.485 sec
3
{'bond-orders': array([[0.00000000e+00, 3.09293718e-01, 2.11797357e-02, ...,
        2.01777479e-04, 2.19011134e-04, 1.78279479e-03],
       [3.09293718e-01, 0.00000000e+00, 1.87636413e-02, ...,
        4.59854113e-05, 1.22128402e-04, 2.04016068e-03],
       [2.11797357e-02, 1.87636413e-02, 0.00000000e+00, ...,
        3.86772284e-05, 7.65281905e-05, 1.64906573e-03],
       ...,
       [2.01777479e-04, 4.59854113e-05, 3.86772284e-05, ...,
        0.00000000e+00, 7.58016741e-03, 1.89979208e-02],
       [2.19011134e-04, 1.22128402e-04, 7.65281905e-05, ...,
        7.58016741e-03, 0.00000000e+00, 2.37729721e-02],
       [1.78279479e-03, 2.04016068e-03, 1.64906573e-03, ...,
        1.89979208e-02, 2.37729721e-02, 0.00000000e+00]], shape=(45, 45))}
{'bond-orders': array([[0.00000000e+00, 3.09293718e-01, 2.11797357e-02, ...,
        2.01777479e-04, 2.19011134e-04, 1.78279479e-03],
       [3.09293718e-01, 0.00000000e+00, 1.87636413e-02, ...,
        4.59854113e-05, 1.22128402e-04, 2.04016068e-03],
       [2.11797357e-02, 1.87636413e-02, 0.00000000e+00, ...,
        3.86772284e-05, 7.65281905e-05, 1.64906573e-03],
       ...,
       [2.01777479e-04, 4.59854113e-05, 3.86772284e-05, ...,
        0.00000000e+00, 7.58016741e-03, 1.89979208e-02],
       [2.19011134e-04, 1.22128402e-04, 7.65281905e-05, ...,
        7.58016741e-03, 0.00000000e+00, 2.37729721e-02],
       [1.78279479e-03, 2.04016068e-03, 1.64906573e-03, ...,
        1.89979208e-02, 2.37729721e-02, 0.00000000e+00]], shape=(45, 45)), 'molecular-dipole': array([ 1.29787792,  2.08012661, -1.05903117])}
{'bond-orders': array([[0.00000000e+00, 3.09293718e-01, 2.11797357e-02, ...,
        2.01777479e-04, 2.19011134e-04, 1.78279479e-03],
       [3.09293718e-01, 0.00000000e+00, 1.87636413e-02, ...,
        4.59854113e-05, 1.22128402e-04, 2.04016068e-03],
       [2.11797357e-02, 1.87636413e-02, 0.00000000e+00, ...,
        3.86772284e-05, 7.65281905e-05, 1.64906573e-03],
       ...,
       [2.01777479e-04, 4.59854113e-05, 3.86772284e-05, ...,
        0.00000000e+00, 7.58016741e-03, 1.89979208e-02],
       [2.19011134e-04, 1.22128402e-04, 7.65281905e-05, ...,
        7.58016741e-03, 0.00000000e+00, 2.37729721e-02],
       [1.78279479e-03, 2.04016068e-03, 1.64906573e-03, ...,
        1.89979208e-02, 2.37729721e-02, 0.00000000e+00]], shape=(45, 45)), 'molecular-dipole': array([ 1.29787792,  2.08012661, -1.05903117]), 'molecular-quadrupole': array([ 40.38251994, 114.51917904,  23.18080332, 167.78183548,
       252.96573078, -63.56332326])}
------------------------------------------------------------
  cycle        total energy    energy error   density error
------------------------------------------------------------
      1     -163.5375306378  -1.6329926E+02   2.5963503E-03
      2     -163.5365964060   9.3423178E-04   3.7158012E-03
      3     -163.5318128949   4.7835111E-03   4.7715511E-03
      4     -163.5294006264   2.4122686E-03   5.3011408E-03
      5     -163.5372015665  -7.8009401E-03   1.8290289E-03
      6     -163.5376005515  -3.9898506E-04   1.0475700E-03
      7     -163.5376597047  -5.9153209E-05   3.9402430E-04
      8     -163.5376643870  -4.6822749E-06   1.9739158E-04
      9     -163.5376658471  -1.4601129E-06   9.7364308E-05
     10     -163.5376661305  -2.8332380E-07   4.9402161E-05
     11     -163.5376661691  -3.8638262E-08   3.8873375E-05
     12     -163.5376662766  -1.0746595E-07   1.5171250E-05
------------------------------------------------------------

 total:                                  13.614 sec
3
{'bond-orders': array([[0.00000000e+00, 3.08749807e-01, 2.12481657e-02, ...,
        1.60275882e-04, 1.97403906e-04, 1.61259346e-03],
       [3.08749807e-01, 0.00000000e+00, 1.80598157e-02, ...,
        3.91102555e-05, 1.31950196e-04, 2.09388589e-03],
       [2.12481657e-02, 1.80598157e-02, 0.00000000e+00, ...,
        5.20818004e-05, 8.92260396e-05, 1.86956582e-03],
       ...,
       [1.60275882e-04, 3.91102555e-05, 5.20818004e-05, ...,
        0.00000000e+00, 7.10628792e-03, 1.90036514e-02],
       [1.97403906e-04, 1.31950196e-04, 8.92260396e-05, ...,
        7.10628792e-03, 0.00000000e+00, 2.42365350e-02],
       [1.61259346e-03, 2.09388589e-03, 1.86956582e-03, ...,
        1.90036514e-02, 2.42365350e-02, 0.00000000e+00]], shape=(45, 45))}
{'bond-orders': array([[0.00000000e+00, 3.08749807e-01, 2.12481657e-02, ...,
        1.60275882e-04, 1.97403906e-04, 1.61259346e-03],
       [3.08749807e-01, 0.00000000e+00, 1.80598157e-02, ...,
        3.91102555e-05, 1.31950196e-04, 2.09388589e-03],
       [2.12481657e-02, 1.80598157e-02, 0.00000000e+00, ...,
        5.20818004e-05, 8.92260396e-05, 1.86956582e-03],
       ...,
       [1.60275882e-04, 3.91102555e-05, 5.20818004e-05, ...,
        0.00000000e+00, 7.10628792e-03, 1.90036514e-02],
       [1.97403906e-04, 1.31950196e-04, 8.92260396e-05, ...,
        7.10628792e-03, 0.00000000e+00, 2.42365350e-02],
       [1.61259346e-03, 2.09388589e-03, 1.86956582e-03, ...,
        1.90036514e-02, 2.42365350e-02, 0.00000000e+00]], shape=(45, 45)), 'molecular-dipole': array([ 1.37366685,  1.99929421, -1.13900697])}
{'bond-orders': array([[0.00000000e+00, 3.08749807e-01, 2.12481657e-02, ...,
        1.60275882e-04, 1.97403906e-04, 1.61259346e-03],
       [3.08749807e-01, 0.00000000e+00, 1.80598157e-02, ...,
        3.91102555e-05, 1.31950196e-04, 2.09388589e-03],
       [2.12481657e-02, 1.80598157e-02, 0.00000000e+00, ...,
        5.20818004e-05, 8.92260396e-05, 1.86956582e-03],
       ...,
       [1.60275882e-04, 3.91102555e-05, 5.20818004e-05, ...,
        0.00000000e+00, 7.10628792e-03, 1.90036514e-02],
       [1.97403906e-04, 1.31950196e-04, 8.92260396e-05, ...,
        7.10628792e-03, 0.00000000e+00, 2.42365350e-02],
       [1.61259346e-03, 2.09388589e-03, 1.86956582e-03, ...,
        1.90036514e-02, 2.42365350e-02, 0.00000000e+00]], shape=(45, 45)), 'molecular-dipole': array([ 1.37366685,  1.99929421, -1.13900697]), 'molecular-quadrupole': array([ 45.38769512, 113.50241685,  25.00526829, 174.52172865,
       240.18661612, -70.39296341])}
------------------------------------------------------------
  cycle        total energy    energy error   density error
------------------------------------------------------------
      1     -163.5426215954  -1.6329851E+02   2.0509193E-03
      2     -163.5420666730   5.5492243E-04   3.2234385E-03
      3     -163.5405120960   1.5545770E-03   2.9358531E-03
      4     -163.5383558618   2.1562342E-03   3.8126482E-03
      5     -163.5424844670  -4.1286053E-03   1.2453524E-03
      6     -163.5426502801  -1.6581311E-04   9.9826754E-04
      7     -163.5427123131  -6.2032969E-05   3.2025556E-04
      8     -163.5427165652  -4.2520565E-06   1.4696011E-04
      9     -163.5427170947  -5.2949562E-07   9.6485554E-05
     10     -163.5427178981  -8.0340678E-07   5.0516136E-05
     11     -163.5427181576  -2.5955910E-07   1.7146027E-05
------------------------------------------------------------

 total:                                  13.156 sec
3
{'bond-orders': array([[0.00000000e+00, 3.08006063e-01, 2.09831154e-02, ...,
        1.15542526e-04, 1.60329487e-04, 1.41598100e-03],
       [3.08006063e-01, 0.00000000e+00, 1.74115053e-02, ...,
        3.52802809e-05, 1.46090485e-04, 2.07159591e-03],
       [2.09831154e-02, 1.74115053e-02, 0.00000000e+00, ...,
        5.52022617e-05, 1.16493403e-04, 1.91911650e-03],
       ...,
       [1.15542526e-04, 3.52802809e-05, 5.52022617e-05, ...,
        0.00000000e+00, 6.19676362e-03, 2.02425874e-02],
