/home/ans819/.conda/envs/autoflow/lib/python3.13/site-packages/e3nn/o3/_wigner.py:10: UserWarning: Environment variable TORCH_FORCE_NO_WEIGHTS_ONLY_LOAD detected, since the`weights_only` argument was not explicitly passed to `torch.load`, forcing weights_only=False.
  _Jd, _W3j_flat, _W3j_indices = torch.load(os.path.join(os.path.dirname(__file__), 'constants.pt'))

          ==================== Thresholds ====================
          CN  :   150.00000
          rep :   500.00000
          disp:  2500.00000
          HB1 :   250.00000
          HB2 :   450.00000

          Pauling EN used:
          Z : 1  EN :  2.20
          Z : 6  EN :  2.55
          Z : 8  EN :  3.44
          Z :47  EN :  1.93
          electric field strengths (au): 0.000

           ------------------------------------------------- 
          |           Force Field Initialization            |
           ------------------------------------------------- 

          distances ...
          ----------------------------------------
          generating topology and atomic info file ...
          pair mat ...
          computing topology distances matrix with Floyd-Warshall algo ...
          making topology EEQ charges ...
          #fragments for EEQ constrain: 1
          ----------------------------------------
          generating topology and atomic info file ...
          pair mat ...
          computing topology distances matrix with Floyd-Warshall algo ...
          making topology EEQ charges ...
          #fragments for EEQ constrain: 1
          rings ...
          # BATM   3068
          # H in HB   0

  atom   neighbors  erfCN metchar sp-hybrid imet pi  qest     coordinates
    1  Ag      2    1.35   0.37         2    2    0   0.004    2.879202    0.366408   26.599555
    2  Ag      5    3.15   0.31         0    2    0   0.018    6.369512    4.641147   26.599555
    3  Ag      9    4.27   0.07         0    2    0   0.009   15.095285    8.203429   28.192656
    4  Ag      7    3.92   0.19         0    2    0   0.013   11.604976    3.928690   28.192656
    5  Ag      7    3.92   0.19         0    2    0   0.018   20.330749    7.490972   29.785757
    6  Ag      6    3.59   0.27         0    2    0   0.019   16.840440    3.216234   29.785757
    7  Ag      9    4.27   0.07         0    2    0   0.008    8.114666    6.778516   31.378858
    8  Ag      6    3.59   0.23         0    2    0   0.019    4.624357    2.503777   31.378858
    9  Ag     12    4.39   0.01         0    2    0   0.006   13.350130    6.066059   32.971959
   10  Ag      7    3.92   0.19         0    2    0   0.018    9.859821    1.791321   32.971959
   11  Ag      9    4.27   0.07         0    2    0   0.024   18.585594    5.353603   34.565060
   12  Ag      6    3.59   0.27         0    2    0   0.032   15.095285    1.078865   34.565060
   13  Ag      8    4.14   0.11         0    2    0   0.019    6.369512    4.641147   36.158161
   14  Ag      3    2.00   0.37         2    2    0   0.014    2.879202    0.366408   36.158161
   15  Ag      8    4.17   0.11         0    2    0   0.028   11.604976    3.928690   37.751262
   16  Ag     10    4.34   0.04         0    2    0   0.022   15.095285    8.203429   37.751262
   17  Ag      6    3.71   0.28         0    2    0   0.112   16.840440    3.216234   39.344363
   18  Ag      6    3.59   0.26         0    2    0   0.031   20.330749    7.490972   39.344363
   19  Ag      3    2.00   0.37         2    2    0   0.013    4.624357    2.503777   40.937464
   20  Ag      5    3.15   0.32         0    2    0   0.024    8.114666    6.778516   40.937464
   21  Ag      6    3.59   0.26         0    2    0   0.014    9.859821    8.915885   26.599555
   22  Ag      5    3.15   0.34         0    2    0   0.015   13.350130   13.190623   26.599555
   23  Ag      4    2.61   0.38         3    2    0   0.017   22.075903   16.752905   28.192656
   24  Ag      8    4.14   0.12         0    2    0   0.012   18.585594   12.478167   28.192656
   25  Ag      3    2.00   0.39         2    2    0   0.011   27.311367   16.040449   29.785757
   26  Ag      7    3.92   0.19         0    2    0   0.015   23.821058   11.765711   29.785757
   27  Ag      6    3.59   0.27         0    2    0   0.014   15.095285   15.327993   31.378858
   28  Ag      9    4.27   0.07         0    2    0   0.008   11.604976   11.053254   31.378858
   29  Ag      9    4.27   0.07         0    2    0   0.010   20.330749   14.615536   32.971959
/home/ans819/.conda/envs/autoflow/lib/python3.13/site-packages/mace/calculators/mace.py:197: UserWarning: Environment variable TORCH_FORCE_NO_WEIGHTS_ONLY_LOAD detected, since the`weights_only` argument was not explicitly passed to `torch.load`, forcing weights_only=False.
  torch.load(f=model_path, map_location=device)
/home/ans819/.conda/envs/autoflow/lib/python3.13/site-packages/chgnet/model/model.py:898: UserWarning: Converting a tensor with requires_grad=True to a scalar may lead to unexpected behavior.
Consider using tensor.detach() first. (Triggered internally at /pytorch/torch/csrc/autograd/generated/python_variable_methods.cpp:836.)
  volumes = torch.tensor(volumes, dtype=TORCH_DTYPE, device=atomic_numbers.device)
cuequivariance or cuequivariance_torch is not available. Cuequivariance acceleration will be disabled.
------------------------------------------------------------
  cycle        total energy    energy error   density error
------------------------------------------------------------
      1     -163.1343622928  -1.6290112E+02   1.0003741E+00
      2     -162.5418727105   5.9248958E-01   6.1848722E-01
      3     -59.66901249986   1.0287286E+02   1.3661811E+00
      4     -151.2149070578  -9.1545895E+01   3.8613577E-01
      5     -28.73142336882   1.2248348E+02   7.7925268E-01
      6     -157.1618729376  -1.2843045E+02   1.8189563E-01
      7     -145.1424158959   1.2019457E+01   2.5188144E-01
      8     -162.7773170610  -1.7634901E+01   7.2809944E-02
      9     -163.2646392856  -4.8732222E-01   4.9285786E-02
     10     -163.4618913987  -1.9725211E-01   3.6103349E-02
     11     -163.4566393801   5.2520186E-03   3.4245956E-02
     12     -163.4665185332  -9.8791531E-03   3.0385660E-02
     13     -163.4716717729  -5.1532397E-03   2.2604072E-02
     14     -163.4748205634  -3.1487904E-03   1.9591014E-02
     15     -163.4740365828   7.8398056E-04   1.8479654E-02
     16     -163.4742964731  -2.5989029E-04   1.7596261E-02
     17     -163.4760114619  -1.7149888E-03   1.5148012E-02
     18     -163.4770845679  -1.0731061E-03   1.2186320E-02
     19     -163.4772783774  -1.9380942E-04   1.1144355E-02
     20     -163.4774669814  -1.8860402E-04   1.0000412E-02
     21     -163.4784368428  -9.6986143E-04   2.7972242E-03
     22     -163.4784998436  -6.3000805E-05   1.5535305E-03
     23     -163.4785070825  -7.2389263E-06   1.3464759E-03
     24     -163.4785141000  -7.0174697E-06   1.0991372E-03
     25     -163.4785131646   9.3539646E-07   1.0098699E-03
     26     -163.4785157944  -2.6298091E-06   9.0447397E-04
     27     -163.4785175696  -1.7752088E-06   7.8076302E-04
     28     -163.4785240219  -6.4522214E-06   4.9810524E-04
     29     -163.4785267192  -2.6973034E-06   2.1723088E-04
     30     -163.4785268828  -1.6365627E-07   1.0850026E-04
     31     -163.4785269950  -1.1216073E-07   7.0086043E-05
     32     -163.4785270433  -4.8363660E-08   2.6050906E-05
     33     -163.4785270479  -4.5423860E-09   1.4128728E-05
------------------------------------------------------------

 total:                                  19.596 sec
3
{'bond-orders': array([[0.00000000e+00, 3.08578893e-01, 1.97463053e-02, ...,
        1.16156335e-04, 9.45688624e-05, 3.25315718e-03],
       [3.08578893e-01, 0.00000000e+00, 1.97308626e-02, ...,
        1.07466357e-04, 1.48789361e-04, 1.81367106e-03],
       [1.97463053e-02, 1.97308626e-02, 0.00000000e+00, ...,
        7.27894906e-04, 3.05133180e-04, 4.15930000e-03],
       ...,
       [1.16156335e-04, 1.07466357e-04, 7.27894906e-04, ...,
        0.00000000e+00, 2.84567395e-03, 2.40845936e-02],
       [9.45688624e-05, 1.48789361e-04, 3.05133180e-04, ...,
        2.84567395e-03, 0.00000000e+00, 1.99772914e-02],
       [3.25315718e-03, 1.81367106e-03, 4.15930000e-03, ...,
        2.40845936e-02, 1.99772914e-02, 0.00000000e+00]], shape=(45, 45))}
{'bond-orders': array([[0.00000000e+00, 3.08578893e-01, 1.97463053e-02, ...,
        1.16156335e-04, 9.45688624e-05, 3.25315718e-03],
       [3.08578893e-01, 0.00000000e+00, 1.97308626e-02, ...,
        1.07466357e-04, 1.48789361e-04, 1.81367106e-03],
       [1.97463053e-02, 1.97308626e-02, 0.00000000e+00, ...,
        7.27894906e-04, 3.05133180e-04, 4.15930000e-03],
       ...,
       [1.16156335e-04, 1.07466357e-04, 7.27894906e-04, ...,
        0.00000000e+00, 2.84567395e-03, 2.40845936e-02],
       [9.45688624e-05, 1.48789361e-04, 3.05133180e-04, ...,
        2.84567395e-03, 0.00000000e+00, 1.99772914e-02],
       [3.25315718e-03, 1.81367106e-03, 4.15930000e-03, ...,
        2.40845936e-02, 1.99772914e-02, 0.00000000e+00]], shape=(45, 45)), 'molecular-dipole': array([0.30795852, 1.72365999, 0.52692815])}
{'bond-orders': array([[0.00000000e+00, 3.08578893e-01, 1.97463053e-02, ...,
        1.16156335e-04, 9.45688624e-05, 3.25315718e-03],
       [3.08578893e-01, 0.00000000e+00, 1.97308626e-02, ...,
        1.07466357e-04, 1.48789361e-04, 1.81367106e-03],
       [1.97463053e-02, 1.97308626e-02, 0.00000000e+00, ...,
        7.27894906e-04, 3.05133180e-04, 4.15930000e-03],
       ...,
       [1.16156335e-04, 1.07466357e-04, 7.27894906e-04, ...,
        0.00000000e+00, 2.84567395e-03, 2.40845936e-02],
       [9.45688624e-05, 1.48789361e-04, 3.05133180e-04, ...,
        2.84567395e-03, 0.00000000e+00, 1.99772914e-02],
       [3.25315718e-03, 1.81367106e-03, 4.15930000e-03, ...,
        2.40845936e-02, 1.99772914e-02, 0.00000000e+00]], shape=(45, 45)), 'molecular-dipole': array([0.30795852, 1.72365999, 0.52692815]), 'molecular-quadrupole': array([-42.649376  , 147.20779685,  -4.82991891, 120.14016541,
       249.96214107,  47.47929491])}
------------------------------------------------------------
  cycle        total energy    energy error   density error
------------------------------------------------------------
      1     -163.4865820330  -1.6325153E+02   4.8414261E-03
      2     -163.4819941636   4.5878694E-03   4.7746734E-03
      3     -163.2913338994   1.9066026E-01   2.4715545E-02
      4     -163.4867928905  -1.9545899E-01   2.1676369E-03
      5     -163.4866590660   1.3382459E-04   2.4777405E-03
      6     -163.4869457902  -2.8672422E-04   1.4889399E-03
      7     -163.4870853481  -1.3955793E-04   5.2989119E-04
      8     -163.4871005379  -1.5189760E-05   2.9615501E-04
      9     -163.4870987102   1.8276798E-06   2.2681255E-04
     10     -163.4871074429  -8.7327079E-06   9.4110389E-05
     11     -163.4871090342  -1.5912738E-06   5.3462270E-05
     12     -163.4871097582  -7.2400724E-07   1.6924914E-05
------------------------------------------------------------

 total:                                  13.136 sec
3
{'bond-orders': array([[0.00000000e+00, 3.08935575e-01, 1.95467892e-02, ...,
        1.26088688e-04, 1.05344536e-04, 3.02743455e-03],
       [3.08935575e-01, 0.00000000e+00, 1.95549836e-02, ...,
        1.12113645e-04, 1.59609286e-04, 1.80102312e-03],
       [1.95467892e-02, 1.95549836e-02, 0.00000000e+00, ...,
        7.51869777e-04, 4.45753123e-04, 4.48036478e-03],
       ...,
       [1.26088688e-04, 1.12113645e-04, 7.51869777e-04, ...,
        0.00000000e+00, 3.33802118e-03, 2.46512045e-02],
       [1.05344536e-04, 1.59609286e-04, 4.45753123e-04, ...,
        3.33802118e-03, 0.00000000e+00, 2.24600834e-02],
       [3.02743455e-03, 1.80102312e-03, 4.48036478e-03, ...,
        2.46512045e-02, 2.24600834e-02, 0.00000000e+00]], shape=(45, 45))}
{'bond-orders': array([[0.00000000e+00, 3.08935575e-01, 1.95467892e-02, ...,
        1.26088688e-04, 1.05344536e-04, 3.02743455e-03],
       [3.08935575e-01, 0.00000000e+00, 1.95549836e-02, ...,
        1.12113645e-04, 1.59609286e-04, 1.80102312e-03],
       [1.95467892e-02, 1.95549836e-02, 0.00000000e+00, ...,
        7.51869777e-04, 4.45753123e-04, 4.48036478e-03],
       ...,
       [1.26088688e-04, 1.12113645e-04, 7.51869777e-04, ...,
        0.00000000e+00, 3.33802118e-03, 2.46512045e-02],
       [1.05344536e-04, 1.59609286e-04, 4.45753123e-04, ...,
        3.33802118e-03, 0.00000000e+00, 2.24600834e-02],
       [3.02743455e-03, 1.80102312e-03, 4.48036478e-03, ...,
        2.46512045e-02, 2.24600834e-02, 0.00000000e+00]], shape=(45, 45)), 'molecular-dipole': array([0.27793671, 1.65738376, 0.55654444])}
{'bond-orders': array([[0.00000000e+00, 3.08935575e-01, 1.95467892e-02, ...,
        1.26088688e-04, 1.05344536e-04, 3.02743455e-03],
       [3.08935575e-01, 0.00000000e+00, 1.95549836e-02, ...,
        1.12113645e-04, 1.59609286e-04, 1.80102312e-03],
       [1.95467892e-02, 1.95549836e-02, 0.00000000e+00, ...,
        7.51869777e-04, 4.45753123e-04, 4.48036478e-03],
       ...,
       [1.26088688e-04, 1.12113645e-04, 7.51869777e-04, ...,
        0.00000000e+00, 3.33802118e-03, 2.46512045e-02],
       [1.05344536e-04, 1.59609286e-04, 4.45753123e-04, ...,
        3.33802118e-03, 0.00000000e+00, 2.24600834e-02],
       [3.02743455e-03, 1.80102312e-03, 4.48036478e-03, ...,
        2.46512045e-02, 2.24600834e-02, 0.00000000e+00]], shape=(45, 45)), 'molecular-dipole': array([0.27793671, 1.65738376, 0.55654444]), 'molecular-quadrupole': array([-44.30824971, 141.41860209,  -7.91543982, 116.34037309,
       240.82831286,  52.22368953])}
------------------------------------------------------------
  cycle        total energy    energy error   density error
------------------------------------------------------------
      1     -163.4950825374  -1.6325714E+02   5.4273166E-03
      2     -163.4934197195   1.6628179E-03   4.6716346E-03
      3     -163.4047970473   8.8622672E-02   1.7048664E-02
      4     -163.4918972894  -8.7100242E-02   3.9689198E-03
      5     -163.4942928512  -2.3955618E-03   3.3973491E-03
      6     -163.4955117142  -1.2188630E-03   1.7821401E-03
      7     -163.4956921971  -1.8048293E-04   7.1814417E-04
      8     -163.4957221440  -2.9946913E-05   2.8854916E-04
      9     -163.4957117756   1.0368475E-05   2.5828092E-04
     10     -163.4957241170  -1.2341472E-05   1.1444813E-04
     11     -163.4957261129  -1.9958456E-06   6.2986879E-05
     12     -163.4957270325  -9.1964665E-07   2.4818752E-05
     13     -163.4957271644  -1.3183652E-07   6.2457032E-06
------------------------------------------------------------

 total:                                  13.485 sec
3
{'bond-orders': array([[0.00000000e+00, 3.09110623e-01, 1.93563330e-02, ...,
        1.40847044e-04, 1.16082644e-04, 2.78254806e-03],
       [3.09110623e-01, 0.00000000e+00, 1.93976089e-02, ...,
        1.23396569e-04, 1.64527156e-04, 1.75234690e-03],
       [1.93563330e-02, 1.93976089e-02, 0.00000000e+00, ...,
        8.18651686e-04, 6.31148233e-04, 4.66626474e-03],
       ...,
       [1.40847044e-04, 1.23396569e-04, 8.18651686e-04, ...,
        0.00000000e+00, 4.39626046e-03, 2.59687292e-02],
       [1.16082644e-04, 1.64527156e-04, 6.31148233e-04, ...,
        4.39626046e-03, 0.00000000e+00, 2.61319124e-02],
       [2.78254806e-03, 1.75234690e-03, 4.66626474e-03, ...,
        2.59687292e-02, 2.61319124e-02, 0.00000000e+00]], shape=(45, 45))}
{'bond-orders': array([[0.00000000e+00, 3.09110623e-01, 1.93563330e-02, ...,
        1.40847044e-04, 1.16082644e-04, 2.78254806e-03],
       [3.09110623e-01, 0.00000000e+00, 1.93976089e-02, ...,
        1.23396569e-04, 1.64527156e-04, 1.75234690e-03],
       [1.93563330e-02, 1.93976089e-02, 0.00000000e+00, ...,
        8.18651686e-04, 6.31148233e-04, 4.66626474e-03],
       ...,
       [1.40847044e-04, 1.23396569e-04, 8.18651686e-04, ...,
        0.00000000e+00, 4.39626046e-03, 2.59687292e-02],
       [1.16082644e-04, 1.64527156e-04, 6.31148233e-04, ...,
        4.39626046e-03, 0.00000000e+00, 2.61319124e-02],
       [2.78254806e-03, 1.75234690e-03, 4.66626474e-03, ...,
        2.59687292e-02, 2.61319124e-02, 0.00000000e+00]], shape=(45, 45)), 'molecular-dipole': array([0.20950786, 1.55439679, 0.55224896])}
{'bond-orders': array([[0.00000000e+00, 3.09110623e-01, 1.93563330e-02, ...,
        1.40847044e-04, 1.16082644e-04, 2.78254806e-03],
       [3.09110623e-01, 0.00000000e+00, 1.93976089e-02, ...,
        1.23396569e-04, 1.64527156e-04, 1.75234690e-03],
       [1.93563330e-02, 1.93976089e-02, 0.00000000e+00, ...,
        8.18651686e-04, 6.31148233e-04, 4.66626474e-03],
       ...,
       [1.40847044e-04, 1.23396569e-04, 8.18651686e-04, ...,
        0.00000000e+00, 4.39626046e-03, 2.59687292e-02],
       [1.16082644e-04, 1.64527156e-04, 6.31148233e-04, ...,
        4.39626046e-03, 0.00000000e+00, 2.61319124e-02],
       [2.78254806e-03, 1.75234690e-03, 4.66626474e-03, ...,
        2.59687292e-02, 2.61319124e-02, 0.00000000e+00]], shape=(45, 45)), 'molecular-dipole': array([0.20950786, 1.55439679, 0.55224896]), 'molecular-quadrupole': array([-45.82388726, 131.27744084, -10.06230988, 105.62377562,
       225.83732607,  55.88619714])}
------------------------------------------------------------
  cycle        total energy    energy error   density error
------------------------------------------------------------
      1     -163.5030522014  -1.6326033E+02   3.5133553E-03
      2     -163.4757803583   2.7271843E-02   1.0195373E-02
      3     -163.4544456345   2.1334724E-02   1.2701182E-02
      4     -163.5020564194  -4.7610785E-02   2.7248760E-03
      5     -163.5031955964  -1.1391770E-03   1.9373271E-03
      6     -163.5034900456  -2.9444927E-04   9.2993701E-04
      7     -163.5035418966  -5.1850913E-05   6.1551410E-04
      8     -163.5035681038  -2.6207208E-05   3.1346981E-04
      9     -163.5035752187  -7.1149424E-06   8.6121251E-05
     10     -163.5035758248  -6.0611109E-07   3.1721081E-05
     11     -163.5035758680  -4.3222570E-08   1.3250606E-05
------------------------------------------------------------

 total:                                  12.849 sec
3
{'bond-orders': array([[0.00000000e+00, 3.08798318e-01, 1.92876445e-02, ...,
        1.40695326e-04, 1.12669697e-04, 2.68646780e-03],
       [3.08798318e-01, 0.00000000e+00, 1.93599424e-02, ...,
        1.20660775e-04, 1.48461499e-04, 1.65168066e-03],
       [1.92876445e-02, 1.93599424e-02, 0.00000000e+00, ...,
        8.23558113e-04, 6.63076256e-04, 4.50752324e-03],
       ...,
       [1.40695326e-04, 1.20660775e-04, 8.23558113e-04, ...,
        0.00000000e+00, 5.78534867e-03, 2.61610649e-02],
       [1.12669697e-04, 1.48461499e-04, 6.63076256e-04, ...,
        5.78534867e-03, 0.00000000e+00, 2.90766727e-02],
       [2.68646780e-03, 1.65168066e-03, 4.50752324e-03, ...,
        2.61610649e-02, 2.90766727e-02, 0.00000000e+00]], shape=(45, 45))}
{'bond-orders': array([[0.00000000e+00, 3.08798318e-01, 1.92876445e-02, ...,
        1.40695326e-04, 1.12669697e-04, 2.68646780e-03],
       [3.08798318e-01, 0.00000000e+00, 1.93599424e-02, ...,
        1.20660775e-04, 1.48461499e-04, 1.65168066e-03],
       [1.92876445e-02, 1.93599424e-02, 0.00000000e+00, ...,
        8.23558113e-04, 6.63076256e-04, 4.50752324e-03],
       ...,
       [1.40695326e-04, 1.20660775e-04, 8.23558113e-04, ...,
        0.00000000e+00, 5.78534867e-03, 2.61610649e-02],
       [1.12669697e-04, 1.48461499e-04, 6.63076256e-04, ...,
        5.78534867e-03, 0.00000000e+00, 2.90766727e-02],
       [2.68646780e-03, 1.65168066e-03, 4.50752324e-03, ...,
        2.61610649e-02, 2.90766727e-02, 0.00000000e+00]], shape=(45, 45)), 'molecular-dipole': array([0.11245767, 1.4253719 , 0.46510069])}
{'bond-orders': array([[0.00000000e+00, 3.08798318e-01, 1.92876445e-02, ...,
        1.40695326e-04, 1.12669697e-04, 2.68646780e-03],
       [3.08798318e-01, 0.00000000e+00, 1.93599424e-02, ...,
        1.20660775e-04, 1.48461499e-04, 1.65168066e-03],
       [1.92876445e-02, 1.93599424e-02, 0.00000000e+00, ...,
        8.23558113e-04, 6.63076256e-04, 4.50752324e-03],
       ...,
       [1.40695326e-04, 1.20660775e-04, 8.23558113e-04, ...,
        0.00000000e+00, 5.78534867e-03, 2.61610649e-02],
       [1.12669697e-04, 1.48461499e-04, 6.63076256e-04, ...,
        5.78534867e-03, 0.00000000e+00, 2.90766727e-02],
       [2.68646780e-03, 1.65168066e-03, 4.50752324e-03, ...,
        2.61610649e-02, 2.90766727e-02, 0.00000000e+00]], shape=(45, 45)), 'molecular-dipole': array([0.11245767, 1.4253719 , 0.46510069]), 'molecular-quadrupole': array([-44.97978497, 118.60423758,  -8.77210304,  87.18610155,
       205.7524773 ,  53.75188802])}
------------------------------------------------------------
  cycle        total energy    energy error   density error
------------------------------------------------------------
      1     -163.5104550426  -1.6326233E+02   4.6173930E-03
      2     -163.4597431643   5.0711878E-02   1.3766507E-02
      3     -163.4213576778   3.8385486E-02   1.7249451E-02
      4     -163.5087602444  -8.7402567E-02   3.5315677E-03
      5     -163.5111429921  -2.3827477E-03   2.1833671E-03
      6     -163.5113036336  -1.6064151E-04   1.6002905E-03
      7     -163.5114081396  -1.0450596E-04   9.5395998E-04
      8     -163.5114670768  -5.8937286E-05   3.2058301E-04
      9     -163.5114754525  -8.3756968E-06   1.0708790E-04
     10     -163.5114763736  -9.2104730E-07   5.8875081E-05
     11     -163.5114769313  -5.5772784E-07   2.2315396E-05
     12     -163.5114770012  -6.9897908E-08   1.1411559E-05
------------------------------------------------------------

 total:                                  13.021 sec
3
{'bond-orders': array([[0.00000000e+00, 3.08319726e-01, 1.92383788e-02, ...,
        1.48337164e-04, 9.72550295e-05, 2.68017673e-03],
       [3.08319726e-01, 0.00000000e+00, 1.93880857e-02, ...,
        1.21763742e-04, 1.09404871e-04, 1.57615878e-03],
       [1.92383788e-02, 1.93880857e-02, 0.00000000e+00, ...,
        8.68963364e-04, 5.96948858e-04, 4.18109098e-03],
       ...,
       [1.48337164e-04, 1.21763742e-04, 8.68963364e-04, ...,
        0.00000000e+00, 7.70968313e-03, 2.67139664e-02],
       [9.72550295e-05, 1.09404871e-04, 5.96948858e-04, ...,
        7.70968313e-03, 0.00000000e+00, 3.20352749e-02],
       [2.68017673e-03, 1.57615878e-03, 4.18109098e-03, ...,
        2.67139664e-02, 3.20352749e-02, 0.00000000e+00]], shape=(45, 45))}
{'bond-orders': array([[0.00000000e+00, 3.08319726e-01, 1.92383788e-02, ...,
        1.48337164e-04, 9.72550295e-05, 2.68017673e-03],
       [3.08319726e-01, 0.00000000e+00, 1.93880857e-02, ...,
        1.21763742e-04, 1.09404871e-04, 1.57615878e-03],
       [1.92383788e-02, 1.93880857e-02, 0.00000000e+00, ...,
        8.68963364e-04, 5.96948858e-04, 4.18109098e-03],
       ...,
       [1.48337164e-04, 1.21763742e-04, 8.68963364e-04, ...,
        0.00000000e+00, 7.70968313e-03, 2.67139664e-02],
       [9.72550295e-05, 1.09404871e-04, 5.96948858e-04, ...,
        7.70968313e-03, 0.00000000e+00, 3.20352749e-02],
       [2.68017673e-03, 1.57615878e-03, 4.18109098e-03, ...,
        2.67139664e-02, 3.20352749e-02, 0.00000000e+00]], shape=(45, 45)), 'molecular-dipole': array([-0.01333588,  1.2770419 ,  0.30655147])}
{'bond-orders': array([[0.00000000e+00, 3.08319726e-01, 1.92383788e-02, ...,
        1.48337164e-04, 9.72550295e-05, 2.68017673e-03],
       [3.08319726e-01, 0.00000000e+00, 1.93880857e-02, ...,
        1.21763742e-04, 1.09404871e-04, 1.57615878e-03],
       [1.92383788e-02, 1.93880857e-02, 0.00000000e+00, ...,
        8.68963364e-04, 5.96948858e-04, 4.18109098e-03],
       ...,
       [1.48337164e-04, 1.21763742e-04, 8.68963364e-04, ...,
        0.00000000e+00, 7.70968313e-03, 2.67139664e-02],
       [9.72550295e-05, 1.09404871e-04, 5.96948858e-04, ...,
        7.70968313e-03, 0.00000000e+00, 3.20352749e-02],
       [2.68017673e-03, 1.57615878e-03, 4.18109098e-03, ...,
        2.67139664e-02, 3.20352749e-02, 0.00000000e+00]], shape=(45, 45)), 'molecular-dipole': array([-0.01333588,  1.2770419 ,  0.30655147]), 'molecular-quadrupole': array([-41.95339509, 103.80905521,  -4.73823515,  61.32142202,
       181.53539202,  46.69163024])}
------------------------------------------------------------
  cycle        total energy    energy error   density error
------------------------------------------------------------
      1     -163.5166505693  -1.6326593E+02   5.2887640E-03
      2     -163.4072480024   1.0940257E-01   1.9047568E-02
      3     -163.4339141529  -2.6666150E-02   1.6903777E-02
      4     -163.5167969141  -8.2882761E-02   2.9442508E-03
      5     -163.5179679136  -1.1709995E-03   1.9444387E-03
      6     -163.5180015338  -3.3620159E-05   1.5103006E-03
      7     -163.5180426233  -4.1089513E-05   1.1633947E-03
      8     -163.5181120463  -6.9423069E-05   4.9491827E-04
      9     -163.5181376879  -2.5641558E-05   1.8815089E-04
     10     -163.5181423059  -4.6179683E-06   1.0821363E-04
     11     -163.5181442882  -1.9823263E-06   3.7016626E-05
     12     -163.5181445152  -2.2696474E-07   1.7032361E-05
------------------------------------------------------------

 total:                                  13.070 sec
3
{'bond-orders': array([[0.00000000e+00, 3.07847739e-01, 1.92030769e-02, ...,
        1.58437790e-04, 7.40843587e-05, 2.82025638e-03],
       [3.07847739e-01, 0.00000000e+00, 1.94674113e-02, ...,
        1.21283026e-04, 6.12895136e-05, 1.61423393e-03],
       [1.92030769e-02, 1.94674113e-02, 0.00000000e+00, ...,
        9.02827528e-04, 4.45180052e-04, 3.84522239e-03],
       ...,
       [1.58437790e-04, 1.21283026e-04, 9.02827528e-04, ...,
        0.00000000e+00, 9.18032316e-03, 2.67916879e-02],
       [7.40843587e-05, 6.12895136e-05, 4.45180052e-04, ...,
        9.18032316e-03, 0.00000000e+00, 3.25542514e-02],
       [2.82025638e-03, 1.61423393e-03, 3.84522239e-03, ...,
        2.67916879e-02, 3.25542514e-02, 0.00000000e+00]], shape=(45, 45))}
{'bond-orders': array([[0.00000000e+00, 3.07847739e-01, 1.92030769e-02, ...,
        1.58437790e-04, 7.40843587e-05, 2.82025638e-03],
       [3.07847739e-01, 0.00000000e+00, 1.94674113e-02, ...,
        1.21283026e-04, 6.12895136e-05, 1.61423393e-03],
       [1.92030769e-02, 1.94674113e-02, 0.00000000e+00, ...,
        9.02827528e-04, 4.45180052e-04, 3.84522239e-03],
       ...,
       [1.58437790e-04, 1.21283026e-04, 9.02827528e-04, ...,
        0.00000000e+00, 9.18032316e-03, 2.67916879e-02],
       [7.40843587e-05, 6.12895136e-05, 4.45180052e-04, ...,
        9.18032316e-03, 0.00000000e+00, 3.25542514e-02],
       [2.82025638e-03, 1.61423393e-03, 3.84522239e-03, ...,
        2.67916879e-02, 3.25542514e-02, 0.00000000e+00]], shape=(45, 45)), 'molecular-dipole': array([-0.12328398,  1.1622644 ,  0.10736898])}
{'bond-orders': array([[0.00000000e+00, 3.07847739e-01, 1.92030769e-02, ...,
        1.58437790e-04, 7.40843587e-05, 2.82025638e-03],
       [3.07847739e-01, 0.00000000e+00, 1.94674113e-02, ...,
        1.21283026e-04, 6.12895136e-05, 1.61423393e-03],
       [1.92030769e-02, 1.94674113e-02, 0.00000000e+00, ...,
        9.02827528e-04, 4.45180052e-04, 3.84522239e-03],
       ...,
       [1.58437790e-04, 1.21283026e-04, 9.02827528e-04, ...,
        0.00000000e+00, 9.18032316e-03, 2.67916879e-02],
       [7.40843587e-05, 6.12895136e-05, 4.45180052e-04, ...,
        9.18032316e-03, 0.00000000e+00, 3.25542514e-02],
       [2.82025638e-03, 1.61423393e-03, 3.84522239e-03, ...,
        2.67916879e-02, 3.25542514e-02, 0.00000000e+00]], shape=(45, 45)), 'molecular-dipole': array([-0.12328398,  1.1622644 ,  0.10736898]), 'molecular-quadrupole': array([-36.78534696,  91.83424605,   1.33628481,  35.76873084,
       160.99267205,  35.44906214])}
------------------------------------------------------------
  cycle        total energy    energy error   density error
------------------------------------------------------------
      1     -163.5226009270  -1.6327239E+02   6.2698090E-03
      2     -163.3378982800   1.8470265E-01   2.4395675E-02
      3     -163.4298517800  -9.1953500E-02   1.8046566E-02
      4     -163.5238024919  -9.3950712E-02   3.0706877E-03
      5     -163.5245270845  -7.2459265E-04   2.1214686E-03
      6     -163.5246231433  -9.6058746E-05   1.5034975E-03
      7     -163.5246517515  -2.8608209E-05   1.2371758E-03
      8     -163.5247249779  -7.3226356E-05   5.8788477E-04
      9     -163.5247535636  -2.8585720E-05   2.1469316E-04
     10     -163.5247572769  -3.7133479E-06   1.2948601E-04
     11     -163.5247592582  -1.9813072E-06   4.3126203E-05
     12     -163.5247594793  -2.2104723E-07   1.9115279E-05
------------------------------------------------------------

 total:                                  13.145 sec
3
{'bond-orders': array([[0.00000000e+00, 3.07395602e-01, 1.91301132e-02, ...,
        1.79674430e-04, 4.71968015e-05, 3.13304110e-03],
       [3.07395602e-01, 0.00000000e+00, 1.95578082e-02, ...,
        1.23167332e-04, 9.74934249e-06, 1.79270316e-03],
       [1.91301132e-02, 1.95578082e-02, 0.00000000e+00, ...,
        9.29681180e-04, 2.70406236e-04, 3.54616510e-03],
       ...,
       [1.79674430e-04, 1.23167332e-04, 9.29681180e-04, ...,
        0.00000000e+00, 9.83974009e-03, 2.67488050e-02],
       [4.71968015e-05, 9.74934249e-06, 2.70406236e-04, ...,
        9.83974009e-03, 0.00000000e+00, 3.06146266e-02],
       [3.13304110e-03, 1.79270316e-03, 3.54616510e-03, ...,
        2.67488050e-02, 3.06146266e-02, 0.00000000e+00]], shape=(45, 45))}
{'bond-orders': array([[0.00000000e+00, 3.07395602e-01, 1.91301132e-02, ...,
        1.79674430e-04, 4.71968015e-05, 3.13304110e-03],
       [3.07395602e-01, 0.00000000e+00, 1.95578082e-02, ...,
        1.23167332e-04, 9.74934249e-06, 1.79270316e-03],
       [1.91301132e-02, 1.95578082e-02, 0.00000000e+00, ...,
        9.29681180e-04, 2.70406236e-04, 3.54616510e-03],
       ...,
       [1.79674430e-04, 1.23167332e-04, 9.29681180e-04, ...,
        0.00000000e+00, 9.83974009e-03, 2.67488050e-02],
       [4.71968015e-05, 9.74934249e-06, 2.70406236e-04, ...,
        9.83974009e-03, 0.00000000e+00, 3.06146266e-02],
       [3.13304110e-03, 1.79270316e-03, 3.54616510e-03, ...,
        2.67488050e-02, 3.06146266e-02, 0.00000000e+00]], shape=(45, 45)), 'molecular-dipole': array([-0.20989133,  1.08357314, -0.15036309])}
{'bond-orders': array([[0.00000000e+00, 3.07395602e-01, 1.91301132e-02, ...,
        1.79674430e-04, 4.71968015e-05, 3.13304110e-03],
       [3.07395602e-01, 0.00000000e+00, 1.95578082e-02, ...,
        1.23167332e-04, 9.74934249e-06, 1.79270316e-03],
       [1.91301132e-02, 1.95578082e-02, 0.00000000e+00, ...,
        9.29681180e-04, 2.70406236e-04, 3.54616510e-03],
       ...,
       [1.79674430e-04, 1.23167332e-04, 9.29681180e-04, ...,
        0.00000000e+00, 9.83974009e-03, 2.67488050e-02],
       [4.71968015e-05, 9.74934249e-06, 2.70406236e-04, ...,
        9.83974009e-03, 0.00000000e+00, 3.06146266e-02],
       [3.13304110e-03, 1.79270316e-03, 3.54616510e-03, ...,
        2.67488050e-02, 3.06146266e-02, 0.00000000e+00]], shape=(45, 45)), 'molecular-dipole': array([-0.20989133,  1.08357314, -0.15036309]), 'molecular-quadrupole': array([-28.426045  ,  82.3989044 ,   9.6470402 ,  10.29683303,
       143.78831653,  18.7790048 ])}
------------------------------------------------------------
  cycle        total energy    energy error   density error
------------------------------------------------------------
      1     -163.5285974652  -1.6328128E+02   4.6621524E-03
      2     -163.4153895151   1.1320795E-01   1.9059345E-02
      3     -163.4813448208  -6.5955306E-02   1.3000473E-02
      4     -163.5292310218  -4.7886201E-02   2.4325673E-03
      5     -163.5297707501  -5.3972830E-04   1.5598472E-03
      6     -163.5297716504  -9.0027351E-07   1.2868427E-03
      7     -163.5298278908  -5.6240377E-05   9.2866612E-04
      8     -163.5298780414  -5.0150676E-05   3.8174208E-04
      9     -163.5298850580  -7.0165498E-06   1.5357202E-04
     10     -163.5298861859  -1.1279255E-06   7.9391215E-05
     11     -163.5298865602  -3.7426571E-07   2.5655034E-05
     12     -163.5298865985  -3.8309310E-08   1.3936085E-05
------------------------------------------------------------

 total:                                  13.213 sec
3
{'bond-orders': array([[ 0.00000000e+00,  3.07126549e-01,  1.89739526e-02, ...,
         2.08927280e-04,  3.05030306e-05,  3.49327084e-03],
       [ 3.07126549e-01,  0.00000000e+00,  1.95640976e-02, ...,
         1.27232491e-04, -2.16812455e-05,  1.99752733e-03],
       [ 1.89739526e-02,  1.95640976e-02,  0.00000000e+00, ...,
         9.25480806e-04,  1.68278409e-04,  3.39754788e-03],
       ...,
       [ 2.08927280e-04,  1.27232491e-04,  9.25480806e-04, ...,
         0.00000000e+00,  9.22995045e-03,  2.64429777e-02],
       [ 3.05030306e-05, -2.16812455e-05,  1.68278409e-04, ...,
         9.22995045e-03,  0.00000000e+00,  2.86847632e-02],
       [ 3.49327084e-03,  1.99752733e-03,  3.39754788e-03, ...,
         2.64429777e-02,  2.86847632e-02,  0.00000000e+00]],
      shape=(45, 45))}
{'bond-orders': array([[ 0.00000000e+00,  3.07126549e-01,  1.89739526e-02, ...,
         2.08927280e-04,  3.05030306e-05,  3.49327084e-03],
       [ 3.07126549e-01,  0.00000000e+00,  1.95640976e-02, ...,
         1.27232491e-04, -2.16812455e-05,  1.99752733e-03],
       [ 1.89739526e-02,  1.95640976e-02,  0.00000000e+00, ...,
         9.25480806e-04,  1.68278409e-04,  3.39754788e-03],
       ...,
       [ 2.08927280e-04,  1.27232491e-04,  9.25480806e-04, ...,
         0.00000000e+00,  9.22995045e-03,  2.64429777e-02],
       [ 3.05030306e-05, -2.16812455e-05,  1.68278409e-04, ...,
         9.22995045e-03,  0.00000000e+00,  2.86847632e-02],
       [ 3.49327084e-03,  1.99752733e-03,  3.39754788e-03, ...,
         2.64429777e-02,  2.86847632e-02,  0.00000000e+00]],
      shape=(45, 45)), 'molecular-dipole': array([-0.21846823,  1.08865774, -0.37059831])}
{'bond-orders': array([[ 0.00000000e+00,  3.07126549e-01,  1.89739526e-02, ...,
         2.08927280e-04,  3.05030306e-05,  3.49327084e-03],
       [ 3.07126549e-01,  0.00000000e+00,  1.95640976e-02, ...,
         1.27232491e-04, -2.16812455e-05,  1.99752733e-03],
       [ 1.89739526e-02,  1.95640976e-02,  0.00000000e+00, ...,
         9.25480806e-04,  1.68278409e-04,  3.39754788e-03],
       ...,
       [ 2.08927280e-04,  1.27232491e-04,  9.25480806e-04, ...,
         0.00000000e+00,  9.22995045e-03,  2.64429777e-02],
       [ 3.05030306e-05, -2.16812455e-05,  1.68278409e-04, ...,
         9.22995045e-03,  0.00000000e+00,  2.86847632e-02],
       [ 3.49327084e-03,  1.99752733e-03,  3.39754788e-03, ...,
         2.64429777e-02,  2.86847632e-02,  0.00000000e+00]],
      shape=(45, 45)), 'molecular-dipole': array([-0.21846823,  1.08865774, -0.37059831]), 'molecular-quadrupole': array([-19.37151979,  79.88041187,  16.72233785,  -2.97609442,
       138.46763962,   2.64918194])}
------------------------------------------------------------
  cycle        total energy    energy error   density error
------------------------------------------------------------
      1     -163.5349448685  -1.6329064E+02   4.3480375E-03
      2     -163.4418385909   9.3106278E-02   1.7503745E-02
      3     -163.4837612925  -4.1922702E-02   1.3414796E-02
      4     -163.5348534258  -5.1092133E-02   2.7839835E-03
      5     -163.5358262227  -9.7279688E-04   1.9131116E-03
      6     -163.5358575740  -3.1351349E-05   1.8603237E-03
      7     -163.5360391418  -1.8156777E-04   7.8886354E-04
      8     -163.5360785103  -3.9368494E-05   3.7154310E-04
      9     -163.5360942032  -1.5692912E-05   1.5042357E-04
     10     -163.5360960646  -1.8614262E-06   9.5095022E-05
     11     -163.5360973394  -1.2747476E-06   3.6963063E-05
     12     -163.5360975987  -2.5928756E-07   1.3114628E-05
------------------------------------------------------------

 total:                                  13.559 sec
3
{'bond-orders': array([[ 0.00000000e+00,  3.06947065e-01,  1.86802038e-02, ...,
         2.60406604e-04,  2.08540191e-05,  3.94920058e-03],
       [ 3.06947065e-01,  0.00000000e+00,  1.94650925e-02, ...,
         1.38077042e-04, -3.98080055e-05,  2.22605566e-03],
       [ 1.86802038e-02,  1.94650925e-02,  0.00000000e+00, ...,
         8.91708822e-04,  9.75593857e-05,  3.30775297e-03],
       ...,
       [ 2.60406604e-04,  1.38077042e-04,  8.91708822e-04, ...,
         0.00000000e+00,  7.62906701e-03,  2.58754038e-02],
       [ 2.08540191e-05, -3.98080055e-05,  9.75593857e-05, ...,
         7.62906701e-03,  0.00000000e+00,  2.77340971e-02],
       [ 3.94920058e-03,  2.22605566e-03,  3.30775297e-03, ...,
         2.58754038e-02,  2.77340971e-02,  0.00000000e+00]],
      shape=(45, 45))}
{'bond-orders': array([[ 0.00000000e+00,  3.06947065e-01,  1.86802038e-02, ...,
         2.60406604e-04,  2.08540191e-05,  3.94920058e-03],
       [ 3.06947065e-01,  0.00000000e+00,  1.94650925e-02, ...,
         1.38077042e-04, -3.98080055e-05,  2.22605566e-03],
       [ 1.86802038e-02,  1.94650925e-02,  0.00000000e+00, ...,
         8.91708822e-04,  9.75593857e-05,  3.30775297e-03],
       ...,
       [ 2.60406604e-04,  1.38077042e-04,  8.91708822e-04, ...,
         0.00000000e+00,  7.62906701e-03,  2.58754038e-02],
       [ 2.08540191e-05, -3.98080055e-05,  9.75593857e-05, ...,
         7.62906701e-03,  0.00000000e+00,  2.77340971e-02],
       [ 3.94920058e-03,  2.22605566e-03,  3.30775297e-03, ...,
         2.58754038e-02,  2.77340971e-02,  0.00000000e+00]],
      shape=(45, 45)), 'molecular-dipole': array([-0.15974542,  1.17756269, -0.60734133])}
{'bond-orders': array([[ 0.00000000e+00,  3.06947065e-01,  1.86802038e-02, ...,
         2.60406604e-04,  2.08540191e-05,  3.94920058e-03],
       [ 3.06947065e-01,  0.00000000e+00,  1.94650925e-02, ...,
         1.38077042e-04, -3.98080055e-05,  2.22605566e-03],
       [ 1.86802038e-02,  1.94650925e-02,  0.00000000e+00, ...,
         8.91708822e-04,  9.75593857e-05,  3.30775297e-03],
       ...,
       [ 2.60406604e-04,  1.38077042e-04,  8.91708822e-04, ...,
         0.00000000e+00,  7.62906701e-03,  2.58754038e-02],
       [ 2.08540191e-05, -3.98080055e-05,  9.75593857e-05, ...,
         7.62906701e-03,  0.00000000e+00,  2.77340971e-02],
       [ 3.94920058e-03,  2.22605566e-03,  3.30775297e-03, ...,
         2.58754038e-02,  2.77340971e-02,  0.00000000e+00]],
      shape=(45, 45)), 'molecular-dipole': array([-0.15974542,  1.17756269, -0.60734133]), 'molecular-quadrupole': array([ -7.71719125,  83.22839784,  24.36347808,  -8.31031721,
       143.57745824, -16.64628683])}
------------------------------------------------------------
  cycle        total energy    energy error   density error
------------------------------------------------------------
      1     -163.5412233242  -1.6329709E+02   3.8134501E-03
      2     -163.5061853776   3.5037947E-02   1.1349167E-02
      3     -163.4709092211   3.5276157E-02   1.5101210E-02
      4     -163.5402872837  -6.9378063E-02   2.9898652E-03
      5     -163.5414862871  -1.1990034E-03   2.2824682E-03
      6     -163.5417017606  -2.1547348E-04   1.5072606E-03
      7     -163.5418087235  -1.0696291E-04   6.0757462E-04
      8     -163.5418250008  -1.6277230E-05   3.1569824E-04
      9     -163.5418379995  -1.2998750E-05   1.6117874E-04
     10     -163.5418410344  -3.0349102E-06   9.8885559E-05
     11     -163.5418422611  -1.2267049E-06   3.2302910E-05
     12     -163.5418424671  -2.0592233E-07   1.2808364E-05
------------------------------------------------------------

 total:                                  11.064 sec
3
{'bond-orders': array([[ 0.00000000e+00,  3.06857879e-01,  1.83262538e-02, ...,
         3.11792699e-04,  1.85499442e-05,  4.34158231e-03],
       [ 3.06857879e-01,  0.00000000e+00,  1.92801796e-02, ...,
         1.49321345e-04, -3.95913363e-05,  2.43169913e-03],
