/home/ans819/.conda/envs/autoflow/lib/python3.13/site-packages/e3nn/o3/_wigner.py:10: UserWarning: Environment variable TORCH_FORCE_NO_WEIGHTS_ONLY_LOAD detected, since the`weights_only` argument was not explicitly passed to `torch.load`, forcing weights_only=False.
  _Jd, _W3j_flat, _W3j_indices = torch.load(os.path.join(os.path.dirname(__file__), 'constants.pt'))

          ==================== Thresholds ====================
          CN  :   150.00000
          rep :   500.00000
          disp:  2500.00000
          HB1 :   250.00000
          HB2 :   450.00000

          Pauling EN used:
          Z : 1  EN :  2.20
          Z : 6  EN :  2.55
          Z : 8  EN :  3.44
          Z :47  EN :  1.93
          electric field strengths (au): 0.000

           ------------------------------------------------- 
          |           Force Field Initialization            |
           ------------------------------------------------- 

          distances ...
          ----------------------------------------
          generating topology and atomic info file ...
          pair mat ...
          computing topology distances matrix with Floyd-Warshall algo ...
          making topology EEQ charges ...
          #fragments for EEQ constrain: 1
          ----------------------------------------
          generating topology and atomic info file ...
          pair mat ...
          computing topology distances matrix with Floyd-Warshall algo ...
          making topology EEQ charges ...
          #fragments for EEQ constrain: 1
          rings ...
          # BATM   3469
          # H in HB   0

  atom   neighbors  erfCN metchar sp-hybrid imet pi  qest     coordinates
    1  Ag      2    1.35   0.37         2    2    0   0.001    3.199451    0.356229   27.200468
    2  Ag      5    3.15   0.31         0    2    0   0.015    6.689760    4.630967   27.200468
    3  Ag      9    4.27   0.07         0    2    0   0.014   15.415533    8.193249   28.793569
    4  Ag      7    3.92   0.19         0    2    0   0.015   11.925224    3.918511   28.793569
    5  Ag      7    3.92   0.19         0    2    0   0.010   20.650997    7.480793   30.386670
    6  Ag      6    3.59   0.27         0    2    0   0.016   17.160688    3.206054   30.386670
    7  Ag      9    4.27   0.07         0    2    0   0.008    8.434915    6.768336   31.979771
    8  Ag      6    3.59   0.23         0    2    0   0.019    4.944605    2.493598   31.979771
    9  Ag     12    4.39   0.01         0    2    0   0.019   13.670379    6.055880   33.572872
   10  Ag      7    3.92   0.19         0    2    0   0.028   10.180069    1.781141   33.572872
   11  Ag      9    4.27   0.07         0    2    0   0.009   18.905843    5.343423   35.165973
   12  Ag      6    3.59   0.27         0    2    0   0.029   15.415533    1.068685   35.165973
   13  Ag      8    4.14   0.11         0    2    0   0.021    6.689760    4.630967   36.759074
   14  Ag      3    2.00   0.37         2    2    0   0.013    3.199451    0.356229   36.759074
   15  Ag     11    4.36   0.02         0    2    0   0.114   11.925224    3.918511   38.352175
   16  Ag     10    4.34   0.04         0    2    0   0.021   15.415533    8.193249   38.352175
   17  Ag      5    3.15   0.34         0    2    0   0.031   17.160688    3.206054   39.945276
   18  Ag      6    3.59   0.26         0    2    0   0.016   20.650997    7.480793   39.945276
   19  Ag      3    2.00   0.37         2    2    0   0.025    4.944605    2.493598   41.538377
   20  Ag      6    3.45   0.33         0    2    0   0.094    8.434915    6.768336   41.538377
   21  Ag      6    3.59   0.26         0    2    0   0.011   10.180069    8.905705   27.200468
   22  Ag      5    3.15   0.34         0    2    0   0.014   13.670379   13.180444   27.200468
   23  Ag      4    2.61   0.38         3    2    0   0.013   22.396152   16.742726   28.793569
   24  Ag      8    4.14   0.12         0    2    0   0.011   18.905843   12.467987   28.793569
   25  Ag      3    2.00   0.39         2    2    0   0.009   27.631616   16.030269   30.386670
   26  Ag      7    3.92   0.19         0    2    0   0.011   24.141307   11.755531   30.386670
   27  Ag      6    3.59   0.27         0    2    0   0.010   15.415533   15.317813   31.979771
   28  Ag      9    4.27   0.07         0    2    0   0.010   11.925224   11.043075   31.979771
   29  Ag      9    4.27   0.07         0    2    0   0.010   20.650997   14.605357   33.572872
/home/ans819/.conda/envs/autoflow/lib/python3.13/site-packages/mace/calculators/mace.py:197: UserWarning: Environment variable TORCH_FORCE_NO_WEIGHTS_ONLY_LOAD detected, since the`weights_only` argument was not explicitly passed to `torch.load`, forcing weights_only=False.
  torch.load(f=model_path, map_location=device)
/home/ans819/.conda/envs/autoflow/lib/python3.13/site-packages/chgnet/model/model.py:898: UserWarning: Converting a tensor with requires_grad=True to a scalar may lead to unexpected behavior.
Consider using tensor.detach() first. (Triggered internally at /pytorch/torch/csrc/autograd/generated/python_variable_methods.cpp:836.)
  volumes = torch.tensor(volumes, dtype=TORCH_DTYPE, device=atomic_numbers.device)
cuequivariance or cuequivariance_torch is not available. Cuequivariance acceleration will be disabled.
------------------------------------------------------------
  cycle        total energy    energy error   density error
------------------------------------------------------------
      1     -163.0070919133  -1.6281416E+02   1.0024927E+00
      2     -161.7131780732   1.2939138E+00   6.2266162E-01
      3      179.4521308186   3.4116531E+02   1.7455147E+00
      4     -127.0187302175  -3.0647086E+02   6.6526936E-01
      5     -23.91062875019   1.0310810E+02   9.2826893E-01
      6     -144.1449733369  -1.2023434E+02   2.7099083E-01
      7     -114.1162282540   3.0028745E+01   4.1846848E-01
      8     -163.0195174958  -4.8903289E+01   8.9779477E-02
      9     -163.1264003042  -1.0688281E-01   7.0422248E-02
     10     -163.3375872006  -2.1118690E-01   5.1953653E-02
     11     -163.3571860293  -1.9598829E-02   4.5172615E-02
     12     -163.3724212911  -1.5235262E-02   3.7323204E-02
     13     -163.3646336318   7.7876593E-03   3.0629452E-02
     14     -163.3590513181   5.5823137E-03   2.8123368E-02
     15     -163.3597266312  -6.7531312E-04   2.5381118E-02
     16     -163.3683770085  -8.6503773E-03   2.2046442E-02
     17     -163.3723197756  -3.9427671E-03   1.8989722E-02
     18     -163.3730821836  -7.6240800E-04   1.8355477E-02
     19     -163.3731491566  -6.6972969E-05   1.8295533E-02
     20     -163.3761419348  -2.9927782E-03   1.5493977E-02
     21     -163.3774972348  -1.3552999E-03   1.3673669E-02
     22     -163.3814044385  -3.9072037E-03   9.6886808E-03
     23     -163.3822571751  -8.5273659E-04   7.6353840E-03
     24     -163.3839171577  -1.6599827E-03   4.6972030E-03
     25     -163.3846069722  -6.8981443E-04   2.9029694E-03
     26     -163.3848108362  -2.0386404E-04   2.4205374E-03
     27     -163.3848809520  -7.0115844E-05   2.4740556E-03
     28     -163.3849183432  -3.7391114E-05   2.1533944E-03
     29     -163.3849353271  -1.6983946E-05   2.0205414E-03
     30     -163.3849581502  -2.2823148E-05   1.8250995E-03
     31     -163.3849626581  -4.5078357E-06   1.7588912E-03
     32     -163.3849780490  -1.5390877E-05   1.3529560E-03
     33     -163.3849840928  -6.0438537E-06   1.0822516E-03
     34     -163.3849943406  -1.0247755E-05   6.2481925E-04
     35     -163.3849986624  -4.3218419E-06   2.9988120E-04
     36     -163.3849994936  -8.3118539E-07   1.0239088E-04
     37     -163.3849996968  -2.0319646E-07   1.0466055E-05
------------------------------------------------------------

 total:                                  21.592 sec
3
{'bond-orders': array([[0.00000000e+00, 3.13644643e-01, 1.89323615e-02, ...,
        1.15880670e-04, 2.63471773e-04, 3.10485750e-03],
       [3.13644643e-01, 0.00000000e+00, 1.80072665e-02, ...,
        5.17925844e-05, 2.91457204e-04, 1.10642669e-03],
       [1.89323615e-02, 1.80072665e-02, 0.00000000e+00, ...,
        8.96143964e-04, 3.28753670e-04, 5.23789898e-03],
       ...,
       [1.15880670e-04, 5.17925844e-05, 8.96143964e-04, ...,
        0.00000000e+00, 4.65843469e-03, 2.16290832e-02],
       [2.63471773e-04, 2.91457204e-04, 3.28753670e-04, ...,
        4.65843469e-03, 0.00000000e+00, 1.35998773e-02],
       [3.10485750e-03, 1.10642669e-03, 5.23789898e-03, ...,
        2.16290832e-02, 1.35998773e-02, 0.00000000e+00]], shape=(45, 45))}
{'bond-orders': array([[0.00000000e+00, 3.13644643e-01, 1.89323615e-02, ...,
        1.15880670e-04, 2.63471773e-04, 3.10485750e-03],
       [3.13644643e-01, 0.00000000e+00, 1.80072665e-02, ...,
        5.17925844e-05, 2.91457204e-04, 1.10642669e-03],
       [1.89323615e-02, 1.80072665e-02, 0.00000000e+00, ...,
        8.96143964e-04, 3.28753670e-04, 5.23789898e-03],
       ...,
       [1.15880670e-04, 5.17925844e-05, 8.96143964e-04, ...,
        0.00000000e+00, 4.65843469e-03, 2.16290832e-02],
       [2.63471773e-04, 2.91457204e-04, 3.28753670e-04, ...,
        4.65843469e-03, 0.00000000e+00, 1.35998773e-02],
       [3.10485750e-03, 1.10642669e-03, 5.23789898e-03, ...,
        2.16290832e-02, 1.35998773e-02, 0.00000000e+00]], shape=(45, 45)), 'molecular-dipole': array([0.74239832, 1.86605782, 1.52339364])}
{'bond-orders': array([[0.00000000e+00, 3.13644643e-01, 1.89323615e-02, ...,
        1.15880670e-04, 2.63471773e-04, 3.10485750e-03],
       [3.13644643e-01, 0.00000000e+00, 1.80072665e-02, ...,
        5.17925844e-05, 2.91457204e-04, 1.10642669e-03],
       [1.89323615e-02, 1.80072665e-02, 0.00000000e+00, ...,
        8.96143964e-04, 3.28753670e-04, 5.23789898e-03],
       ...,
       [1.15880670e-04, 5.17925844e-05, 8.96143964e-04, ...,
        0.00000000e+00, 4.65843469e-03, 2.16290832e-02],
       [2.63471773e-04, 2.91457204e-04, 3.28753670e-04, ...,
        4.65843469e-03, 0.00000000e+00, 1.35998773e-02],
       [3.10485750e-03, 1.10642669e-03, 5.23789898e-03, ...,
        2.16290832e-02, 1.35998773e-02, 0.00000000e+00]], shape=(45, 45)), 'molecular-dipole': array([0.74239832, 1.86605782, 1.52339364]), 'molecular-quadrupole': array([-90.83846836, 188.00661315, -28.31817526, 236.11792685,
       303.73180902, 119.15664362])}
------------------------------------------------------------
  cycle        total energy    energy error   density error
------------------------------------------------------------
      1     -163.4283643424  -1.6321037E+02   9.7221377E-03
      2     -163.4276233714   7.4097092E-04   8.1116779E-03
      3     -163.4128332176   1.4790154E-02   1.0580623E-02
      4     -163.3473180739   6.5515144E-02   1.6260902E-02
      5     -163.4222135784  -7.4895504E-02   6.2269487E-03
      6     -163.4300883993  -7.8748209E-03   2.7238168E-03
      7     -163.4303136530  -2.2525375E-04   1.1380026E-03
      8     -163.4303811783  -6.7525239E-05   5.3071738E-04
      9     -163.4304138993  -3.2721017E-05   3.1611959E-04
     10     -163.4304304701  -1.6570804E-05   1.6048590E-04
     11     -163.4304355498  -5.0796949E-06   8.6642461E-05
     12     -163.4304361403  -5.9050427E-07   3.6943645E-05
     13     -163.4304361715  -3.1209652E-08   1.5644091E-05
------------------------------------------------------------

 total:                                  13.865 sec
3
{'bond-orders': array([[0.00000000e+00, 3.14143504e-01, 1.87138525e-02, ...,
        1.18007148e-04, 2.92654044e-04, 2.66862349e-03],
       [3.14143504e-01, 0.00000000e+00, 1.81746421e-02, ...,
        3.67849679e-05, 2.75995552e-04, 1.13459169e-03],
       [1.87138525e-02, 1.81746421e-02, 0.00000000e+00, ...,
        8.89715240e-04, 3.86076045e-04, 5.03091221e-03],
       ...,
       [1.18007148e-04, 3.67849679e-05, 8.89715240e-04, ...,
        0.00000000e+00, 5.31807395e-03, 2.27935679e-02],
       [2.92654044e-04, 2.75995552e-04, 3.86076045e-04, ...,
        5.31807395e-03, 0.00000000e+00, 1.73059243e-02],
       [2.66862349e-03, 1.13459169e-03, 5.03091221e-03, ...,
        2.27935679e-02, 1.73059243e-02, 0.00000000e+00]], shape=(45, 45))}
{'bond-orders': array([[0.00000000e+00, 3.14143504e-01, 1.87138525e-02, ...,
        1.18007148e-04, 2.92654044e-04, 2.66862349e-03],
       [3.14143504e-01, 0.00000000e+00, 1.81746421e-02, ...,
        3.67849679e-05, 2.75995552e-04, 1.13459169e-03],
       [1.87138525e-02, 1.81746421e-02, 0.00000000e+00, ...,
        8.89715240e-04, 3.86076045e-04, 5.03091221e-03],
       ...,
       [1.18007148e-04, 3.67849679e-05, 8.89715240e-04, ...,
        0.00000000e+00, 5.31807395e-03, 2.27935679e-02],
       [2.92654044e-04, 2.75995552e-04, 3.86076045e-04, ...,
        5.31807395e-03, 0.00000000e+00, 1.73059243e-02],
       [2.66862349e-03, 1.13459169e-03, 5.03091221e-03, ...,
        2.27935679e-02, 1.73059243e-02, 0.00000000e+00]], shape=(45, 45)), 'molecular-dipole': array([0.59888964, 1.6571525 , 1.4974957 ])}
{'bond-orders': array([[0.00000000e+00, 3.14143504e-01, 1.87138525e-02, ...,
        1.18007148e-04, 2.92654044e-04, 2.66862349e-03],
       [3.14143504e-01, 0.00000000e+00, 1.81746421e-02, ...,
        3.67849679e-05, 2.75995552e-04, 1.13459169e-03],
       [1.87138525e-02, 1.81746421e-02, 0.00000000e+00, ...,
        8.89715240e-04, 3.86076045e-04, 5.03091221e-03],
       ...,
       [1.18007148e-04, 3.67849679e-05, 8.89715240e-04, ...,
        0.00000000e+00, 5.31807395e-03, 2.27935679e-02],
       [2.92654044e-04, 2.75995552e-04, 3.86076045e-04, ...,
        5.31807395e-03, 0.00000000e+00, 1.73059243e-02],
       [2.66862349e-03, 1.13459169e-03, 5.03091221e-03, ...,
        2.27935679e-02, 1.73059243e-02, 0.00000000e+00]], shape=(45, 45)), 'molecular-dipole': array([0.59888964, 1.6571525 , 1.4974957 ]), 'molecular-quadrupole': array([-92.52474566, 168.06848348, -30.83785584, 212.45510403,
       273.66387905, 123.3626015 ])}
------------------------------------------------------------
  cycle        total energy    energy error   density error
------------------------------------------------------------
      1     -163.4507351387  -1.6321908E+02   6.7533509E-03
      2     -163.3871533116   6.3581827E-02   1.6135823E-02
      3     -163.2484001545   1.3875316E-01   2.5661693E-02
      4     -163.4479112367  -1.9951108E-01   5.4706706E-03
      5     -163.4511100288  -3.1987921E-03   4.2363899E-03
      6     -163.4516272922  -5.1726338E-04   2.6440577E-03
      7     -163.4521249930  -4.9770083E-04   1.1233903E-03
      8     -163.4522441978  -1.1920479E-04   4.2134617E-04
      9     -163.4522509668  -6.7689836E-06   1.5345007E-04
     10     -163.4522534016  -2.4348076E-06   8.1603640E-05
     11     -163.4522540138  -6.1218398E-07   3.8616423E-05
     12     -163.4522540328  -1.8954722E-08   2.3461761E-05
     13     -163.4522540804  -4.7662894E-08   1.0770460E-05
------------------------------------------------------------

 total:                                  13.977 sec
3
{'bond-orders': array([[0.00000000e+00, 3.14041837e-01, 1.85399053e-02, ...,
        1.09433382e-04, 2.70296809e-04, 2.33135559e-03],
       [3.14041837e-01, 0.00000000e+00, 1.83485551e-02, ...,
        3.77630369e-05, 2.49566436e-04, 1.06596437e-03],
       [1.85399053e-02, 1.83485551e-02, 0.00000000e+00, ...,
        9.05154070e-04, 3.38616654e-04, 4.60992299e-03],
       ...,
       [1.09433382e-04, 3.77630369e-05, 9.05154070e-04, ...,
        0.00000000e+00, 5.59822357e-03, 2.46940310e-02],
       [2.70296809e-04, 2.49566436e-04, 3.38616654e-04, ...,
        5.59822357e-03, 0.00000000e+00, 2.00735133e-02],
       [2.33135559e-03, 1.06596437e-03, 4.60992299e-03, ...,
        2.46940310e-02, 2.00735133e-02, 0.00000000e+00]], shape=(45, 45))}
{'bond-orders': array([[0.00000000e+00, 3.14041837e-01, 1.85399053e-02, ...,
        1.09433382e-04, 2.70296809e-04, 2.33135559e-03],
       [3.14041837e-01, 0.00000000e+00, 1.83485551e-02, ...,
        3.77630369e-05, 2.49566436e-04, 1.06596437e-03],
       [1.85399053e-02, 1.83485551e-02, 0.00000000e+00, ...,
        9.05154070e-04, 3.38616654e-04, 4.60992299e-03],
       ...,
       [1.09433382e-04, 3.77630369e-05, 9.05154070e-04, ...,
        0.00000000e+00, 5.59822357e-03, 2.46940310e-02],
       [2.70296809e-04, 2.49566436e-04, 3.38616654e-04, ...,
        5.59822357e-03, 0.00000000e+00, 2.00735133e-02],
       [2.33135559e-03, 1.06596437e-03, 4.60992299e-03, ...,
        2.46940310e-02, 2.00735133e-02, 0.00000000e+00]], shape=(45, 45)), 'molecular-dipole': array([0.51251386, 1.54580592, 1.35771264])}
{'bond-orders': array([[0.00000000e+00, 3.14041837e-01, 1.85399053e-02, ...,
        1.09433382e-04, 2.70296809e-04, 2.33135559e-03],
       [3.14041837e-01, 0.00000000e+00, 1.83485551e-02, ...,
        3.77630369e-05, 2.49566436e-04, 1.06596437e-03],
       [1.85399053e-02, 1.83485551e-02, 0.00000000e+00, ...,
        9.05154070e-04, 3.38616654e-04, 4.60992299e-03],
       ...,
       [1.09433382e-04, 3.77630369e-05, 9.05154070e-04, ...,
        0.00000000e+00, 5.59822357e-03, 2.46940310e-02],
       [2.70296809e-04, 2.49566436e-04, 3.38616654e-04, ...,
        5.59822357e-03, 0.00000000e+00, 2.00735133e-02],
       [2.33135559e-03, 1.06596437e-03, 4.60992299e-03, ...,
        2.46940310e-02, 2.00735133e-02, 0.00000000e+00]], shape=(45, 45)), 'molecular-dipole': array([0.51251386, 1.54580592, 1.35771264]), 'molecular-quadrupole': array([-88.01096033, 155.55671872, -27.75840381, 193.43112985,
       255.70854621, 115.76936413])}
------------------------------------------------------------
  cycle        total energy    energy error   density error
------------------------------------------------------------
      1     -163.4719652715  -1.6322552E+02   1.0963150E-02
      2     -163.1976362779   2.7432899E-01   3.2346522E-02
      3     -162.9778501142   2.1978616E-01   4.0807043E-02
      4     -163.4675244470  -4.8967433E-01   8.1198639E-03
      5     -163.4752240114  -7.6995644E-03   6.4372937E-03
      6     -163.4767577032  -1.5336918E-03   4.1665614E-03
      7     -163.4775260882  -7.6838500E-04   1.6343793E-03
      8     -163.4776482874  -1.2219921E-04   9.9896714E-04
      9     -163.4777390646  -9.0777191E-05   3.1593531E-04
     10     -163.4777524391  -1.3374506E-05   1.4462696E-04
     11     -163.4777546393  -2.2001957E-06   9.1670845E-05
     12     -163.4777561772  -1.5378201E-06   3.6129771E-05
     13     -163.4777562528  -7.5607545E-08   1.7677347E-05
------------------------------------------------------------

 total:                                  13.930 sec
3
{'bond-orders': array([[0.00000000e+00, 3.13460700e-01, 1.82211677e-02, ...,
        7.70040326e-05, 2.20514703e-04, 1.94252658e-03],
       [3.13460700e-01, 0.00000000e+00, 1.85396837e-02, ...,
        3.32503989e-05, 2.17826481e-04, 9.39238069e-04],
       [1.82211677e-02, 1.85396837e-02, 0.00000000e+00, ...,
        8.06615806e-04, 2.46918370e-04, 4.09063749e-03],
       ...,
       [7.70040326e-05, 3.32503989e-05, 8.06615806e-04, ...,
        0.00000000e+00, 5.79884918e-03, 2.57604691e-02],
       [2.20514703e-04, 2.17826481e-04, 2.46918370e-04, ...,
        5.79884918e-03, 0.00000000e+00, 2.30163959e-02],
       [1.94252658e-03, 9.39238069e-04, 4.09063749e-03, ...,
        2.57604691e-02, 2.30163959e-02, 0.00000000e+00]], shape=(45, 45))}
{'bond-orders': array([[0.00000000e+00, 3.13460700e-01, 1.82211677e-02, ...,
        7.70040326e-05, 2.20514703e-04, 1.94252658e-03],
       [3.13460700e-01, 0.00000000e+00, 1.85396837e-02, ...,
        3.32503989e-05, 2.17826481e-04, 9.39238069e-04],
       [1.82211677e-02, 1.85396837e-02, 0.00000000e+00, ...,
        8.06615806e-04, 2.46918370e-04, 4.09063749e-03],
       ...,
       [7.70040326e-05, 3.32503989e-05, 8.06615806e-04, ...,
        0.00000000e+00, 5.79884918e-03, 2.57604691e-02],
       [2.20514703e-04, 2.17826481e-04, 2.46918370e-04, ...,
        5.79884918e-03, 0.00000000e+00, 2.30163959e-02],
       [1.94252658e-03, 9.39238069e-04, 4.09063749e-03, ...,
        2.57604691e-02, 2.30163959e-02, 0.00000000e+00]], shape=(45, 45)), 'molecular-dipole': array([0.39016301, 1.37017915, 1.02250183])}
{'bond-orders': array([[0.00000000e+00, 3.13460700e-01, 1.82211677e-02, ...,
        7.70040326e-05, 2.20514703e-04, 1.94252658e-03],
       [3.13460700e-01, 0.00000000e+00, 1.85396837e-02, ...,
        3.32503989e-05, 2.17826481e-04, 9.39238069e-04],
       [1.82211677e-02, 1.85396837e-02, 0.00000000e+00, ...,
        8.06615806e-04, 2.46918370e-04, 4.09063749e-03],
       ...,
       [7.70040326e-05, 3.32503989e-05, 8.06615806e-04, ...,
        0.00000000e+00, 5.79884918e-03, 2.57604691e-02],
       [2.20514703e-04, 2.17826481e-04, 2.46918370e-04, ...,
        5.79884918e-03, 0.00000000e+00, 2.30163959e-02],
       [1.94252658e-03, 9.39238069e-04, 4.09063749e-03, ...,
        2.57604691e-02, 2.30163959e-02, 0.00000000e+00]], shape=(45, 45)), 'molecular-dipole': array([0.39016301, 1.37017915, 1.02250183]), 'molecular-quadrupole': array([-75.54148007, 136.13882852, -19.02118663, 161.19825786,
       225.76961133,  94.5626667 ])}
------------------------------------------------------------
  cycle        total energy    energy error   density error
------------------------------------------------------------
      1     -163.4918417140  -1.6323799E+02   1.0162309E-02
      2     -163.3065870724   1.8525464E-01   2.8129489E-02
      3     -163.0219180168   2.8466906E-01   3.9370158E-02
      4     -163.4807674524  -4.5884944E-01   9.0180643E-03
      5     -163.4945352885  -1.3767836E-02   5.7771442E-03
      6     -163.4958496460  -1.3143575E-03   3.6888934E-03
      7     -163.4965358164  -6.8617041E-04   1.3799953E-03
      8     -163.4966089545  -7.3138098E-05   8.4230790E-04
      9     -163.4966615654  -5.2610858E-05   2.9399605E-04
     10     -163.4966713717  -9.8063393E-06   1.3041598E-04
     11     -163.4966721432  -7.7147519E-07   8.1783089E-05
     12     -163.4966729442  -8.0100847E-07   4.0110929E-05
     13     -163.4966730600  -1.1576867E-07   1.6909031E-05
------------------------------------------------------------

 total:                                  13.891 sec
3
{'bond-orders': array([[0.00000000e+00, 3.12801712e-01, 1.78134380e-02, ...,
        6.45709976e-05, 1.88230399e-04, 1.63854700e-03],
       [3.12801712e-01, 0.00000000e+00, 1.87162382e-02, ...,
        3.56102472e-05, 1.88921471e-04, 8.31219901e-04],
       [1.78134380e-02, 1.87162382e-02, 0.00000000e+00, ...,
        8.12055590e-04, 2.81793075e-04, 3.85533832e-03],
       ...,
       [6.45709976e-05, 3.56102472e-05, 8.12055590e-04, ...,
        0.00000000e+00, 6.57593215e-03, 2.90287918e-02],
       [1.88230399e-04, 1.88921471e-04, 2.81793075e-04, ...,
        6.57593215e-03, 0.00000000e+00, 2.69022527e-02],
       [1.63854700e-03, 8.31219901e-04, 3.85533832e-03, ...,
        2.90287918e-02, 2.69022527e-02, 0.00000000e+00]], shape=(45, 45))}
{'bond-orders': array([[0.00000000e+00, 3.12801712e-01, 1.78134380e-02, ...,
        6.45709976e-05, 1.88230399e-04, 1.63854700e-03],
       [3.12801712e-01, 0.00000000e+00, 1.87162382e-02, ...,
        3.56102472e-05, 1.88921471e-04, 8.31219901e-04],
       [1.78134380e-02, 1.87162382e-02, 0.00000000e+00, ...,
        8.12055590e-04, 2.81793075e-04, 3.85533832e-03],
       ...,
       [6.45709976e-05, 3.56102472e-05, 8.12055590e-04, ...,
        0.00000000e+00, 6.57593215e-03, 2.90287918e-02],
       [1.88230399e-04, 1.88921471e-04, 2.81793075e-04, ...,
        6.57593215e-03, 0.00000000e+00, 2.69022527e-02],
       [1.63854700e-03, 8.31219901e-04, 3.85533832e-03, ...,
        2.90287918e-02, 2.69022527e-02, 0.00000000e+00]], shape=(45, 45)), 'molecular-dipole': array([0.31466626, 1.22253128, 0.63868473])}
{'bond-orders': array([[0.00000000e+00, 3.12801712e-01, 1.78134380e-02, ...,
        6.45709976e-05, 1.88230399e-04, 1.63854700e-03],
       [3.12801712e-01, 0.00000000e+00, 1.87162382e-02, ...,
        3.56102472e-05, 1.88921471e-04, 8.31219901e-04],
       [1.78134380e-02, 1.87162382e-02, 0.00000000e+00, ...,
        8.12055590e-04, 2.81793075e-04, 3.85533832e-03],
       ...,
       [6.45709976e-05, 3.56102472e-05, 8.12055590e-04, ...,
        0.00000000e+00, 6.57593215e-03, 2.90287918e-02],
       [1.88230399e-04, 1.88921471e-04, 2.81793075e-04, ...,
        6.57593215e-03, 0.00000000e+00, 2.69022527e-02],
       [1.63854700e-03, 8.31219901e-04, 3.85533832e-03, ...,
        2.90287918e-02, 2.69022527e-02, 0.00000000e+00]], shape=(45, 45)), 'molecular-dipole': array([0.31466626, 1.22253128, 0.63868473]), 'molecular-quadrupole': array([-59.5124585 , 118.85327331,  -9.21360333, 132.28581558,
       197.54717454,  68.72606182])}
------------------------------------------------------------
  cycle        total energy    energy error   density error
------------------------------------------------------------
      1     -163.5054673964  -1.6325106E+02   9.5501815E-03
      2     -163.2512146405   2.5425276E-01   3.1523099E-02
      3     -163.0899951942   1.6121945E-01   3.7202561E-02
      4     -163.5004980625  -4.1050287E-01   7.6296106E-03
      5     -163.5090190993  -8.5210368E-03   4.7358722E-03
      6     -163.5099756081  -9.5650881E-04   2.8584342E-03
      7     -163.5102869795  -3.1137135E-04   1.1440429E-03
      8     -163.5102868990   8.0516202E-08   8.3703038E-04
      9     -163.5103406224  -5.3723461E-05   2.8854009E-04
     10     -163.5103543191  -1.3696653E-05   1.1723995E-04
     11     -163.5103561166  -1.7975426E-06   7.8207746E-05
     12     -163.5103571743  -1.0577254E-06   3.2195683E-05
     13     -163.5103572649  -9.0538379E-08   9.1070008E-06
------------------------------------------------------------

 total:                                  13.926 sec
3
{'bond-orders': array([[0.00000000e+00, 3.12109730e-01, 1.73424481e-02, ...,
        5.55214311e-05, 1.66795384e-04, 1.46360267e-03],
       [3.12109730e-01, 0.00000000e+00, 1.87627929e-02, ...,
        3.42347727e-05, 1.59047306e-04, 7.67097916e-04],
       [1.73424481e-02, 1.87627929e-02, 0.00000000e+00, ...,
        7.76289999e-04, 3.77574366e-04, 3.90033042e-03],
       ...,
       [5.55214311e-05, 3.42347727e-05, 7.76289999e-04, ...,
        0.00000000e+00, 7.90488186e-03, 3.05747516e-02],
       [1.66795384e-04, 1.59047306e-04, 3.77574366e-04, ...,
        7.90488186e-03, 0.00000000e+00, 2.88657443e-02],
       [1.46360267e-03, 7.67097916e-04, 3.90033042e-03, ...,
        3.05747516e-02, 2.88657443e-02, 0.00000000e+00]], shape=(45, 45))}
{'bond-orders': array([[0.00000000e+00, 3.12109730e-01, 1.73424481e-02, ...,
        5.55214311e-05, 1.66795384e-04, 1.46360267e-03],
       [3.12109730e-01, 0.00000000e+00, 1.87627929e-02, ...,
        3.42347727e-05, 1.59047306e-04, 7.67097916e-04],
       [1.73424481e-02, 1.87627929e-02, 0.00000000e+00, ...,
        7.76289999e-04, 3.77574366e-04, 3.90033042e-03],
       ...,
       [5.55214311e-05, 3.42347727e-05, 7.76289999e-04, ...,
        0.00000000e+00, 7.90488186e-03, 3.05747516e-02],
       [1.66795384e-04, 1.59047306e-04, 3.77574366e-04, ...,
        7.90488186e-03, 0.00000000e+00, 2.88657443e-02],
       [1.46360267e-03, 7.67097916e-04, 3.90033042e-03, ...,
        3.05747516e-02, 2.88657443e-02, 0.00000000e+00]], shape=(45, 45)), 'molecular-dipole': array([0.2722499 , 1.08186916, 0.21740147])}
{'bond-orders': array([[0.00000000e+00, 3.12109730e-01, 1.73424481e-02, ...,
        5.55214311e-05, 1.66795384e-04, 1.46360267e-03],
       [3.12109730e-01, 0.00000000e+00, 1.87627929e-02, ...,
        3.42347727e-05, 1.59047306e-04, 7.67097916e-04],
       [1.73424481e-02, 1.87627929e-02, 0.00000000e+00, ...,
        7.76289999e-04, 3.77574366e-04, 3.90033042e-03],
       ...,
       [5.55214311e-05, 3.42347727e-05, 7.76289999e-04, ...,
        0.00000000e+00, 7.90488186e-03, 3.05747516e-02],
       [1.66795384e-04, 1.59047306e-04, 3.77574366e-04, ...,
        7.90488186e-03, 0.00000000e+00, 2.88657443e-02],
       [1.46360267e-03, 7.67097916e-04, 3.90033042e-03, ...,
        3.05747516e-02, 2.88657443e-02, 0.00000000e+00]], shape=(45, 45)), 'molecular-dipole': array([0.2722499 , 1.08186916, 0.21740147]), 'molecular-quadrupole': array([-41.00750432, 103.0154816 ,   1.48354307, 105.50864686,
       168.50934066,  39.52396125])}
------------------------------------------------------------
  cycle        total energy    energy error   density error
------------------------------------------------------------
      1     -163.5164081726  -1.6326532E+02   8.7131567E-03
      2     -163.3006772617   2.1573091E-01   2.9207795E-02
      3     -163.1340872656   1.6659000E-01   3.5444293E-02
      4     -163.5143040700  -3.8021680E-01   6.5030925E-03
      5     -163.5191893315  -4.8852615E-03   4.1455026E-03
      6     -163.5201271335  -9.3780198E-04   2.3302473E-03
      7     -163.5203387287  -2.1159519E-04   9.3642571E-04
      8     -163.5203555059  -1.6777209E-05   6.8368013E-04
      9     -163.5203800251  -2.4519210E-05   2.2515802E-04
     10     -163.5203871476  -7.1225491E-06   8.4481710E-05
     11     -163.5203875935  -4.4584252E-07   4.9210894E-05
     12     -163.5203880353  -4.4185686E-07   2.3756544E-05
     13     -163.5203881068  -7.1450359E-08   5.1948753E-06
------------------------------------------------------------

 total:                                  13.919 sec
3
{'bond-orders': array([[0.00000000e+00, 3.11510962e-01, 1.68647495e-02, ...,
        5.70453374e-05, 1.63172812e-04, 1.32566584e-03],
       [3.11510962e-01, 0.00000000e+00, 1.87713612e-02, ...,
        3.48056886e-05, 1.18215304e-04, 7.64290630e-04],
       [1.68647495e-02, 1.87713612e-02, 0.00000000e+00, ...,
        7.78036933e-04, 5.02841772e-04, 4.11004933e-03],
       ...,
       [5.70453374e-05, 3.48056886e-05, 7.78036933e-04, ...,
        0.00000000e+00, 9.72493671e-03, 3.17466415e-02],
       [1.63172812e-04, 1.18215304e-04, 5.02841772e-04, ...,
        9.72493671e-03, 0.00000000e+00, 2.88557497e-02],
       [1.32566584e-03, 7.64290630e-04, 4.11004933e-03, ...,
        3.17466415e-02, 2.88557497e-02, 0.00000000e+00]], shape=(45, 45))}
{'bond-orders': array([[0.00000000e+00, 3.11510962e-01, 1.68647495e-02, ...,
        5.70453374e-05, 1.63172812e-04, 1.32566584e-03],
       [3.11510962e-01, 0.00000000e+00, 1.87713612e-02, ...,
        3.48056886e-05, 1.18215304e-04, 7.64290630e-04],
       [1.68647495e-02, 1.87713612e-02, 0.00000000e+00, ...,
        7.78036933e-04, 5.02841772e-04, 4.11004933e-03],
       ...,
       [5.70453374e-05, 3.48056886e-05, 7.78036933e-04, ...,
        0.00000000e+00, 9.72493671e-03, 3.17466415e-02],
       [1.63172812e-04, 1.18215304e-04, 5.02841772e-04, ...,
        9.72493671e-03, 0.00000000e+00, 2.88557497e-02],
       [1.32566584e-03, 7.64290630e-04, 4.11004933e-03, ...,
        3.17466415e-02, 2.88557497e-02, 0.00000000e+00]], shape=(45, 45)), 'molecular-dipole': array([ 0.24327395,  0.95587929, -0.20799382])}
{'bond-orders': array([[0.00000000e+00, 3.11510962e-01, 1.68647495e-02, ...,
        5.70453374e-05, 1.63172812e-04, 1.32566584e-03],
       [3.11510962e-01, 0.00000000e+00, 1.87713612e-02, ...,
        3.48056886e-05, 1.18215304e-04, 7.64290630e-04],
       [1.68647495e-02, 1.87713612e-02, 0.00000000e+00, ...,
        7.78036933e-04, 5.02841772e-04, 4.11004933e-03],
       ...,
       [5.70453374e-05, 3.48056886e-05, 7.78036933e-04, ...,
        0.00000000e+00, 9.72493671e-03, 3.17466415e-02],
       [1.63172812e-04, 1.18215304e-04, 5.02841772e-04, ...,
        9.72493671e-03, 0.00000000e+00, 2.88557497e-02],
       [1.32566584e-03, 7.64290630e-04, 4.11004933e-03, ...,
        3.17466415e-02, 2.88557497e-02, 0.00000000e+00]], shape=(45, 45)), 'molecular-dipole': array([ 0.24327395,  0.95587929, -0.20799382]), 'molecular-quadrupole': array([-22.05135306,  88.73502024,  12.64041974,  80.26800934,
       140.64808492,   9.41093332])}
------------------------------------------------------------
  cycle        total energy    energy error   density error
------------------------------------------------------------
      1     -163.5257254996  -1.6327817E+02   8.3532660E-03
      2     -163.2901324665   2.3559303E-01   2.9920390E-02
      3     -163.1862758005   1.0385667E-01   3.3399215E-02
      4     -163.5256030551  -3.3932725E-01   5.6353219E-03
      5     -163.5276990515  -2.0959964E-03   4.4136286E-03
      6     -163.5290485182  -1.3494667E-03   2.3167702E-03
      7     -163.5293112740  -2.6275583E-04   9.7099188E-04
      8     -163.5293844866  -7.3212546E-05   6.2989696E-04
      9     -163.5294045432  -2.0056652E-05   2.3863442E-04
     10     -163.5294088573  -4.3140933E-06   1.0703342E-04
     11     -163.5294094070  -5.4966810E-07   3.0334056E-05
     12     -163.5294094305  -2.3469511E-08   1.9379425E-05
------------------------------------------------------------

 total:                                  13.456 sec
3
{'bond-orders': array([[0.00000000e+00, 3.10897791e-01, 1.64449887e-02, ...,
        6.71924395e-05, 1.64904991e-04, 1.21730952e-03],
       [3.10897791e-01, 0.00000000e+00, 1.88206718e-02, ...,
        3.48867323e-05, 6.73530898e-05, 8.32002471e-04],
       [1.64449887e-02, 1.88206718e-02, 0.00000000e+00, ...,
        7.85428780e-04, 5.61541459e-04, 4.36070206e-03],
       ...,
       [6.71924395e-05, 3.48867323e-05, 7.85428780e-04, ...,
        0.00000000e+00, 1.11412343e-02, 3.16021942e-02],
       [1.64904991e-04, 6.73530898e-05, 5.61541459e-04, ...,
        1.11412343e-02, 0.00000000e+00, 2.62903172e-02],
       [1.21730952e-03, 8.32002471e-04, 4.36070206e-03, ...,
        3.16021942e-02, 2.62903172e-02, 0.00000000e+00]], shape=(45, 45))}
{'bond-orders': array([[0.00000000e+00, 3.10897791e-01, 1.64449887e-02, ...,
        6.71924395e-05, 1.64904991e-04, 1.21730952e-03],
       [3.10897791e-01, 0.00000000e+00, 1.88206718e-02, ...,
        3.48867323e-05, 6.73530898e-05, 8.32002471e-04],
       [1.64449887e-02, 1.88206718e-02, 0.00000000e+00, ...,
        7.85428780e-04, 5.61541459e-04, 4.36070206e-03],
       ...,
       [6.71924395e-05, 3.48867323e-05, 7.85428780e-04, ...,
        0.00000000e+00, 1.11412343e-02, 3.16021942e-02],
       [1.64904991e-04, 6.73530898e-05, 5.61541459e-04, ...,
        1.11412343e-02, 0.00000000e+00, 2.62903172e-02],
       [1.21730952e-03, 8.32002471e-04, 4.36070206e-03, ...,
        3.16021942e-02, 2.62903172e-02, 0.00000000e+00]], shape=(45, 45)), 'molecular-dipole': array([ 0.24846316,  0.89383021, -0.64657792])}
{'bond-orders': array([[0.00000000e+00, 3.10897791e-01, 1.64449887e-02, ...,
        6.71924395e-05, 1.64904991e-04, 1.21730952e-03],
       [3.10897791e-01, 0.00000000e+00, 1.88206718e-02, ...,
        3.48867323e-05, 6.73530898e-05, 8.32002471e-04],
       [1.64449887e-02, 1.88206718e-02, 0.00000000e+00, ...,
        7.85428780e-04, 5.61541459e-04, 4.36070206e-03],
       ...,
       [6.71924395e-05, 3.48867323e-05, 7.85428780e-04, ...,
        0.00000000e+00, 1.11412343e-02, 3.16021942e-02],
       [1.64904991e-04, 6.73530898e-05, 5.61541459e-04, ...,
        1.11412343e-02, 0.00000000e+00, 2.62903172e-02],
       [1.21730952e-03, 8.32002471e-04, 4.36070206e-03, ...,
        3.16021942e-02, 2.62903172e-02, 0.00000000e+00]], shape=(45, 45)), 'molecular-dipole': array([ 0.24846316,  0.89383021, -0.64657792]), 'molecular-quadrupole': array([ -1.60766789,  80.09711634,  25.28291577,  59.25149523,
       119.89748154, -23.67524788])}
------------------------------------------------------------
  cycle        total energy    energy error   density error
------------------------------------------------------------
      1     -163.5328781772  -1.6328933E+02   7.5758198E-03
      2     -163.3063203345   2.2655784E-01   2.8941123E-02
      3     -163.2656060973   4.0714237E-02   2.9666717E-02
      4     -163.5335695829  -2.6796349E-01   4.6895512E-03
      5     -163.5345881352  -1.0185523E-03   4.0811190E-03
      6     -163.5357418512  -1.1537160E-03   2.1129412E-03
      7     -163.5359102067  -1.6835557E-04   9.7334622E-04
      8     -163.5359930443  -8.2837541E-05   6.2400506E-04
      9     -163.5360327468  -3.9702559E-05   2.4278089E-04
     10     -163.5360344131  -1.6662786E-06   1.2467879E-04
     11     -163.5360352663  -8.5319050E-07   4.4029164E-05
     12     -163.5360353940  -1.2769587E-07   2.4417762E-05
     13     -163.5360354242  -3.0240273E-08   1.0334369E-05
------------------------------------------------------------

 total:                                  13.824 sec
3
{'bond-orders': array([[0.00000000e+00, 3.10138033e-01, 1.61648503e-02, ...,
        8.09238769e-05, 1.53589805e-04, 1.16609381e-03],
       [3.10138033e-01, 0.00000000e+00, 1.89705910e-02, ...,
        3.18630365e-05, 1.27242501e-05, 9.48680524e-04],
       [1.61648503e-02, 1.89705910e-02, 0.00000000e+00, ...,
        7.63882865e-04, 5.26557905e-04, 4.50902729e-03],
       ...,
       [8.09238769e-05, 3.18630365e-05, 7.63882865e-04, ...,
        0.00000000e+00, 1.12544704e-02, 3.05147699e-02],
       [1.53589805e-04, 1.27242501e-05, 5.26557905e-04, ...,
        1.12544704e-02, 0.00000000e+00, 2.26738478e-02],
       [1.16609381e-03, 9.48680524e-04, 4.50902729e-03, ...,
        3.05147699e-02, 2.26738478e-02, 0.00000000e+00]], shape=(45, 45))}
{'bond-orders': array([[0.00000000e+00, 3.10138033e-01, 1.61648503e-02, ...,
        8.09238769e-05, 1.53589805e-04, 1.16609381e-03],
       [3.10138033e-01, 0.00000000e+00, 1.89705910e-02, ...,
        3.18630365e-05, 1.27242501e-05, 9.48680524e-04],
       [1.61648503e-02, 1.89705910e-02, 0.00000000e+00, ...,
        7.63882865e-04, 5.26557905e-04, 4.50902729e-03],
       ...,
       [8.09238769e-05, 3.18630365e-05, 7.63882865e-04, ...,
        0.00000000e+00, 1.12544704e-02, 3.05147699e-02],
       [1.53589805e-04, 1.27242501e-05, 5.26557905e-04, ...,
        1.12544704e-02, 0.00000000e+00, 2.26738478e-02],
       [1.16609381e-03, 9.48680524e-04, 4.50902729e-03, ...,
        3.05147699e-02, 2.26738478e-02, 0.00000000e+00]], shape=(45, 45)), 'molecular-dipole': array([ 0.29039657,  0.88488712, -1.06910128])}
{'bond-orders': array([[0.00000000e+00, 3.10138033e-01, 1.61648503e-02, ...,
        8.09238769e-05, 1.53589805e-04, 1.16609381e-03],
       [3.10138033e-01, 0.00000000e+00, 1.89705910e-02, ...,
        3.18630365e-05, 1.27242501e-05, 9.48680524e-04],
       [1.61648503e-02, 1.89705910e-02, 0.00000000e+00, ...,
        7.63882865e-04, 5.26557905e-04, 4.50902729e-03],
       ...,
       [8.09238769e-05, 3.18630365e-05, 7.63882865e-04, ...,
        0.00000000e+00, 1.12544704e-02, 3.05147699e-02],
       [1.53589805e-04, 1.27242501e-05, 5.26557905e-04, ...,
        1.12544704e-02, 0.00000000e+00, 2.26738478e-02],
       [1.16609381e-03, 9.48680524e-04, 4.50902729e-03, ...,
        3.05147699e-02, 2.26738478e-02, 0.00000000e+00]], shape=(45, 45)), 'molecular-dipole': array([ 0.29039657,  0.88488712, -1.06910128]), 'molecular-quadrupole': array([ 18.83642319,  76.63070441,  38.5185152 ,  45.18758269,
       106.53550914, -57.35493839])}
------------------------------------------------------------
  cycle        total energy    energy error   density error
------------------------------------------------------------
      1     -163.5383086348  -1.6329720E+02   5.2720590E-03
      2     -163.4267339436   1.1157469E-01   2.0499895E-02
      3     -163.4000338728   2.6700071E-02   2.1285779E-02
      4     -163.5386736021  -1.3863973E-01   3.1711189E-03
      5     -163.5394878437  -8.1424162E-04   2.4392116E-03
      6     -163.5398224705  -3.3462685E-04   1.3561334E-03
      7     -163.5398518658  -2.9395296E-05   6.8120894E-04
      8     -163.5398910405  -3.9174685E-05   4.1147665E-04
      9     -163.5399153759  -2.4335380E-05   1.6070767E-04
     10     -163.5399166850  -1.3091480E-06   9.9179295E-05
     11     -163.5399177262  -1.0411790E-06   4.0729497E-05
     12     -163.5399179219  -1.9572963E-07   1.9603768E-05
