/home/ans819/.conda/envs/autoflow/lib/python3.13/site-packages/e3nn/o3/_wigner.py:10: UserWarning: Environment variable TORCH_FORCE_NO_WEIGHTS_ONLY_LOAD detected, since the`weights_only` argument was not explicitly passed to `torch.load`, forcing weights_only=False.
  _Jd, _W3j_flat, _W3j_indices = torch.load(os.path.join(os.path.dirname(__file__), 'constants.pt'))

          ==================== Thresholds ====================
          CN  :   150.00000
          rep :   500.00000
          disp:  2500.00000
          HB1 :   250.00000
          HB2 :   450.00000

          Pauling EN used:
          Z : 1  EN :  2.20
          Z : 6  EN :  2.55
          Z : 8  EN :  3.44
          Z :47  EN :  1.93
          electric field strengths (au): 0.000

           ------------------------------------------------- 
          |           Force Field Initialization            |
           ------------------------------------------------- 

          distances ...
          ----------------------------------------
          generating topology and atomic info file ...
          pair mat ...
          computing topology distances matrix with Floyd-Warshall algo ...
          making topology EEQ charges ...
          #fragments for EEQ constrain: 1
          ----------------------------------------
          generating topology and atomic info file ...
          pair mat ...
          computing topology distances matrix with Floyd-Warshall algo ...
          making topology EEQ charges ...
          #fragments for EEQ constrain: 1
          rings ...
          # BATM   3155
          # H in HB   0

  atom   neighbors  erfCN metchar sp-hybrid imet pi  qest     coordinates
    1  Ag      2    1.35   0.37         2    2    0   0.000    3.199451    0.356229   26.332409
    2  Ag      5    3.15   0.31         0    2    0   0.015    6.689760    4.630967   26.332409
    3  Ag      9    4.27   0.07         0    2    0   0.013   15.415533    8.193249   27.925510
    4  Ag      7    3.92   0.19         0    2    0   0.015   11.925224    3.918511   27.925510
    5  Ag      7    3.92   0.19         0    2    0   0.010   20.650997    7.480793   29.518611
    6  Ag      6    3.59   0.27         0    2    0   0.016   17.160688    3.206054   29.518611
    7  Ag      9    4.27   0.07         0    2    0   0.008    8.434915    6.768336   31.111712
    8  Ag      6    3.59   0.23         0    2    0   0.018    4.944605    2.493598   31.111712
    9  Ag     12    4.39   0.01         0    2    0   0.017   13.670379    6.055880   32.704813
   10  Ag      7    3.92   0.19         0    2    0   0.025   10.180069    1.781141   32.704813
   11  Ag      9    4.27   0.07         0    2    0   0.009   18.905843    5.343423   34.297914
   12  Ag      6    3.59   0.27         0    2    0   0.026   15.415533    1.068685   34.297914
   13  Ag      8    4.14   0.11         0    2    0   0.018    6.689760    4.630967   35.891014
   14  Ag      3    2.00   0.37         2    2    0   0.012    3.199451    0.356229   35.891014
   15  Ag      9    4.30   0.05         0    2    0   0.087   11.925224    3.918511   37.484115
   16  Ag     10    4.34   0.04         0    2    0   0.018   15.415533    8.193249   37.484115
   17  Ag      5    3.15   0.34         0    2    0   0.028   17.160688    3.206054   39.077216
   18  Ag      6    3.59   0.26         0    2    0   0.016   20.650997    7.480793   39.077216
   19  Ag      3    2.00   0.37         2    2    0   0.026    4.944605    2.493598   40.670317
   20  Ag      6    3.48   0.33         0    2    0   0.097    8.434915    6.768336   40.670317
   21  Ag      6    3.59   0.26         0    2    0   0.011   10.180069    8.905705   26.332409
   22  Ag      5    3.15   0.34         0    2    0   0.014   13.670379   13.180444   26.332409
   23  Ag      4    2.61   0.38         3    2    0   0.014   22.396152   16.742726   27.925510
   24  Ag      8    4.14   0.12         0    2    0   0.010   18.905843   12.467987   27.925510
   25  Ag      3    2.00   0.39         2    2    0   0.010   27.631616   16.030269   29.518611
   26  Ag      7    3.92   0.19         0    2    0   0.012   24.141307   11.755531   29.518611
   27  Ag      6    3.59   0.27         0    2    0   0.010   15.415533   15.317813   31.111712
   28  Ag      9    4.27   0.07         0    2    0   0.009   11.925224   11.043075   31.111712
   29  Ag      9    4.27   0.07         0    2    0   0.009   20.650997   14.605357   32.704813
/home/ans819/.conda/envs/autoflow/lib/python3.13/site-packages/mace/calculators/mace.py:197: UserWarning: Environment variable TORCH_FORCE_NO_WEIGHTS_ONLY_LOAD detected, since the`weights_only` argument was not explicitly passed to `torch.load`, forcing weights_only=False.
  torch.load(f=model_path, map_location=device)
/home/ans819/.conda/envs/autoflow/lib/python3.13/site-packages/chgnet/model/model.py:898: UserWarning: Converting a tensor with requires_grad=True to a scalar may lead to unexpected behavior.
Consider using tensor.detach() first. (Triggered internally at /pytorch/torch/csrc/autograd/generated/python_variable_methods.cpp:836.)
  volumes = torch.tensor(volumes, dtype=TORCH_DTYPE, device=atomic_numbers.device)
cuequivariance or cuequivariance_torch is not available. Cuequivariance acceleration will be disabled.
------------------------------------------------------------
  cycle        total energy    energy error   density error
------------------------------------------------------------
      1     -163.2662449093  -1.6302500E+02   9.9805420E-01
      2     -162.4168512140   8.4939370E-01   6.1978410E-01
      3      45.34661889962   2.0776347E+02   1.6126568E+00
      4     -134.9172139250  -1.8026383E+02   5.1355768E-01
      5      38.92226399152   1.7383948E+02   1.0450684E+00
      6     -137.5139034241  -1.7643617E+02   3.2952132E-01
      7     -147.4893809786  -9.9754776E+00   2.4868581E-01
      8     -162.4022530599  -1.4912872E+01   9.4553722E-02
      9     -163.5087914522  -1.1065384E+00   4.5805495E-02
     10     -163.5112588137  -2.4673614E-03   3.7538808E-02
     11     -163.5151743131  -3.9154994E-03   3.4192642E-02
     12     -163.5386256553  -2.3451342E-02   2.8349099E-02
     13     -163.5403146113  -1.6889560E-03   2.4686403E-02
     14     -163.5394407899   8.7382136E-04   2.2918497E-02
     15     -163.5405337106  -1.0929207E-03   2.2030402E-02
     16     -163.5417051886  -1.1714780E-03   2.0519826E-02
     17     -163.5423549726  -6.4978397E-04   1.8535044E-02
     18     -163.5423314622   2.3510387E-05   1.6424169E-02
     19     -163.5424344692  -1.0300702E-04   1.6244410E-02
     20     -163.5424234794   1.0989835E-05   1.6266531E-02
     21     -163.5447293048  -2.3058254E-03   1.0295848E-02
     22     -163.5457554258  -1.0261209E-03   3.6970235E-03
     23     -163.5458037897  -4.8363935E-05   2.4773985E-03
     24     -163.5459132925  -1.0950284E-04   1.9671057E-03
     25     -163.5460263369  -1.1304440E-04   1.2750762E-03
     26     -163.5460354946  -9.1576197E-06   5.7120753E-04
     27     -163.5460351302   3.6437109E-07   5.2395469E-04
     28     -163.5460355305  -4.0032458E-07   5.4135197E-04
     29     -163.5460353854   1.4510687E-07   5.3431105E-04
     30     -163.5460355166  -1.3124202E-07   4.8909366E-04
     31     -163.5460360282  -5.1160077E-07   4.3324935E-04
     32     -163.5460366028  -5.7459329E-07   3.8690432E-04
     33     -163.5460374514  -8.4851874E-07   2.9904986E-04
     34     -163.5460383338  -8.8240202E-07   1.6193376E-04
     35     -163.5460385773  -2.4354307E-07   9.3951300E-05
     36     -163.5460386637  -8.6372921E-08   5.8439260E-05
     37     -163.5460387165  -5.2850197E-08   2.7241165E-06
------------------------------------------------------------

 total:                                  20.785 sec
3
{'bond-orders': array([[0.00000000e+00, 3.04211170e-01, 2.10156932e-02, ...,
        6.01977825e-06, 5.96770694e-05, 1.32809153e-03],
       [3.04211170e-01, 0.00000000e+00, 2.10988889e-02, ...,
        6.81876364e-05, 1.25387513e-05, 8.36498691e-04],
       [2.10156932e-02, 2.10988889e-02, 0.00000000e+00, ...,
        7.13831626e-05, 1.01113630e-04, 2.38319482e-03],
       ...,
       [6.01977825e-06, 6.81876364e-05, 7.13831626e-05, ...,
        0.00000000e+00, 3.72747076e-03, 1.97915948e-02],
       [5.96770694e-05, 1.25387513e-05, 1.01113630e-04, ...,
        3.72747076e-03, 0.00000000e+00, 1.91797837e-02],
       [1.32809153e-03, 8.36498691e-04, 2.38319482e-03, ...,
        1.97915948e-02, 1.91797837e-02, 0.00000000e+00]], shape=(45, 45))}
{'bond-orders': array([[0.00000000e+00, 3.04211170e-01, 2.10156932e-02, ...,
        6.01977825e-06, 5.96770694e-05, 1.32809153e-03],
       [3.04211170e-01, 0.00000000e+00, 2.10988889e-02, ...,
        6.81876364e-05, 1.25387513e-05, 8.36498691e-04],
       [2.10156932e-02, 2.10988889e-02, 0.00000000e+00, ...,
        7.13831626e-05, 1.01113630e-04, 2.38319482e-03],
       ...,
       [6.01977825e-06, 6.81876364e-05, 7.13831626e-05, ...,
        0.00000000e+00, 3.72747076e-03, 1.97915948e-02],
       [5.96770694e-05, 1.25387513e-05, 1.01113630e-04, ...,
        3.72747076e-03, 0.00000000e+00, 1.91797837e-02],
       [1.32809153e-03, 8.36498691e-04, 2.38319482e-03, ...,
        1.97915948e-02, 1.91797837e-02, 0.00000000e+00]], shape=(45, 45)), 'molecular-dipole': array([0.44789389, 1.31599308, 0.71218929])}
{'bond-orders': array([[0.00000000e+00, 3.04211170e-01, 2.10156932e-02, ...,
        6.01977825e-06, 5.96770694e-05, 1.32809153e-03],
       [3.04211170e-01, 0.00000000e+00, 2.10988889e-02, ...,
        6.81876364e-05, 1.25387513e-05, 8.36498691e-04],
       [2.10156932e-02, 2.10988889e-02, 0.00000000e+00, ...,
        7.13831626e-05, 1.01113630e-04, 2.38319482e-03],
       ...,
       [6.01977825e-06, 6.81876364e-05, 7.13831626e-05, ...,
        0.00000000e+00, 3.72747076e-03, 1.97915948e-02],
       [5.96770694e-05, 1.25387513e-05, 1.01113630e-04, ...,
        3.72747076e-03, 0.00000000e+00, 1.91797837e-02],
       [1.32809153e-03, 8.36498691e-04, 2.38319482e-03, ...,
        1.97915948e-02, 1.91797837e-02, 0.00000000e+00]], shape=(45, 45)), 'molecular-dipole': array([0.44789389, 1.31599308, 0.71218929]), 'molecular-quadrupole': array([-46.99843049, 104.29264668, -36.14561987, 116.6858638 ,
       179.12914671,  83.14405035])}
------------------------------------------------------------
  cycle        total energy    energy error   density error
------------------------------------------------------------
      1     -163.5484484723  -1.6330881E+02   4.6734507E-03
      2     -163.5441549106   4.2935617E-03   7.4205394E-03
      3     -163.5303358703   1.3819040E-02   9.0833182E-03
      4     -163.5091690118   2.1166859E-02   1.1636460E-02
      5     -163.5473115914  -3.8142580E-02   2.9450750E-03
      6     -163.5488077173  -1.4961259E-03   1.2934047E-03
      7     -163.5488860725  -7.8355167E-05   5.4850739E-04
      8     -163.5488824036   3.6688899E-06   4.3706812E-04
      9     -163.5488905983  -8.1947163E-06   2.6800598E-04
     10     -163.5488959910  -5.3927076E-06   1.5338955E-04
     11     -163.5488992656  -3.2745840E-06   8.5208752E-05
     12     -163.5489008265  -1.5609550E-06   3.0554225E-05
     13     -163.5489009300  -1.0346804E-07   1.0886447E-05
------------------------------------------------------------

 total:                                  13.434 sec
3
{'bond-orders': array([[0.00000000e+00, 3.04308569e-01, 2.07955585e-02, ...,
        9.81627628e-06, 6.62676264e-05, 1.34294614e-03],
       [3.04308569e-01, 0.00000000e+00, 2.09492798e-02, ...,
        8.33333569e-05, 1.85433152e-05, 8.73253500e-04],
       [2.07955585e-02, 2.09492798e-02, 0.00000000e+00, ...,
        8.99626252e-05, 1.27016566e-04, 2.38550588e-03],
       ...,
       [9.81627628e-06, 8.33333569e-05, 8.99626252e-05, ...,
        0.00000000e+00, 4.18548275e-03, 2.25974864e-02],
       [6.62676264e-05, 1.85433152e-05, 1.27016566e-04, ...,
        4.18548275e-03, 0.00000000e+00, 2.24732913e-02],
       [1.34294614e-03, 8.73253500e-04, 2.38550588e-03, ...,
        2.25974864e-02, 2.24732913e-02, 0.00000000e+00]], shape=(45, 45))}
{'bond-orders': array([[0.00000000e+00, 3.04308569e-01, 2.07955585e-02, ...,
        9.81627628e-06, 6.62676264e-05, 1.34294614e-03],
       [3.04308569e-01, 0.00000000e+00, 2.09492798e-02, ...,
        8.33333569e-05, 1.85433152e-05, 8.73253500e-04],
       [2.07955585e-02, 2.09492798e-02, 0.00000000e+00, ...,
        8.99626252e-05, 1.27016566e-04, 2.38550588e-03],
       ...,
       [9.81627628e-06, 8.33333569e-05, 8.99626252e-05, ...,
        0.00000000e+00, 4.18548275e-03, 2.25974864e-02],
       [6.62676264e-05, 1.85433152e-05, 1.27016566e-04, ...,
        4.18548275e-03, 0.00000000e+00, 2.24732913e-02],
       [1.34294614e-03, 8.73253500e-04, 2.38550588e-03, ...,
        2.25974864e-02, 2.24732913e-02, 0.00000000e+00]], shape=(45, 45)), 'molecular-dipole': array([0.50071156, 1.41834977, 0.58160737])}
{'bond-orders': array([[0.00000000e+00, 3.04308569e-01, 2.07955585e-02, ...,
        9.81627628e-06, 6.62676264e-05, 1.34294614e-03],
       [3.04308569e-01, 0.00000000e+00, 2.09492798e-02, ...,
        8.33333569e-05, 1.85433152e-05, 8.73253500e-04],
       [2.07955585e-02, 2.09492798e-02, 0.00000000e+00, ...,
        8.99626252e-05, 1.27016566e-04, 2.38550588e-03],
       ...,
       [9.81627628e-06, 8.33333569e-05, 8.99626252e-05, ...,
        0.00000000e+00, 4.18548275e-03, 2.25974864e-02],
       [6.62676264e-05, 1.85433152e-05, 1.27016566e-04, ...,
        4.18548275e-03, 0.00000000e+00, 2.24732913e-02],
       [1.34294614e-03, 8.73253500e-04, 2.38550588e-03, ...,
        2.25974864e-02, 2.24732913e-02, 0.00000000e+00]], shape=(45, 45)), 'molecular-dipole': array([0.50071156, 1.41834977, 0.58160737]), 'molecular-quadrupole': array([-40.34473491, 110.18254559, -30.69036923, 117.68075433,
       189.62102528,  71.03510414])}
------------------------------------------------------------
  cycle        total energy    energy error   density error
------------------------------------------------------------
      1     -163.5498601366  -1.6331132E+02   1.7321724E-03
      2     -163.5487428697   1.1172669E-03   3.5400270E-03
      3     -163.5457780335   2.9648363E-03   3.9752547E-03
      4     -163.5473837883  -1.6057549E-03   3.0379197E-03
      5     -163.5497951070  -2.4113187E-03   9.9850586E-04
      6     -163.5499296359  -1.3452887E-04   6.1846597E-04
      7     -163.5499591565  -2.9520562E-05   2.6872733E-04
      8     -163.5499629012  -3.7447272E-06   1.4973749E-04
      9     -163.5499651134  -2.2121894E-06   8.2567698E-05
     10     -163.5499656866  -5.7318613E-07   3.3030956E-05
     11     -163.5499657434  -5.6878235E-08   1.5065350E-05
------------------------------------------------------------

 total:                                  12.824 sec
3
{'bond-orders': array([[0.00000000e+00, 3.04292235e-01, 2.06632406e-02, ...,
        1.03535895e-05, 6.78007550e-05, 1.35010083e-03],
       [3.04292235e-01, 0.00000000e+00, 2.08562934e-02, ...,
        8.57214615e-05, 2.07145233e-05, 8.91763123e-04],
       [2.06632406e-02, 2.08562934e-02, 0.00000000e+00, ...,
        9.67342072e-05, 1.26681158e-04, 2.38463413e-03],
       ...,
       [1.03535895e-05, 8.57214615e-05, 9.67342072e-05, ...,
        0.00000000e+00, 4.22528064e-03, 2.27235652e-02],
       [6.78007550e-05, 2.07145233e-05, 1.26681158e-04, ...,
        4.22528064e-03, 0.00000000e+00, 2.30310037e-02],
       [1.35010083e-03, 8.91763123e-04, 2.38463413e-03, ...,
        2.27235652e-02, 2.30310037e-02, 0.00000000e+00]], shape=(45, 45))}
{'bond-orders': array([[0.00000000e+00, 3.04292235e-01, 2.06632406e-02, ...,
        1.03535895e-05, 6.78007550e-05, 1.35010083e-03],
       [3.04292235e-01, 0.00000000e+00, 2.08562934e-02, ...,
        8.57214615e-05, 2.07145233e-05, 8.91763123e-04],
       [2.06632406e-02, 2.08562934e-02, 0.00000000e+00, ...,
        9.67342072e-05, 1.26681158e-04, 2.38463413e-03],
       ...,
       [1.03535895e-05, 8.57214615e-05, 9.67342072e-05, ...,
        0.00000000e+00, 4.22528064e-03, 2.27235652e-02],
       [6.78007550e-05, 2.07145233e-05, 1.26681158e-04, ...,
        4.22528064e-03, 0.00000000e+00, 2.30310037e-02],
       [1.35010083e-03, 8.91763123e-04, 2.38463413e-03, ...,
        2.27235652e-02, 2.30310037e-02, 0.00000000e+00]], shape=(45, 45)), 'molecular-dipole': array([0.52753121, 1.46904438, 0.53202049])}
{'bond-orders': array([[0.00000000e+00, 3.04292235e-01, 2.06632406e-02, ...,
        1.03535895e-05, 6.78007550e-05, 1.35010083e-03],
       [3.04292235e-01, 0.00000000e+00, 2.08562934e-02, ...,
        8.57214615e-05, 2.07145233e-05, 8.91763123e-04],
       [2.06632406e-02, 2.08562934e-02, 0.00000000e+00, ...,
        9.67342072e-05, 1.26681158e-04, 2.38463413e-03],
       ...,
       [1.03535895e-05, 8.57214615e-05, 9.67342072e-05, ...,
        0.00000000e+00, 4.22528064e-03, 2.27235652e-02],
       [6.78007550e-05, 2.07145233e-05, 1.26681158e-04, ...,
        4.22528064e-03, 0.00000000e+00, 2.30310037e-02],
       [1.35010083e-03, 8.91763123e-04, 2.38463413e-03, ...,
        2.27235652e-02, 2.30310037e-02, 0.00000000e+00]], shape=(45, 45)), 'molecular-dipole': array([0.52753121, 1.46904438, 0.53202049]), 'molecular-quadrupole': array([-37.64130605, 113.1603494 , -28.69015155, 118.86118817,
       195.03917144,  66.3314576 ])}
------------------------------------------------------------
  cycle        total energy    energy error   density error
------------------------------------------------------------
      1     -163.5518071374  -1.6331440E+02   4.6673314E-03
      2     -163.5473351740   4.4719634E-03   8.7308606E-03
      3     -163.5423697634   4.9654106E-03   7.2083120E-03
      4     -163.5303841882   1.1985575E-02   8.4912144E-03
      5     -163.5501804333  -1.9796245E-02   3.3746223E-03
      6     -163.5523459613  -2.1655280E-03   1.6556456E-03
      7     -163.5525530944  -2.0713313E-04   8.6479339E-04
      8     -163.5526041990  -5.1104611E-05   4.9897383E-04
      9     -163.5526258419  -2.1642821E-05   2.1816078E-04
     10     -163.5526295223  -3.6804338E-06   6.7119894E-05
     11     -163.5526296360  -1.1373550E-07   3.8436031E-05
     12     -163.5526296968  -6.0779001E-08   2.4948925E-05
     13     -163.5526297332  -3.6427849E-08   1.0782166E-05
------------------------------------------------------------

 total:                                  13.470 sec
3
{'bond-orders': array([[0.00000000e+00, 3.04293659e-01, 2.02631249e-02, ...,
        1.04748076e-05, 6.89632034e-05, 1.36846883e-03],
       [3.04293659e-01, 0.00000000e+00, 2.06008178e-02, ...,
        8.26522699e-05, 2.54737942e-05, 9.39347676e-04],
       [2.02631249e-02, 2.06008178e-02, 0.00000000e+00, ...,
        1.15012389e-04, 1.07098663e-04, 2.37726820e-03],
       ...,
       [1.04748076e-05, 8.26522699e-05, 1.15012389e-04, ...,
        0.00000000e+00, 4.14460976e-03, 2.16993583e-02],
       [6.89632034e-05, 2.54737942e-05, 1.07098663e-04, ...,
        4.14460976e-03, 0.00000000e+00, 2.32035223e-02],
       [1.36846883e-03, 9.39347676e-04, 2.37726820e-03, ...,
        2.16993583e-02, 2.32035223e-02, 0.00000000e+00]], shape=(45, 45))}
{'bond-orders': array([[0.00000000e+00, 3.04293659e-01, 2.02631249e-02, ...,
        1.04748076e-05, 6.89632034e-05, 1.36846883e-03],
       [3.04293659e-01, 0.00000000e+00, 2.06008178e-02, ...,
        8.26522699e-05, 2.54737942e-05, 9.39347676e-04],
       [2.02631249e-02, 2.06008178e-02, 0.00000000e+00, ...,
        1.15012389e-04, 1.07098663e-04, 2.37726820e-03],
       ...,
       [1.04748076e-05, 8.26522699e-05, 1.15012389e-04, ...,
        0.00000000e+00, 4.14460976e-03, 2.16993583e-02],
       [6.89632034e-05, 2.54737942e-05, 1.07098663e-04, ...,
        4.14460976e-03, 0.00000000e+00, 2.32035223e-02],
       [1.36846883e-03, 9.39347676e-04, 2.37726820e-03, ...,
        2.16993583e-02, 2.32035223e-02, 0.00000000e+00]], shape=(45, 45)), 'molecular-dipole': array([0.61683995, 1.62056064, 0.42518163])}
{'bond-orders': array([[0.00000000e+00, 3.04293659e-01, 2.02631249e-02, ...,
        1.04748076e-05, 6.89632034e-05, 1.36846883e-03],
       [3.04293659e-01, 0.00000000e+00, 2.06008178e-02, ...,
        8.26522699e-05, 2.54737942e-05, 9.39347676e-04],
       [2.02631249e-02, 2.06008178e-02, 0.00000000e+00, ...,
        1.15012389e-04, 1.07098663e-04, 2.37726820e-03],
       ...,
       [1.04748076e-05, 8.26522699e-05, 1.15012389e-04, ...,
        0.00000000e+00, 4.14460976e-03, 2.16993583e-02],
       [6.89632034e-05, 2.54737942e-05, 1.07098663e-04, ...,
        4.14460976e-03, 0.00000000e+00, 2.32035223e-02],
       [1.36846883e-03, 9.39347676e-04, 2.37726820e-03, ...,
        2.16993583e-02, 2.32035223e-02, 0.00000000e+00]], shape=(45, 45)), 'molecular-dipole': array([0.61683995, 1.62056064, 0.42518163]), 'molecular-quadrupole': array([-30.79494362, 122.27030299, -24.55058673, 124.76714586,
       211.92057271,  55.34553035])}
------------------------------------------------------------
  cycle        total energy    energy error   density error
------------------------------------------------------------
      1     -163.5537473007  -1.6331472E+02   2.6458787E-03
      2     -163.5459553921   7.7919087E-03   6.3278741E-03
      3     -163.5213725124   2.4582880E-02   1.0368890E-02
      4     -163.5528189938  -3.1446481E-02   2.5350282E-03
      5     -163.5538372326  -1.0182388E-03   1.4924739E-03
      6     -163.5539665463  -1.2931374E-04   9.8404851E-04
      7     -163.5540393055  -7.2759243E-05   5.1950962E-04
      8     -163.5540515153  -1.2209711E-05   3.2547642E-04
      9     -163.5540572630  -5.7477838E-06   1.4757808E-04
     10     -163.5540581592  -8.9620750E-07   5.7129154E-05
     11     -163.5540583453  -1.8602401E-07   3.3577375E-05
     12     -163.5540584723  -1.2705746E-07   1.5159557E-05
------------------------------------------------------------

 total:                                  12.983 sec
3
{'bond-orders': array([[0.00000000e+00, 3.04357139e-01, 2.00175157e-02, ...,
        1.04737641e-05, 6.76489702e-05, 1.37036330e-03],
       [3.04357139e-01, 0.00000000e+00, 2.04594932e-02, ...,
        7.50237405e-05, 2.71403114e-05, 9.54060368e-04],
       [2.00175157e-02, 2.04594932e-02, 0.00000000e+00, ...,
        1.24890836e-04, 9.29448908e-05, 2.37314747e-03],
       ...,
       [1.04737641e-05, 7.50237405e-05, 1.24890836e-04, ...,
        0.00000000e+00, 4.07719084e-03, 2.09588384e-02],
       [6.76489702e-05, 2.71403114e-05, 9.29448908e-05, ...,
        4.07719084e-03, 0.00000000e+00, 2.29966862e-02],
       [1.37036330e-03, 9.54060368e-04, 2.37314747e-03, ...,
        2.09588384e-02, 2.29966862e-02, 0.00000000e+00]], shape=(45, 45))}
{'bond-orders': array([[0.00000000e+00, 3.04357139e-01, 2.00175157e-02, ...,
        1.04737641e-05, 6.76489702e-05, 1.37036330e-03],
       [3.04357139e-01, 0.00000000e+00, 2.04594932e-02, ...,
        7.50237405e-05, 2.71403114e-05, 9.54060368e-04],
       [2.00175157e-02, 2.04594932e-02, 0.00000000e+00, ...,
        1.24890836e-04, 9.29448908e-05, 2.37314747e-03],
       ...,
       [1.04737641e-05, 7.50237405e-05, 1.24890836e-04, ...,
        0.00000000e+00, 4.07719084e-03, 2.09588384e-02],
       [6.76489702e-05, 2.71403114e-05, 9.29448908e-05, ...,
        4.07719084e-03, 0.00000000e+00, 2.29966862e-02],
       [1.37036330e-03, 9.54060368e-04, 2.37314747e-03, ...,
        2.09588384e-02, 2.29966862e-02, 0.00000000e+00]], shape=(45, 45)), 'molecular-dipole': array([0.66796494, 1.71580892, 0.36613043])}
{'bond-orders': array([[0.00000000e+00, 3.04357139e-01, 2.00175157e-02, ...,
        1.04737641e-05, 6.76489702e-05, 1.37036330e-03],
       [3.04357139e-01, 0.00000000e+00, 2.04594932e-02, ...,
        7.50237405e-05, 2.71403114e-05, 9.54060368e-04],
       [2.00175157e-02, 2.04594932e-02, 0.00000000e+00, ...,
        1.24890836e-04, 9.29448908e-05, 2.37314747e-03],
       ...,
       [1.04737641e-05, 7.50237405e-05, 1.24890836e-04, ...,
        0.00000000e+00, 4.07719084e-03, 2.09588384e-02],
       [6.76489702e-05, 2.71403114e-05, 9.29448908e-05, ...,
        4.07719084e-03, 0.00000000e+00, 2.29966862e-02],
       [1.37036330e-03, 9.54060368e-04, 2.37314747e-03, ...,
        2.09588384e-02, 2.29966862e-02, 0.00000000e+00]], shape=(45, 45)), 'molecular-dipole': array([0.66796494, 1.71580892, 0.36613043]), 'molecular-quadrupole': array([-26.98037562, 127.90939515, -22.21900362, 128.30160549,
       222.66151809,  49.19937924])}
------------------------------------------------------------
  cycle        total energy    energy error   density error
------------------------------------------------------------
      1     -163.5554031813  -1.6331299E+02   2.9554907E-03
      2     -163.5399671764   1.5436005E-02   8.1555236E-03
      3     -163.5141446447   2.5822532E-02   1.1735014E-02
      4     -163.5547255907  -4.0580946E-02   2.4780287E-03
      5     -163.5556717465  -9.4615588E-04   1.5472538E-03
      6     -163.5557356137  -6.3867123E-05   1.1930039E-03
      7     -163.5558125444  -7.6930741E-05   6.1731360E-04
      8     -163.5558261419  -1.3597463E-05   3.8824510E-04
      9     -163.5558343614  -8.2194960E-06   1.6479646E-04
     10     -163.5558363918  -2.0304608E-06   4.5543444E-05
     11     -163.5558364680  -7.6131414E-08   2.4997093E-05
     12     -163.5558365042  -3.6256125E-08   1.1016259E-05
------------------------------------------------------------

 total:                                  13.081 sec
3
{'bond-orders': array([[0.00000000e+00, 3.04496372e-01, 1.97152762e-02, ...,
        1.12311374e-05, 6.46531846e-05, 1.36375842e-03],
       [3.04496372e-01, 0.00000000e+00, 2.02862865e-02, ...,
        6.33196472e-05, 2.79598493e-05, 9.58287804e-04],
       [1.97152762e-02, 2.02862865e-02, 0.00000000e+00, ...,
        1.33578066e-04, 8.20246660e-05, 2.37392972e-03],
       ...,
       [1.12311374e-05, 6.33196472e-05, 1.33578066e-04, ...,
        0.00000000e+00, 4.05772205e-03, 2.04585506e-02],
       [6.46531846e-05, 2.79598493e-05, 8.20246660e-05, ...,
        4.05772205e-03, 0.00000000e+00, 2.29594464e-02],
       [1.36375842e-03, 9.58287804e-04, 2.37392972e-03, ...,
        2.04585506e-02, 2.29594464e-02, 0.00000000e+00]], shape=(45, 45))}
{'bond-orders': array([[0.00000000e+00, 3.04496372e-01, 1.97152762e-02, ...,
        1.12311374e-05, 6.46531846e-05, 1.36375842e-03],
       [3.04496372e-01, 0.00000000e+00, 2.02862865e-02, ...,
        6.33196472e-05, 2.79598493e-05, 9.58287804e-04],
       [1.97152762e-02, 2.02862865e-02, 0.00000000e+00, ...,
        1.33578066e-04, 8.20246660e-05, 2.37392972e-03],
       ...,
       [1.12311374e-05, 6.33196472e-05, 1.33578066e-04, ...,
        0.00000000e+00, 4.05772205e-03, 2.04585506e-02],
       [6.46531846e-05, 2.79598493e-05, 8.20246660e-05, ...,
        4.05772205e-03, 0.00000000e+00, 2.29594464e-02],
       [1.36375842e-03, 9.58287804e-04, 2.37392972e-03, ...,
        2.04585506e-02, 2.29594464e-02, 0.00000000e+00]], shape=(45, 45)), 'molecular-dipole': array([0.73177441, 1.83941807, 0.2853265 ])}
{'bond-orders': array([[0.00000000e+00, 3.04496372e-01, 1.97152762e-02, ...,
        1.12311374e-05, 6.46531846e-05, 1.36375842e-03],
       [3.04496372e-01, 0.00000000e+00, 2.02862865e-02, ...,
        6.33196472e-05, 2.79598493e-05, 9.58287804e-04],
       [1.97152762e-02, 2.02862865e-02, 0.00000000e+00, ...,
        1.33578066e-04, 8.20246660e-05, 2.37392972e-03],
       ...,
       [1.12311374e-05, 6.33196472e-05, 1.33578066e-04, ...,
        0.00000000e+00, 4.05772205e-03, 2.04585506e-02],
       [6.46531846e-05, 2.79598493e-05, 8.20246660e-05, ...,
        4.05772205e-03, 0.00000000e+00, 2.29594464e-02],
       [1.36375842e-03, 9.58287804e-04, 2.37392972e-03, ...,
        2.04585506e-02, 2.29594464e-02, 0.00000000e+00]], shape=(45, 45)), 'molecular-dipole': array([0.73177441, 1.83941807, 0.2853265 ]), 'molecular-quadrupole': array([-21.98185287, 135.11604945, -19.00566873, 132.31955965,
       236.36336487,  40.9875216 ])}
------------------------------------------------------------
  cycle        total energy    energy error   density error
------------------------------------------------------------
      1     -163.5573720604  -1.6331168E+02   2.6064272E-03
      2     -163.5526855806   4.6864799E-03   5.4934568E-03
      3     -163.5295842621   2.3101318E-02   9.5928775E-03
      4     -163.5559584603  -2.6374198E-02   2.7023945E-03
      5     -163.5575755914  -1.6171311E-03   1.2608014E-03
      6     -163.5576025965  -2.7005143E-05   1.0780342E-03
      7     -163.5576464391  -4.3842621E-05   5.5383528E-04
      8     -163.5576568370  -1.0397877E-05   3.3062934E-04
      9     -163.5576650188  -8.1817471E-06   1.6209721E-04
     10     -163.5576690912  -4.0724170E-06   5.7643190E-05
     11     -163.5576695669  -4.7569921E-07   3.4450420E-05
     12     -163.5576697484  -1.8148165E-07   1.9315193E-05
------------------------------------------------------------

 total:                                  13.164 sec
3
{'bond-orders': array([[0.00000000e+00, 3.04684177e-01, 1.94177690e-02, ...,
        1.26552124e-05, 6.14533525e-05, 1.35248767e-03],
       [3.04684177e-01, 0.00000000e+00, 2.01070093e-02, ...,
        5.24909232e-05, 2.81073495e-05, 9.57588110e-04],
       [1.94177690e-02, 2.01070093e-02, 0.00000000e+00, ...,
        1.37915462e-04, 8.01850403e-05, 2.37942003e-03],
       ...,
       [1.26552124e-05, 5.24909232e-05, 1.37915462e-04, ...,
        0.00000000e+00, 4.12583994e-03, 2.04844254e-02],
       [6.14533525e-05, 2.81073495e-05, 8.01850403e-05, ...,
        4.12583994e-03, 0.00000000e+00, 2.32904849e-02],
       [1.35248767e-03, 9.57588110e-04, 2.37942003e-03, ...,
        2.04844254e-02, 2.32904849e-02, 0.00000000e+00]], shape=(45, 45))}
{'bond-orders': array([[0.00000000e+00, 3.04684177e-01, 1.94177690e-02, ...,
        1.26552124e-05, 6.14533525e-05, 1.35248767e-03],
       [3.04684177e-01, 0.00000000e+00, 2.01070093e-02, ...,
        5.24909232e-05, 2.81073495e-05, 9.57588110e-04],
       [1.94177690e-02, 2.01070093e-02, 0.00000000e+00, ...,
        1.37915462e-04, 8.01850403e-05, 2.37942003e-03],
       ...,
       [1.26552124e-05, 5.24909232e-05, 1.37915462e-04, ...,
        0.00000000e+00, 4.12583994e-03, 2.04844254e-02],
       [6.14533525e-05, 2.81073495e-05, 8.01850403e-05, ...,
        4.12583994e-03, 0.00000000e+00, 2.32904849e-02],
       [1.35248767e-03, 9.57588110e-04, 2.37942003e-03, ...,
        2.04844254e-02, 2.32904849e-02, 0.00000000e+00]], shape=(45, 45)), 'molecular-dipole': array([0.791034  , 1.96455932, 0.19512888])}
{'bond-orders': array([[0.00000000e+00, 3.04684177e-01, 1.94177690e-02, ...,
        1.26552124e-05, 6.14533525e-05, 1.35248767e-03],
       [3.04684177e-01, 0.00000000e+00, 2.01070093e-02, ...,
        5.24909232e-05, 2.81073495e-05, 9.57588110e-04],
       [1.94177690e-02, 2.01070093e-02, 0.00000000e+00, ...,
        1.37915462e-04, 8.01850403e-05, 2.37942003e-03],
       ...,
       [1.26552124e-05, 5.24909232e-05, 1.37915462e-04, ...,
        0.00000000e+00, 4.12583994e-03, 2.04844254e-02],
       [6.14533525e-05, 2.81073495e-05, 8.01850403e-05, ...,
        4.12583994e-03, 0.00000000e+00, 2.32904849e-02],
       [1.35248767e-03, 9.57588110e-04, 2.37942003e-03, ...,
        2.04844254e-02, 2.32904849e-02, 0.00000000e+00]], shape=(45, 45)), 'molecular-dipole': array([0.791034  , 1.96455932, 0.19512888]), 'molecular-quadrupole': array([-16.74172272, 142.256317  , -15.34645273, 135.3575761 ,
       249.97469162,  32.08817545])}
------------------------------------------------------------
  cycle        total energy    energy error   density error
------------------------------------------------------------
      1     -163.5591643742  -1.6331154E+02   2.3511689E-03
      2     -163.5568025326   2.3618416E-03   4.6543231E-03
      3     -163.5430754837   1.3727049E-02   7.3290005E-03
      4     -163.5589849130  -1.5909429E-02   1.8531106E-03
      5     -163.5591317431  -1.4683012E-04   1.2811037E-03
      6     -163.5593286386  -1.9689550E-04   9.0898149E-04
      7     -163.5593710057  -4.2367085E-05   3.5535742E-04
      8     -163.5593707563   2.4942955E-07   2.3797200E-04
      9     -163.5593751893  -4.4329556E-06   1.4695810E-04
     10     -163.5593783689  -3.1796698E-06   6.3345767E-05
     11     -163.5593789572  -5.8826458E-07   3.0459738E-05
     12     -163.5593791175  -1.6031601E-07   9.5834702E-06
------------------------------------------------------------

 total:                                  13.209 sec
3
{'bond-orders': array([[0.00000000e+00, 3.04890672e-01, 1.91421178e-02, ...,
        1.39934057e-05, 5.98883404e-05, 1.34303568e-03],
       [3.04890672e-01, 0.00000000e+00, 1.99268730e-02, ...,
        4.47935174e-05, 2.87379251e-05, 9.61401754e-04],
       [1.91421178e-02, 1.99268730e-02, 0.00000000e+00, ...,
        1.39956229e-04, 8.74457548e-05, 2.38843437e-03],
       ...,
       [1.39934057e-05, 4.47935174e-05, 1.39956229e-04, ...,
        0.00000000e+00, 4.28419045e-03, 2.10233321e-02],
       [5.98883404e-05, 2.87379251e-05, 8.74457548e-05, ...,
        4.28419045e-03, 0.00000000e+00, 2.39403920e-02],
       [1.34303568e-03, 9.61401754e-04, 2.38843437e-03, ...,
        2.10233321e-02, 2.39403920e-02, 0.00000000e+00]], shape=(45, 45))}
{'bond-orders': array([[0.00000000e+00, 3.04890672e-01, 1.91421178e-02, ...,
        1.39934057e-05, 5.98883404e-05, 1.34303568e-03],
       [3.04890672e-01, 0.00000000e+00, 1.99268730e-02, ...,
        4.47935174e-05, 2.87379251e-05, 9.61401754e-04],
       [1.91421178e-02, 1.99268730e-02, 0.00000000e+00, ...,
        1.39956229e-04, 8.74457548e-05, 2.38843437e-03],
       ...,
       [1.39934057e-05, 4.47935174e-05, 1.39956229e-04, ...,
        0.00000000e+00, 4.28419045e-03, 2.10233321e-02],
       [5.98883404e-05, 2.87379251e-05, 8.74457548e-05, ...,
        4.28419045e-03, 0.00000000e+00, 2.39403920e-02],
       [1.34303568e-03, 9.61401754e-04, 2.38843437e-03, ...,
        2.10233321e-02, 2.39403920e-02, 0.00000000e+00]], shape=(45, 45)), 'molecular-dipole': array([0.83681802, 2.07497657, 0.1127609 ])}
{'bond-orders': array([[0.00000000e+00, 3.04890672e-01, 1.91421178e-02, ...,
        1.39934057e-05, 5.98883404e-05, 1.34303568e-03],
       [3.04890672e-01, 0.00000000e+00, 1.99268730e-02, ...,
        4.47935174e-05, 2.87379251e-05, 9.61401754e-04],
       [1.91421178e-02, 1.99268730e-02, 0.00000000e+00, ...,
        1.39956229e-04, 8.74457548e-05, 2.38843437e-03],
       ...,
       [1.39934057e-05, 4.47935174e-05, 1.39956229e-04, ...,
        0.00000000e+00, 4.28419045e-03, 2.10233321e-02],
       [5.98883404e-05, 2.87379251e-05, 8.74457548e-05, ...,
        4.28419045e-03, 0.00000000e+00, 2.39403920e-02],
       [1.34303568e-03, 9.61401754e-04, 2.38843437e-03, ...,
        2.10233321e-02, 2.39403920e-02, 0.00000000e+00]], shape=(45, 45)), 'molecular-dipole': array([0.83681802, 2.07497657, 0.1127609 ]), 'molecular-quadrupole': array([-12.10246999, 148.23833256, -11.88972794, 137.16828691,
       262.04221568,  23.99219793])}
------------------------------------------------------------
  cycle        total energy    energy error   density error
------------------------------------------------------------
      1     -163.5603481383  -1.6331346E+02   1.5518507E-03
      2     -163.5597767681   5.7137022E-04   2.5662745E-03
      3     -163.5564512870   3.3254811E-03   3.7632334E-03
      4     -163.5586702274  -2.2189403E-03   2.5145837E-03
      5     -163.5603372023  -1.6669749E-03   9.2509197E-04
      6     -163.5603975263  -6.0324015E-05   6.1613318E-04
      7     -163.5604163154  -1.8789058E-05   2.3679288E-04
      8     -163.5604176739  -1.3585395E-06   1.5996720E-04
      9     -163.5604205111  -2.8372338E-06   1.0165664E-04
     10     -163.5604218858  -1.3746200E-06   4.0215661E-05
     11     -163.5604220089  -1.2311045E-07   1.6300247E-05
------------------------------------------------------------

 total:                                  13.291 sec
3
{'bond-orders': array([[0.00000000e+00, 3.05019783e-01, 1.89875084e-02, ...,
        1.44098723e-05, 6.13568164e-05, 1.34516443e-03],
       [3.05019783e-01, 0.00000000e+00, 1.98248130e-02, ...,
        4.20141646e-05, 3.05773402e-05, 9.72342458e-04],
       [1.89875084e-02, 1.98248130e-02, 0.00000000e+00, ...,
        1.41813294e-04, 9.87923235e-05, 2.40469242e-03],
       ...,
       [1.44098723e-05, 4.20141646e-05, 1.41813294e-04, ...,
        0.00000000e+00, 4.43491259e-03, 2.17146422e-02],
       [6.13568164e-05, 3.05773402e-05, 9.87923235e-05, ...,
        4.43491259e-03, 0.00000000e+00, 2.44044359e-02],
       [1.34516443e-03, 9.72342458e-04, 2.40469242e-03, ...,
        2.17146422e-02, 2.44044359e-02, 0.00000000e+00]], shape=(45, 45))}
{'bond-orders': array([[0.00000000e+00, 3.05019783e-01, 1.89875084e-02, ...,
        1.44098723e-05, 6.13568164e-05, 1.34516443e-03],
       [3.05019783e-01, 0.00000000e+00, 1.98248130e-02, ...,
        4.20141646e-05, 3.05773402e-05, 9.72342458e-04],
       [1.89875084e-02, 1.98248130e-02, 0.00000000e+00, ...,
        1.41813294e-04, 9.87923235e-05, 2.40469242e-03],
       ...,
       [1.44098723e-05, 4.20141646e-05, 1.41813294e-04, ...,
        0.00000000e+00, 4.43491259e-03, 2.17146422e-02],
       [6.13568164e-05, 3.05773402e-05, 9.87923235e-05, ...,
        4.43491259e-03, 0.00000000e+00, 2.44044359e-02],
       [1.34516443e-03, 9.72342458e-04, 2.40469242e-03, ...,
        2.17146422e-02, 2.44044359e-02, 0.00000000e+00]], shape=(45, 45)), 'molecular-dipole': array([0.85311725, 2.13366241, 0.04921913])}
{'bond-orders': array([[0.00000000e+00, 3.05019783e-01, 1.89875084e-02, ...,
        1.44098723e-05, 6.13568164e-05, 1.34516443e-03],
       [3.05019783e-01, 0.00000000e+00, 1.98248130e-02, ...,
        4.20141646e-05, 3.05773402e-05, 9.72342458e-04],
       [1.89875084e-02, 1.98248130e-02, 0.00000000e+00, ...,
        1.41813294e-04, 9.87923235e-05, 2.40469242e-03],
       ...,
       [1.44098723e-05, 4.20141646e-05, 1.41813294e-04, ...,
        0.00000000e+00, 4.43491259e-03, 2.17146422e-02],
       [6.13568164e-05, 3.05773402e-05, 9.87923235e-05, ...,
        4.43491259e-03, 0.00000000e+00, 2.44044359e-02],
       [1.34516443e-03, 9.72342458e-04, 2.40469242e-03, ...,
        2.17146422e-02, 2.44044359e-02, 0.00000000e+00]], shape=(45, 45)), 'molecular-dipole': array([0.85311725, 2.13366241, 0.04921913]), 'molecular-quadrupole': array([ -9.07986098, 151.20351904,  -9.17748272, 136.33769829,
       267.94125807,  18.2573437 ])}
------------------------------------------------------------
  cycle        total energy    energy error   density error
------------------------------------------------------------
      1     -163.5608922222  -1.6331654E+02   1.1618387E-03
      2     -163.5601342679   7.5795422E-04   2.4092279E-03
      3     -163.5572420682   2.8921997E-03   3.4685428E-03
      4     -163.5603533111  -3.1112429E-03   1.6110274E-03
      5     -163.5608933934  -5.4008226E-04   7.4847675E-04
      6     -163.5609005697  -7.1762660E-06   5.4104702E-04
      7     -163.5609252891  -2.4719451E-05   1.7403788E-04
      8     -163.5609268507  -1.5616060E-06   9.3281132E-05
      9     -163.5609276312  -7.8047947E-07   5.8472565E-05
     10     -163.5609279041  -2.7292018E-07   2.6574317E-05
     11     -163.5609279502  -4.6088161E-08   1.2042736E-05
------------------------------------------------------------

 total:                                  10.505 sec
3
{'bond-orders': array([[0.00000000e+00, 3.05077757e-01, 1.89176587e-02, ...,
        1.44196866e-05, 6.43163514e-05, 1.35925921e-03],
       [3.05077757e-01, 0.00000000e+00, 1.97788910e-02, ...,
        4.17587270e-05, 3.29164172e-05, 9.88361439e-04],
       [1.89176587e-02, 1.97788910e-02, 0.00000000e+00, ...,
        1.43759708e-04, 1.08701717e-04, 2.43284742e-03],
       ...,
