/home/ans819/.conda/envs/autoflow/lib/python3.13/site-packages/e3nn/o3/_wigner.py:10: UserWarning: Environment variable TORCH_FORCE_NO_WEIGHTS_ONLY_LOAD detected, since the`weights_only` argument was not explicitly passed to `torch.load`, forcing weights_only=False.
  _Jd, _W3j_flat, _W3j_indices = torch.load(os.path.join(os.path.dirname(__file__), 'constants.pt'))

          ==================== Thresholds ====================
          CN  :   150.00000
          rep :   500.00000
          disp:  2500.00000
          HB1 :   250.00000
          HB2 :   450.00000

          Pauling EN used:
          Z : 1  EN :  2.20
          Z : 6  EN :  2.55
          Z : 8  EN :  3.44
          Z :47  EN :  1.93
          electric field strengths (au): 0.000

           ------------------------------------------------- 
          |           Force Field Initialization            |
           ------------------------------------------------- 

          distances ...
          ----------------------------------------
          generating topology and atomic info file ...
          pair mat ...
          computing topology distances matrix with Floyd-Warshall algo ...
          making topology EEQ charges ...
          #fragments for EEQ constrain: 1
          ----------------------------------------
          generating topology and atomic info file ...
          pair mat ...
          computing topology distances matrix with Floyd-Warshall algo ...
          making topology EEQ charges ...
          #fragments for EEQ constrain: 1
          rings ...
          # BATM   2954
          # H in HB   0

  atom   neighbors  erfCN metchar sp-hybrid imet pi  qest     coordinates
    1  Ag      2    1.35   0.37         2    2    0   0.006    4.158990    1.531419   25.299958
    2  Ag      5    3.15   0.31         0    2    0   0.020    7.649299    5.806158   25.299958
    3  Ag      9    4.27   0.07         0    2    0   0.009   16.375073    9.368440   26.893059
    4  Ag      7    3.92   0.19         0    2    0   0.015   12.884763    5.093701   26.893059
    5  Ag      7    3.92   0.19         0    2    0   0.014   21.610536    8.655983   28.486160
    6  Ag      6    3.59   0.27         0    2    0   0.014   18.120227    4.381245   28.486160
    7  Ag      9    4.27   0.07         0    2    0   0.016    9.394454    7.943527   30.079261
    8  Ag      6    3.59   0.23         0    2    0   0.023    5.904145    3.668788   30.079261
    9  Ag     12    4.39   0.01         0    2    0   0.005   14.629918    7.231070   31.672361
   10  Ag      7    3.92   0.19         0    2    0   0.020   11.139609    2.956332   31.672361
   11  Ag      9    4.27   0.07         0    2    0   0.009   19.865382    6.518614   33.265462
   12  Ag      6    3.59   0.27         0    2    0   0.016   16.375073    2.243875   33.265462
   13  Ag      8    4.14   0.11         0    2    0   0.029    7.649299    5.806158   34.858563
   14  Ag      3    2.00   0.37         2    2    0   0.032    4.158990    1.531419   34.858563
   15  Ag      8    4.14   0.12         0    2    0   0.016   12.884763    5.093701   36.451664
   16  Ag     10    4.34   0.04         0    2    0   0.008   16.375073    9.368440   36.451664
   17  Ag      5    3.15   0.34         0    2    0   0.018   18.120227    4.381245   38.044765
   18  Ag      6    3.59   0.26         0    2    0   0.014   21.610536    8.655983   38.044765
   19  Ag      4    2.96   0.25         3    2    0   0.120    5.904145    3.668788   39.637866
   20  Ag      5    3.15   0.32         0    2    0   0.036    9.394454    7.943527   39.637866
   21  Ag      6    3.59   0.26         0    2    0   0.017   11.139609   10.080896   25.299958
   22  Ag      5    3.15   0.34         0    2    0   0.016   14.629918   14.355634   25.299958
   23  Ag      4    2.61   0.38         3    2    0   0.019   23.355691   17.917916   26.893059
   24  Ag      8    4.14   0.12         0    2    0   0.013   19.865382   13.643178   26.893059
   25  Ag      3    2.00   0.39         2    2    0   0.014   28.591155   17.205460   28.486160
   26  Ag      7    3.92   0.19         0    2    0   0.016   25.100846   12.930722   28.486160
   27  Ag      6    3.59   0.27         0    2    0   0.013   16.375073   16.493004   30.079261
   28  Ag      9    4.27   0.07         0    2    0   0.010   12.884763   12.218265   30.079261
   29  Ag      9    4.27   0.07         0    2    0   0.011   21.610536   15.780547   31.672361
/home/ans819/.conda/envs/autoflow/lib/python3.13/site-packages/mace/calculators/mace.py:197: UserWarning: Environment variable TORCH_FORCE_NO_WEIGHTS_ONLY_LOAD detected, since the`weights_only` argument was not explicitly passed to `torch.load`, forcing weights_only=False.
  torch.load(f=model_path, map_location=device)
/home/ans819/.conda/envs/autoflow/lib/python3.13/site-packages/chgnet/model/model.py:898: UserWarning: Converting a tensor with requires_grad=True to a scalar may lead to unexpected behavior.
Consider using tensor.detach() first. (Triggered internally at /pytorch/torch/csrc/autograd/generated/python_variable_methods.cpp:836.)
  volumes = torch.tensor(volumes, dtype=TORCH_DTYPE, device=atomic_numbers.device)
cuequivariance or cuequivariance_torch is not available. Cuequivariance acceleration will be disabled.
------------------------------------------------------------
  cycle        total energy    energy error   density error
------------------------------------------------------------
      1     -163.1996682995  -1.6295830E+02   9.9762126E-01
      2     -161.1327792515   2.0668890E+00   6.1920611E-01
      3      520.6009433208   6.8173372E+02   1.8947796E+00
      4     -122.1282608561  -6.4272920E+02   8.1566532E-01
      5     -27.57223289346   9.4556028E+01   8.8730674E-01
      6     -147.6152572792  -1.2004302E+02   2.7404653E-01
      7     -153.9561484634  -6.3408912E+00   2.0410992E-01
      8     -160.6046526145  -6.6485042E+00   1.1141212E-01
      9     -161.8766344607  -1.2719818E+00   8.2543014E-02
     10     -163.4023263121  -1.5256919E+00   4.4723583E-02
     11     -163.5030518157  -1.0072550E-01   3.6738953E-02
     12     -163.5168471158  -1.3795300E-02   3.2241470E-02
     13     -163.5230950361  -6.2479203E-03   2.5758708E-02
     14     -163.5124241135   1.0670923E-02   2.4286041E-02
     15     -163.5234217512  -1.0997638E-02   2.0997113E-02
     16     -163.5264121408  -2.9903896E-03   1.8092161E-02
     17     -163.5287330954  -2.3209546E-03   1.5276441E-02
     18     -163.5307426840  -2.0095886E-03   1.3829836E-02
     19     -163.5328418813  -2.0991973E-03   1.1824497E-02
     20     -163.5353659963  -2.5241149E-03   8.9229930E-03
     21     -163.5357148960  -3.4889971E-04   8.5064193E-03
     22     -163.5359471793  -2.3228330E-04   7.9753771E-03
     23     -163.5363282866  -3.8110730E-04   6.7378319E-03
     24     -163.5366354953  -3.0720869E-04   5.8263306E-03
     25     -163.5368475051  -2.1200988E-04   5.1352829E-03
     26     -163.5370392382  -1.9173304E-04   4.1069056E-03
     27     -163.5370582823  -1.9044090E-05   3.0277513E-03
     28     -163.5370658899  -7.6076267E-06   2.7282732E-03
     29     -163.5371508711  -8.4981236E-05   2.3283108E-03
     30     -163.5371339884   1.6882765E-05   2.1583504E-03
     31     -163.5371774326  -4.3444230E-05   1.9629015E-03
     32     -163.5371866105  -9.1779431E-06   1.8988242E-03
     33     -163.5372243912  -3.7780662E-05   1.4174750E-03
     34     -163.5372595510  -3.5159758E-05   6.3433279E-04
     35     -163.5372703139  -1.0762946E-05   2.0395491E-04
     36     -163.5372708301  -5.1621276E-07   1.9180700E-04
     37     -163.5372715999  -7.6983790E-07   8.7047387E-05
     38     -163.5372719165  -3.1658425E-07   1.8574715E-05
------------------------------------------------------------

 total:                                  19.560 sec
3
{'bond-orders': array([[0.00000000e+00, 3.04321698e-01, 1.93417867e-02, ...,
        4.87993660e-05, 2.34480049e-04, 3.56999269e-03],
       [3.04321698e-01, 0.00000000e+00, 1.87781985e-02, ...,
        1.07886367e-04, 8.02034403e-04, 6.01107313e-03],
       [1.93417867e-02, 1.87781985e-02, 0.00000000e+00, ...,
        1.94409081e-04, 4.59916848e-04, 4.91671078e-03],
       ...,
       [4.87993660e-05, 1.07886367e-04, 1.94409081e-04, ...,
        0.00000000e+00, 4.83504225e-03, 2.22972887e-02],
       [2.34480049e-04, 8.02034403e-04, 4.59916848e-04, ...,
        4.83504225e-03, 0.00000000e+00, 2.13637650e-02],
       [3.56999269e-03, 6.01107313e-03, 4.91671078e-03, ...,
        2.22972887e-02, 2.13637650e-02, 0.00000000e+00]], shape=(45, 45))}
{'bond-orders': array([[0.00000000e+00, 3.04321698e-01, 1.93417867e-02, ...,
        4.87993660e-05, 2.34480049e-04, 3.56999269e-03],
       [3.04321698e-01, 0.00000000e+00, 1.87781985e-02, ...,
        1.07886367e-04, 8.02034403e-04, 6.01107313e-03],
       [1.93417867e-02, 1.87781985e-02, 0.00000000e+00, ...,
        1.94409081e-04, 4.59916848e-04, 4.91671078e-03],
       ...,
       [4.87993660e-05, 1.07886367e-04, 1.94409081e-04, ...,
        0.00000000e+00, 4.83504225e-03, 2.22972887e-02],
       [2.34480049e-04, 8.02034403e-04, 4.59916848e-04, ...,
        4.83504225e-03, 0.00000000e+00, 2.13637650e-02],
       [3.56999269e-03, 6.01107313e-03, 4.91671078e-03, ...,
        2.22972887e-02, 2.13637650e-02, 0.00000000e+00]], shape=(45, 45)), 'molecular-dipole': array([ 0.83262554,  0.52343477, -1.48612174])}
{'bond-orders': array([[0.00000000e+00, 3.04321698e-01, 1.93417867e-02, ...,
        4.87993660e-05, 2.34480049e-04, 3.56999269e-03],
       [3.04321698e-01, 0.00000000e+00, 1.87781985e-02, ...,
        1.07886367e-04, 8.02034403e-04, 6.01107313e-03],
       [1.93417867e-02, 1.87781985e-02, 0.00000000e+00, ...,
        1.94409081e-04, 4.59916848e-04, 4.91671078e-03],
       ...,
       [4.87993660e-05, 1.07886367e-04, 1.94409081e-04, ...,
        0.00000000e+00, 4.83504225e-03, 2.22972887e-02],
       [2.34480049e-04, 8.02034403e-04, 4.59916848e-04, ...,
        4.83504225e-03, 0.00000000e+00, 2.13637650e-02],
       [3.56999269e-03, 6.01107313e-03, 4.91671078e-03, ...,
        2.22972887e-02, 2.13637650e-02, 0.00000000e+00]], shape=(45, 45)), 'molecular-dipole': array([ 0.83262554,  0.52343477, -1.48612174]), 'molecular-quadrupole': array([ 47.56042176,  50.56311333,  36.9978805 ,  97.91431768,
        35.60928312, -84.55830226])}
------------------------------------------------------------
  cycle        total energy    energy error   density error
------------------------------------------------------------
      1     -163.5382010349  -1.6329803E+02   1.8747023E-03
      2     -163.5381140591   8.6975838E-05   1.4621671E-03
      3     -163.5379870432   1.2701591E-04   1.8714420E-03
      4     -163.5377499924   2.3705080E-04   1.6892253E-03
      5     -163.5365187007   1.2312917E-03   2.3467469E-03
      6     -163.5382108789  -1.6921782E-03   4.2613302E-04
      7     -163.5382317905  -2.0911595E-05   2.8750344E-04
      8     -163.5382329478  -1.1573682E-06   1.9084602E-04
      9     -163.5382349437  -1.9958853E-06   1.0153969E-04
     10     -163.5382367063  -1.7625569E-06   5.3759964E-05
     11     -163.5382373633  -6.5699280E-07   2.2825397E-05
     12     -163.5382374433  -8.0016576E-08   7.3793516E-06
------------------------------------------------------------

 total:                                  12.234 sec
3
{'bond-orders': array([[0.00000000e+00, 3.04386737e-01, 1.94775338e-02, ...,
        5.83477497e-05, 2.33325305e-04, 3.48070025e-03],
       [3.04386737e-01, 0.00000000e+00, 1.86599343e-02, ...,
        1.22903064e-04, 8.05773830e-04, 6.06302416e-03],
       [1.94775338e-02, 1.86599343e-02, 0.00000000e+00, ...,
        2.27210752e-04, 4.67868273e-04, 4.87761250e-03],
       ...,
       [5.83477497e-05, 1.22903064e-04, 2.27210752e-04, ...,
        0.00000000e+00, 4.95276638e-03, 2.41078023e-02],
       [2.33325305e-04, 8.05773830e-04, 4.67868273e-04, ...,
        4.95276638e-03, 0.00000000e+00, 2.15143616e-02],
       [3.48070025e-03, 6.06302416e-03, 4.87761250e-03, ...,
        2.41078023e-02, 2.15143616e-02, 0.00000000e+00]], shape=(45, 45))}
{'bond-orders': array([[0.00000000e+00, 3.04386737e-01, 1.94775338e-02, ...,
        5.83477497e-05, 2.33325305e-04, 3.48070025e-03],
       [3.04386737e-01, 0.00000000e+00, 1.86599343e-02, ...,
        1.22903064e-04, 8.05773830e-04, 6.06302416e-03],
       [1.94775338e-02, 1.86599343e-02, 0.00000000e+00, ...,
        2.27210752e-04, 4.67868273e-04, 4.87761250e-03],
       ...,
       [5.83477497e-05, 1.22903064e-04, 2.27210752e-04, ...,
        0.00000000e+00, 4.95276638e-03, 2.41078023e-02],
       [2.33325305e-04, 8.05773830e-04, 4.67868273e-04, ...,
        4.95276638e-03, 0.00000000e+00, 2.15143616e-02],
       [3.48070025e-03, 6.06302416e-03, 4.87761250e-03, ...,
        2.41078023e-02, 2.15143616e-02, 0.00000000e+00]], shape=(45, 45)), 'molecular-dipole': array([ 0.82410487,  0.50221221, -1.50864564])}
{'bond-orders': array([[0.00000000e+00, 3.04386737e-01, 1.94775338e-02, ...,
        5.83477497e-05, 2.33325305e-04, 3.48070025e-03],
       [3.04386737e-01, 0.00000000e+00, 1.86599343e-02, ...,
        1.22903064e-04, 8.05773830e-04, 6.06302416e-03],
       [1.94775338e-02, 1.86599343e-02, 0.00000000e+00, ...,
        2.27210752e-04, 4.67868273e-04, 4.87761250e-03],
       ...,
       [5.83477497e-05, 1.22903064e-04, 2.27210752e-04, ...,
        0.00000000e+00, 4.95276638e-03, 2.41078023e-02],
       [2.33325305e-04, 8.05773830e-04, 4.67868273e-04, ...,
        4.95276638e-03, 0.00000000e+00, 2.15143616e-02],
       [3.48070025e-03, 6.06302416e-03, 4.87761250e-03, ...,
        2.41078023e-02, 2.15143616e-02, 0.00000000e+00]], shape=(45, 45)), 'molecular-dipole': array([ 0.82410487,  0.50221221, -1.50864564]), 'molecular-quadrupole': array([ 47.89372488,  47.97219938,  37.62758541,  95.34145815,
        31.85585359, -85.52131028])}
------------------------------------------------------------
  cycle        total energy    energy error   density error
------------------------------------------------------------
      1     -163.5386252797  -1.6329927E+02   1.5451933E-03
      2     -163.5346390690   3.9862107E-03   3.8629375E-03
      3     -163.5246251550   1.0013914E-02   6.6784664E-03
      4     -163.5386266835  -1.4001528E-02   1.0794355E-03
      5     -163.5386374636  -1.0780076E-05   9.7012237E-04
      6     -163.5386864657  -4.9002072E-05   4.0306977E-04
      7     -163.5387011544  -1.4688779E-05   1.6451217E-04
      8     -163.5387009587   1.9574978E-07   1.5325708E-04
      9     -163.5387021962  -1.2375153E-06   6.1501240E-05
     10     -163.5387027089  -5.1274557E-07   3.3542231E-05
     11     -163.5387029391  -2.3013203E-07   1.7412505E-05
------------------------------------------------------------

 total:                                  11.959 sec
3
{'bond-orders': array([[0.00000000e+00, 3.04411242e-01, 1.95275933e-02, ...,
        6.23217263e-05, 2.33659327e-04, 3.44488253e-03],
       [3.04411242e-01, 0.00000000e+00, 1.85807599e-02, ...,
        1.29392373e-04, 8.12871574e-04, 6.10851732e-03],
       [1.95275933e-02, 1.85807599e-02, 0.00000000e+00, ...,
        2.41401518e-04, 4.71043428e-04, 4.84258729e-03],
       ...,
       [6.23217263e-05, 1.29392373e-04, 2.41401518e-04, ...,
        0.00000000e+00, 5.01989001e-03, 2.48520771e-02],
       [2.33659327e-04, 8.12871574e-04, 4.71043428e-04, ...,
        5.01989001e-03, 0.00000000e+00, 2.16428617e-02],
       [3.44488253e-03, 6.10851732e-03, 4.84258729e-03, ...,
        2.48520771e-02, 2.16428617e-02, 0.00000000e+00]], shape=(45, 45))}
{'bond-orders': array([[0.00000000e+00, 3.04411242e-01, 1.95275933e-02, ...,
        6.23217263e-05, 2.33659327e-04, 3.44488253e-03],
       [3.04411242e-01, 0.00000000e+00, 1.85807599e-02, ...,
        1.29392373e-04, 8.12871574e-04, 6.10851732e-03],
       [1.95275933e-02, 1.85807599e-02, 0.00000000e+00, ...,
        2.41401518e-04, 4.71043428e-04, 4.84258729e-03],
       ...,
       [6.23217263e-05, 1.29392373e-04, 2.41401518e-04, ...,
        0.00000000e+00, 5.01989001e-03, 2.48520771e-02],
       [2.33659327e-04, 8.12871574e-04, 4.71043428e-04, ...,
        5.01989001e-03, 0.00000000e+00, 2.16428617e-02],
       [3.44488253e-03, 6.10851732e-03, 4.84258729e-03, ...,
        2.48520771e-02, 2.16428617e-02, 0.00000000e+00]], shape=(45, 45)), 'molecular-dipole': array([ 0.84456934,  0.51096908, -1.55262747])}
{'bond-orders': array([[0.00000000e+00, 3.04411242e-01, 1.95275933e-02, ...,
        6.23217263e-05, 2.33659327e-04, 3.44488253e-03],
       [3.04411242e-01, 0.00000000e+00, 1.85807599e-02, ...,
        1.29392373e-04, 8.12871574e-04, 6.10851732e-03],
       [1.95275933e-02, 1.85807599e-02, 0.00000000e+00, ...,
        2.41401518e-04, 4.71043428e-04, 4.84258729e-03],
       ...,
       [6.23217263e-05, 1.29392373e-04, 2.41401518e-04, ...,
        0.00000000e+00, 5.01989001e-03, 2.48520771e-02],
       [2.33659327e-04, 8.12871574e-04, 4.71043428e-04, ...,
        5.01989001e-03, 0.00000000e+00, 2.16428617e-02],
       [3.44488253e-03, 6.10851732e-03, 4.84258729e-03, ...,
        2.48520771e-02, 2.16428617e-02, 0.00000000e+00]], shape=(45, 45)), 'molecular-dipole': array([ 0.84456934,  0.51096908, -1.55262747]), 'molecular-quadrupole': array([ 49.73480198,  47.88730955,  39.21825193,  96.21838541,
        31.98518718, -88.9530539 ])}
------------------------------------------------------------
  cycle        total energy    energy error   density error
------------------------------------------------------------
      1     -163.5391581263  -1.6330080E+02   3.9203972E-03
      2     -163.5198607834   1.9297343E-02   9.0757800E-03
      3     -163.4429762387   7.6884545E-02   1.7453941E-02
      4     -163.5391843434  -9.6208105E-02   2.6420441E-03
      5     -163.5394598778  -2.7553441E-04   2.0856979E-03
      6     -163.5395884857  -1.2860792E-04   1.1095127E-03
      7     -163.5396990660  -1.1058029E-04   3.6621233E-04
      8     -163.5397005689  -1.5028245E-06   2.8718708E-04
      9     -163.5397047503  -4.1814124E-06   1.3304381E-04
     10     -163.5397068846  -2.1342988E-06   6.7669448E-05
     11     -163.5397077266  -8.4208617E-07   3.7849580E-05
     12     -163.5397079777  -2.5109335E-07   1.2090019E-05
------------------------------------------------------------

 total:                                  12.249 sec
3
{'bond-orders': array([[0.00000000e+00, 3.04452118e-01, 1.95569701e-02, ...,
        6.84356860e-05, 2.31751236e-04, 3.40429321e-03],
       [3.04452118e-01, 0.00000000e+00, 1.84080335e-02, ...,
        1.39430079e-04, 8.20479632e-04, 6.21022611e-03],
       [1.95569701e-02, 1.84080335e-02, 0.00000000e+00, ...,
        2.62580559e-04, 4.64367978e-04, 4.74521246e-03],
       ...,
       [6.84356860e-05, 1.39430079e-04, 2.62580559e-04, ...,
        0.00000000e+00, 5.14091266e-03, 2.58463249e-02],
       [2.31751236e-04, 8.20479632e-04, 4.64367978e-04, ...,
        5.14091266e-03, 0.00000000e+00, 2.18623530e-02],
       [3.40429321e-03, 6.21022611e-03, 4.74521246e-03, ...,
        2.58463249e-02, 2.18623530e-02, 0.00000000e+00]], shape=(45, 45))}
{'bond-orders': array([[0.00000000e+00, 3.04452118e-01, 1.95569701e-02, ...,
        6.84356860e-05, 2.31751236e-04, 3.40429321e-03],
       [3.04452118e-01, 0.00000000e+00, 1.84080335e-02, ...,
        1.39430079e-04, 8.20479632e-04, 6.21022611e-03],
       [1.95569701e-02, 1.84080335e-02, 0.00000000e+00, ...,
        2.62580559e-04, 4.64367978e-04, 4.74521246e-03],
       ...,
       [6.84356860e-05, 1.39430079e-04, 2.62580559e-04, ...,
        0.00000000e+00, 5.14091266e-03, 2.58463249e-02],
       [2.31751236e-04, 8.20479632e-04, 4.64367978e-04, ...,
        5.14091266e-03, 0.00000000e+00, 2.18623530e-02],
       [3.40429321e-03, 6.21022611e-03, 4.74521246e-03, ...,
        2.58463249e-02, 2.18623530e-02, 0.00000000e+00]], shape=(45, 45)), 'molecular-dipole': array([ 0.92490626,  0.5613826 , -1.66573821])}
{'bond-orders': array([[0.00000000e+00, 3.04452118e-01, 1.95569701e-02, ...,
        6.84356860e-05, 2.31751236e-04, 3.40429321e-03],
       [3.04452118e-01, 0.00000000e+00, 1.84080335e-02, ...,
        1.39430079e-04, 8.20479632e-04, 6.21022611e-03],
       [1.95569701e-02, 1.84080335e-02, 0.00000000e+00, ...,
        2.62580559e-04, 4.64367978e-04, 4.74521246e-03],
       ...,
       [6.84356860e-05, 1.39430079e-04, 2.62580559e-04, ...,
        0.00000000e+00, 5.14091266e-03, 2.58463249e-02],
       [2.31751236e-04, 8.20479632e-04, 4.64367978e-04, ...,
        5.14091266e-03, 0.00000000e+00, 2.18623530e-02],
       [3.40429321e-03, 6.21022611e-03, 4.74521246e-03, ...,
        2.58463249e-02, 2.18623530e-02, 0.00000000e+00]], shape=(45, 45)), 'molecular-dipole': array([ 0.92490626,  0.5613826 , -1.66573821]), 'molecular-quadrupole': array([ 55.23596467,  49.63691517,  43.47801266, 102.41052001,
        36.12637224, -98.71397732])}
------------------------------------------------------------
  cycle        total energy    energy error   density error
------------------------------------------------------------
      1     -163.5398102441  -1.6330101E+02   3.6848759E-03
      2     -163.5020655957   3.7744648E-02   1.1782304E-02
      3     -163.4681302581   3.3935338E-02   1.5245635E-02
      4     -163.5400257461  -7.1895488E-02   2.4369608E-03
      5     -163.5403510875  -3.2534131E-04   1.6759422E-03
      6     -163.5404195442  -6.8456781E-05   9.7170182E-04
      7     -163.5404842389  -6.4694652E-05   3.6079905E-04
      8     -163.5404885678  -4.3289008E-06   2.1831384E-04
      9     -163.5404914866  -2.9188317E-06   9.9421210E-05
     10     -163.5404927183  -1.2317219E-06   4.8750093E-05
     11     -163.5404930613  -3.4296207E-07   3.0649725E-05
     12     -163.5404931911  -1.2975480E-07   1.0544088E-05
------------------------------------------------------------

 total:                                  12.279 sec
3
{'bond-orders': array([[0.00000000e+00, 3.04449736e-01, 1.94910757e-02, ...,
        7.06870457e-05, 2.27604893e-04, 3.41657478e-03],
       [3.04449736e-01, 0.00000000e+00, 1.82949651e-02, ...,
        1.43033532e-04, 8.15923132e-04, 6.28297013e-03],
       [1.94910757e-02, 1.82949651e-02, 0.00000000e+00, ...,
        2.68307282e-04, 4.45916971e-04, 4.65924299e-03],
       ...,
       [7.06870457e-05, 1.43033532e-04, 2.68307282e-04, ...,
        0.00000000e+00, 5.21149181e-03, 2.59763094e-02],
       [2.27604893e-04, 8.15923132e-04, 4.45916971e-04, ...,
        5.21149181e-03, 0.00000000e+00, 2.19400829e-02],
       [3.41657478e-03, 6.28297013e-03, 4.65924299e-03, ...,
        2.59763094e-02, 2.19400829e-02, 0.00000000e+00]], shape=(45, 45))}
{'bond-orders': array([[0.00000000e+00, 3.04449736e-01, 1.94910757e-02, ...,
        7.06870457e-05, 2.27604893e-04, 3.41657478e-03],
       [3.04449736e-01, 0.00000000e+00, 1.82949651e-02, ...,
        1.43033532e-04, 8.15923132e-04, 6.28297013e-03],
       [1.94910757e-02, 1.82949651e-02, 0.00000000e+00, ...,
        2.68307282e-04, 4.45916971e-04, 4.65924299e-03],
       ...,
       [7.06870457e-05, 1.43033532e-04, 2.68307282e-04, ...,
        0.00000000e+00, 5.21149181e-03, 2.59763094e-02],
       [2.27604893e-04, 8.15923132e-04, 4.45916971e-04, ...,
        5.21149181e-03, 0.00000000e+00, 2.19400829e-02],
       [3.41657478e-03, 6.28297013e-03, 4.65924299e-03, ...,
        2.59763094e-02, 2.19400829e-02, 0.00000000e+00]], shape=(45, 45)), 'molecular-dipole': array([ 1.32153484,  1.00163246, -1.78668296])}
{'bond-orders': array([[0.00000000e+00, 3.04449736e-01, 1.94910757e-02, ...,
        7.06870457e-05, 2.27604893e-04, 3.41657478e-03],
       [3.04449736e-01, 0.00000000e+00, 1.82949651e-02, ...,
        1.43033532e-04, 8.15923132e-04, 6.28297013e-03],
       [1.94910757e-02, 1.82949651e-02, 0.00000000e+00, ...,
        2.68307282e-04, 4.45916971e-04, 4.65924299e-03],
       ...,
       [7.06870457e-05, 1.43033532e-04, 2.68307282e-04, ...,
        0.00000000e+00, 5.21149181e-03, 2.59763094e-02],
       [2.27604893e-04, 8.15923132e-04, 4.45916971e-04, ...,
        5.21149181e-03, 0.00000000e+00, 2.19400829e-02],
       [3.41657478e-03, 6.28297013e-03, 4.65924299e-03, ...,
        2.59763094e-02, 2.19400829e-02, 0.00000000e+00]], shape=(45, 45)), 'molecular-dipole': array([ 1.32153484,  1.00163246, -1.78668296]), 'molecular-quadrupole': array([  68.45520411,   75.87520562,   48.1850766 ,  157.57775423,
        100.65482687, -116.6402807 ])}
------------------------------------------------------------
  cycle        total energy    energy error   density error
------------------------------------------------------------
      1     -163.5406383380  -1.6330063E+02   2.3479320E-03
      2     -163.5251302848   1.5508053E-02   7.5740150E-03
      3     -163.5131846075   1.1945677E-02   9.4750141E-03
      4     -163.5406595688  -2.7474961E-02   1.5414708E-03
      5     -163.5408671412  -2.0757244E-04   1.0848073E-03
      6     -163.5409245871  -5.7445863E-05   5.6193679E-04
      7     -163.5409371282  -1.2541162E-05   2.4555625E-04
      8     -163.5409386023  -1.4740439E-06   1.6279452E-04
      9     -163.5409400512  -1.4489399E-06   5.5334173E-05
     10     -163.5409403564  -3.0515025E-07   2.0521957E-05
     11     -163.5409403898  -3.3424158E-08   1.2890309E-05
------------------------------------------------------------

 total:                                  12.028 sec
3
{'bond-orders': array([[0.00000000e+00, 3.04426655e-01, 1.93960186e-02, ...,
        6.89182243e-05, 2.24756557e-04, 3.46701573e-03],
       [3.04426655e-01, 0.00000000e+00, 1.82603542e-02, ...,
        1.41692384e-04, 8.08264551e-04, 6.31715436e-03],
       [1.93960186e-02, 1.82603542e-02, 0.00000000e+00, ...,
        2.60862370e-04, 4.30555815e-04, 4.62332376e-03],
       ...,
       [6.89182243e-05, 1.41692384e-04, 2.60862370e-04, ...,
        0.00000000e+00, 5.23118235e-03, 2.55671656e-02],
       [2.24756557e-04, 8.08264551e-04, 4.30555815e-04, ...,
        5.23118235e-03, 0.00000000e+00, 2.19173409e-02],
       [3.46701573e-03, 6.31715436e-03, 4.62332376e-03, ...,
        2.55671656e-02, 2.19173409e-02, 0.00000000e+00]], shape=(45, 45))}
{'bond-orders': array([[0.00000000e+00, 3.04426655e-01, 1.93960186e-02, ...,
        6.89182243e-05, 2.24756557e-04, 3.46701573e-03],
       [3.04426655e-01, 0.00000000e+00, 1.82603542e-02, ...,
        1.41692384e-04, 8.08264551e-04, 6.31715436e-03],
       [1.93960186e-02, 1.82603542e-02, 0.00000000e+00, ...,
        2.60862370e-04, 4.30555815e-04, 4.62332376e-03],
       ...,
       [6.89182243e-05, 1.41692384e-04, 2.60862370e-04, ...,
        0.00000000e+00, 5.23118235e-03, 2.55671656e-02],
       [2.24756557e-04, 8.08264551e-04, 4.30555815e-04, ...,
        5.23118235e-03, 0.00000000e+00, 2.19173409e-02],
       [3.46701573e-03, 6.31715436e-03, 4.62332376e-03, ...,
        2.55671656e-02, 2.19173409e-02, 0.00000000e+00]], shape=(45, 45)), 'molecular-dipole': array([ 1.36719684,  1.03344147, -1.86768554])}
{'bond-orders': array([[0.00000000e+00, 3.04426655e-01, 1.93960186e-02, ...,
        6.89182243e-05, 2.24756557e-04, 3.46701573e-03],
       [3.04426655e-01, 0.00000000e+00, 1.82603542e-02, ...,
        1.41692384e-04, 8.08264551e-04, 6.31715436e-03],
       [1.93960186e-02, 1.82603542e-02, 0.00000000e+00, ...,
        2.60862370e-04, 4.30555815e-04, 4.62332376e-03],
       ...,
       [6.89182243e-05, 1.41692384e-04, 2.60862370e-04, ...,
        0.00000000e+00, 5.23118235e-03, 2.55671656e-02],
       [2.24756557e-04, 8.08264551e-04, 4.30555815e-04, ...,
        5.23118235e-03, 0.00000000e+00, 2.19173409e-02],
       [3.46701573e-03, 6.31715436e-03, 4.62332376e-03, ...,
        2.55671656e-02, 2.19173409e-02, 0.00000000e+00]], shape=(45, 45)), 'molecular-dipole': array([ 1.36719684,  1.03344147, -1.86768554]), 'molecular-quadrupole': array([  72.65130851,   77.44524573,   51.06233376,  160.8235343 ,
        103.30775629, -123.71364227])}
------------------------------------------------------------
  cycle        total energy    energy error   density error
------------------------------------------------------------
      1     -163.5411632927  -1.6330009E+02   1.1322456E-03
      2     -163.5389301184   2.2331743E-03   3.0478541E-03
      3     -163.5341948481   4.7352703E-03   4.7444985E-03
      4     -163.5410988455  -6.9039974E-03   8.5414252E-04
      5     -163.5412030332  -1.0418772E-04   5.6962615E-04
      6     -163.5412237170  -2.0683803E-05   2.9534884E-04
      7     -163.5412272795  -3.5624871E-06   1.4595622E-04
      8     -163.5412284764  -1.1968855E-06   8.6176376E-05
      9     -163.5412288332  -3.5675552E-07   3.1763666E-05
     10     -163.5412288601  -2.6918826E-08   1.3104144E-05
------------------------------------------------------------

 total:                                  11.758 sec
3
{'bond-orders': array([[0.00000000e+00, 3.04424291e-01, 1.93298215e-02, ...,
        6.61842155e-05, 2.24402073e-04, 3.51680413e-03],
       [3.04424291e-01, 0.00000000e+00, 1.82607578e-02, ...,
        1.39972724e-04, 8.05620703e-04, 6.32825476e-03],
       [1.93298215e-02, 1.82607578e-02, 0.00000000e+00, ...,
        2.51151520e-04, 4.24312038e-04, 4.62018701e-03],
       ...,
       [6.61842155e-05, 1.39972724e-04, 2.51151520e-04, ...,
        0.00000000e+00, 5.22928703e-03, 2.51361178e-02],
       [2.24402073e-04, 8.05620703e-04, 4.24312038e-04, ...,
        5.22928703e-03, 0.00000000e+00, 2.19051589e-02],
       [3.51680413e-03, 6.32825476e-03, 4.62018701e-03, ...,
        2.51361178e-02, 2.19051589e-02, 0.00000000e+00]], shape=(45, 45))}
{'bond-orders': array([[0.00000000e+00, 3.04424291e-01, 1.93298215e-02, ...,
        6.61842155e-05, 2.24402073e-04, 3.51680413e-03],
       [3.04424291e-01, 0.00000000e+00, 1.82607578e-02, ...,
        1.39972724e-04, 8.05620703e-04, 6.32825476e-03],
       [1.93298215e-02, 1.82607578e-02, 0.00000000e+00, ...,
        2.51151520e-04, 4.24312038e-04, 4.62018701e-03],
       ...,
       [6.61842155e-05, 1.39972724e-04, 2.51151520e-04, ...,
        0.00000000e+00, 5.22928703e-03, 2.51361178e-02],
       [2.24402073e-04, 8.05620703e-04, 4.24312038e-04, ...,
        5.22928703e-03, 0.00000000e+00, 2.19051589e-02],
       [3.51680413e-03, 6.32825476e-03, 4.62018701e-03, ...,
        2.51361178e-02, 2.19051589e-02, 0.00000000e+00]], shape=(45, 45)), 'molecular-dipole': array([ 1.02834139,  0.61155853, -1.90128881])}
{'bond-orders': array([[0.00000000e+00, 3.04424291e-01, 1.93298215e-02, ...,
        6.61842155e-05, 2.24402073e-04, 3.51680413e-03],
       [3.04424291e-01, 0.00000000e+00, 1.82607578e-02, ...,
        1.39972724e-04, 8.05620703e-04, 6.32825476e-03],
       [1.93298215e-02, 1.82607578e-02, 0.00000000e+00, ...,
        2.51151520e-04, 4.24312038e-04, 4.62018701e-03],
       ...,
       [6.61842155e-05, 1.39972724e-04, 2.51151520e-04, ...,
        0.00000000e+00, 5.22928703e-03, 2.51361178e-02],
       [2.24402073e-04, 8.05620703e-04, 4.24312038e-04, ...,
        5.22928703e-03, 0.00000000e+00, 2.19051589e-02],
       [3.51680413e-03, 6.32825476e-03, 4.62018701e-03, ...,
        2.51361178e-02, 2.19051589e-02, 0.00000000e+00]], shape=(45, 45)), 'molecular-dipole': array([ 1.02834139,  0.61155853, -1.90128881]), 'molecular-quadrupole': array([  67.22613583,   46.57522032,   49.47638608,  114.03787914,
         45.78619694, -116.70252191])}
------------------------------------------------------------
  cycle        total energy    energy error   density error
------------------------------------------------------------
      1     -163.5415227712  -1.6329918E+02   1.1100034E-03
      2     -163.5314529165   1.0069855E-02   5.7617676E-03
      3     -163.5393339386  -7.8810220E-03   2.9005164E-03
      4     -163.5415529489  -2.2190103E-03   8.1371412E-04
      5     -163.5416152333  -6.2284433E-05   4.9577080E-04
      6     -163.5416307167  -1.5483351E-05   2.5963678E-04
      7     -163.5416335243  -2.8076471E-06   1.4771312E-04
      8     -163.5416349456  -1.4213362E-06   8.8765034E-05
      9     -163.5416353266  -3.8096408E-07   3.4985599E-05
     10     -163.5416353513  -2.4731946E-08   1.7021953E-05
------------------------------------------------------------

 total:                                  11.779 sec
3
{'bond-orders': array([[0.00000000e+00, 3.04447112e-01, 1.92837757e-02, ...,
        6.30642338e-05, 2.26406810e-04, 3.57925649e-03],
       [3.04447112e-01, 0.00000000e+00, 1.82639661e-02, ...,
        1.39682255e-04, 8.08531157e-04, 6.33429046e-03],
       [1.92837757e-02, 1.82639661e-02, 0.00000000e+00, ...,
        2.40797069e-04, 4.25476966e-04, 4.64406934e-03],
       ...,
       [6.30642338e-05, 1.39682255e-04, 2.40797069e-04, ...,
        0.00000000e+00, 5.22285026e-03, 2.46021855e-02],
       [2.26406810e-04, 8.08531157e-04, 4.25476966e-04, ...,
        5.22285026e-03, 0.00000000e+00, 2.19421835e-02],
       [3.57925649e-03, 6.33429046e-03, 4.64406934e-03, ...,
        2.46021855e-02, 2.19421835e-02, 0.00000000e+00]], shape=(45, 45))}
{'bond-orders': array([[0.00000000e+00, 3.04447112e-01, 1.92837757e-02, ...,
        6.30642338e-05, 2.26406810e-04, 3.57925649e-03],
       [3.04447112e-01, 0.00000000e+00, 1.82639661e-02, ...,
        1.39682255e-04, 8.08531157e-04, 6.33429046e-03],
       [1.92837757e-02, 1.82639661e-02, 0.00000000e+00, ...,
        2.40797069e-04, 4.25476966e-04, 4.64406934e-03],
       ...,
       [6.30642338e-05, 1.39682255e-04, 2.40797069e-04, ...,
        0.00000000e+00, 5.22285026e-03, 2.46021855e-02],
       [2.26406810e-04, 8.08531157e-04, 4.25476966e-04, ...,
        5.22285026e-03, 0.00000000e+00, 2.19421835e-02],
       [3.57925649e-03, 6.33429046e-03, 4.64406934e-03, ...,
        2.46021855e-02, 2.19421835e-02, 0.00000000e+00]], shape=(45, 45)), 'molecular-dipole': array([ 1.07399612,  0.66656652, -1.93242135])}
{'bond-orders': array([[0.00000000e+00, 3.04447112e-01, 1.92837757e-02, ...,
        6.30642338e-05, 2.26406810e-04, 3.57925649e-03],
       [3.04447112e-01, 0.00000000e+00, 1.82639661e-02, ...,
        1.39682255e-04, 8.08531157e-04, 6.33429046e-03],
       [1.92837757e-02, 1.82639661e-02, 0.00000000e+00, ...,
        2.40797069e-04, 4.25476966e-04, 4.64406934e-03],
       ...,
       [6.30642338e-05, 1.39682255e-04, 2.40797069e-04, ...,
        0.00000000e+00, 5.22285026e-03, 2.46021855e-02],
       [2.26406810e-04, 8.08531157e-04, 4.25476966e-04, ...,
        5.22285026e-03, 0.00000000e+00, 2.19421835e-02],
       [3.57925649e-03, 6.33429046e-03, 4.64406934e-03, ...,
        2.46021855e-02, 2.19421835e-02, 0.00000000e+00]], shape=(45, 45)), 'molecular-dipole': array([ 1.07399612,  0.66656652, -1.93242135]), 'molecular-quadrupole': array([  69.08583375,   49.10159768,   50.96585178,  119.03272863,
         52.38814179, -120.05168553])}
------------------------------------------------------------
  cycle        total energy    energy error   density error
------------------------------------------------------------
      1     -163.5420043861  -1.6329865E+02   1.0094386E-03
      2     -163.5286352617   1.3369124E-02   6.5546708E-03
      3     -163.5408546216  -1.2219360E-02   2.2256511E-03
      4     -163.5420837150  -1.2290933E-03   7.1894257E-04
      5     -163.5421220595  -3.8344539E-05   2.9582459E-04
      6     -163.5421246775  -2.6179580E-06   1.7789304E-04
      7     -163.5421255286  -8.5116190E-07   1.1505596E-04
      8     -163.5421261718  -6.4319829E-07   5.4795149E-05
      9     -163.5421262985  -1.2664819E-07   2.4033591E-05
     10     -163.5421263046  -6.1107812E-09   1.3796394E-05
------------------------------------------------------------

 total:                                  11.839 sec
3
{'bond-orders': array([[0.00000000e+00, 3.04512143e-01, 1.92812564e-02, ...,
        6.21737871e-05, 2.32459140e-04, 3.63885278e-03],
       [3.04512143e-01, 0.00000000e+00, 1.82593864e-02, ...,
        1.43619345e-04, 8.21070752e-04, 6.33646927e-03],
       [1.92812564e-02, 1.82593864e-02, 0.00000000e+00, ...,
        2.36636452e-04, 4.39194064e-04, 4.70211494e-03],
       ...,
       [6.21737871e-05, 1.43619345e-04, 2.36636452e-04, ...,
        0.00000000e+00, 5.21927947e-03, 2.41717859e-02],
       [2.32459140e-04, 8.21070752e-04, 4.39194064e-04, ...,
        5.21927947e-03, 0.00000000e+00, 2.20560246e-02],
       [3.63885278e-03, 6.33646927e-03, 4.70211494e-03, ...,
        2.41717859e-02, 2.20560246e-02, 0.00000000e+00]], shape=(45, 45))}
{'bond-orders': array([[0.00000000e+00, 3.04512143e-01, 1.92812564e-02, ...,
        6.21737871e-05, 2.32459140e-04, 3.63885278e-03],
       [3.04512143e-01, 0.00000000e+00, 1.82593864e-02, ...,
        1.43619345e-04, 8.21070752e-04, 6.33646927e-03],
       [1.92812564e-02, 1.82593864e-02, 0.00000000e+00, ...,
        2.36636452e-04, 4.39194064e-04, 4.70211494e-03],
       ...,
       [6.21737871e-05, 1.43619345e-04, 2.36636452e-04, ...,
        0.00000000e+00, 5.21927947e-03, 2.41717859e-02],
       [2.32459140e-04, 8.21070752e-04, 4.39194064e-04, ...,
        5.21927947e-03, 0.00000000e+00, 2.20560246e-02],
       [3.63885278e-03, 6.33646927e-03, 4.70211494e-03, ...,
        2.41717859e-02, 2.20560246e-02, 0.00000000e+00]], shape=(45, 45)), 'molecular-dipole': array([ 1.11234795,  0.72008888, -1.95801342])}
{'bond-orders': array([[0.00000000e+00, 3.04512143e-01, 1.92812564e-02, ...,
        6.21737871e-05, 2.32459140e-04, 3.63885278e-03],
       [3.04512143e-01, 0.00000000e+00, 1.82593864e-02, ...,
        1.43619345e-04, 8.21070752e-04, 6.33646927e-03],
       [1.92812564e-02, 1.82593864e-02, 0.00000000e+00, ...,
        2.36636452e-04, 4.39194064e-04, 4.70211494e-03],
       ...,
       [6.21737871e-05, 1.43619345e-04, 2.36636452e-04, ...,
        0.00000000e+00, 5.21927947e-03, 2.41717859e-02],
       [2.32459140e-04, 8.21070752e-04, 4.39194064e-04, ...,
        5.21927947e-03, 0.00000000e+00, 2.20560246e-02],
       [3.63885278e-03, 6.33646927e-03, 4.70211494e-03, ...,
        2.41717859e-02, 2.20560246e-02, 0.00000000e+00]], shape=(45, 45)), 'molecular-dipole': array([ 1.11234795,  0.72008888, -1.95801342]), 'molecular-quadrupole': array([  70.41636068,   51.21106663,   52.29979235,  123.11517081,
         58.75827385, -122.71615303])}
------------------------------------------------------------
  cycle        total energy    energy error   density error
------------------------------------------------------------
      1     -163.5425663156  -1.6329905E+02   8.0085572E-04
      2     -163.5390778796   3.4884360E-03   3.4421695E-03
      3     -163.5401222475  -1.0443680E-03   2.8605049E-03
      4     -163.5425797994  -2.4575519E-03   6.4327448E-04
      5     -163.5425920391  -1.2239671E-05   3.5593650E-04
      6     -163.5426021685  -1.0129475E-05   2.2628236E-04
      7     -163.5426077607  -5.5921284E-06   1.0108684E-04
      8     -163.5426082216  -4.6091259E-07   4.1311401E-05
      9     -163.5426082744  -5.2830046E-08   1.9739400E-05
------------------------------------------------------------

 total:                                  10.748 sec
3
{'bond-orders': array([[0.00000000e+00, 3.04619262e-01, 1.93215396e-02, ...,
        6.53162646e-05, 2.42773997e-04, 3.67914615e-03],
       [3.04619262e-01, 0.00000000e+00, 1.82433616e-02, ...,
        1.52744001e-04, 8.41982646e-04, 6.33338950e-03],
       [1.93215396e-02, 1.82433616e-02, 0.00000000e+00, ...,
        2.43038856e-04, 4.65711517e-04, 4.78992551e-03],
       ...,
       [6.53162646e-05, 1.52744001e-04, 2.43038856e-04, ...,
        0.00000000e+00, 5.21977612e-03, 2.40315741e-02],
       [2.42773997e-04, 8.41982646e-04, 4.65711517e-04, ...,
        5.21977612e-03, 0.00000000e+00, 2.22146872e-02],
       [3.67914615e-03, 6.33338950e-03, 4.78992551e-03, ...,
        2.40315741e-02, 2.22146872e-02, 0.00000000e+00]], shape=(45, 45))}
{'bond-orders': array([[0.00000000e+00, 3.04619262e-01, 1.93215396e-02, ...,
