/home/ans819/.conda/envs/autoflow/lib/python3.13/site-packages/e3nn/o3/_wigner.py:10: UserWarning: Environment variable TORCH_FORCE_NO_WEIGHTS_ONLY_LOAD detected, since the`weights_only` argument was not explicitly passed to `torch.load`, forcing weights_only=False.
  _Jd, _W3j_flat, _W3j_indices = torch.load(os.path.join(os.path.dirname(__file__), 'constants.pt'))

          ==================== Thresholds ====================
          CN  :   150.00000
          rep :   500.00000
          disp:  2500.00000
          HB1 :   250.00000
          HB2 :   450.00000

          Pauling EN used:
          Z : 1  EN :  2.20
          Z : 6  EN :  2.55
          Z : 8  EN :  3.44
          Z :47  EN :  1.93
          electric field strengths (au): 0.000

           ------------------------------------------------- 
          |           Force Field Initialization            |
           ------------------------------------------------- 

          distances ...
          ----------------------------------------
          generating topology and atomic info file ...
          pair mat ...
          computing topology distances matrix with Floyd-Warshall algo ...
          making topology EEQ charges ...
          #fragments for EEQ constrain: 1
          ----------------------------------------
          generating topology and atomic info file ...
          pair mat ...
          computing topology distances matrix with Floyd-Warshall algo ...
          making topology EEQ charges ...
          #fragments for EEQ constrain: 1
          rings ...
          # BATM   3238
          # H in HB   0

  atom   neighbors  erfCN metchar sp-hybrid imet pi  qest     coordinates
    1  Ag      2    1.35   0.37         2    2    0   0.000    3.199451    0.356229   26.332409
    2  Ag      5    3.15   0.31         0    2    0   0.015    6.689760    4.630967   26.332409
    3  Ag      9    4.27   0.07         0    2    0   0.009   15.415533    8.193249   27.925510
    4  Ag      7    3.92   0.19         0    2    0   0.013   11.925224    3.918511   27.925510
    5  Ag      7    3.92   0.19         0    2    0   0.013   20.650997    7.480793   29.518611
    6  Ag      6    3.59   0.27         0    2    0   0.012   17.160688    3.206054   29.518611
    7  Ag      9    4.27   0.07         0    2    0   0.007    8.434915    6.768336   31.111712
    8  Ag      6    3.59   0.23         0    2    0   0.019    4.944605    2.493598   31.111712
    9  Ag     12    4.39   0.01         0    2    0   0.009   13.670379    6.055880   32.704813
   10  Ag      7    3.92   0.19         0    2    0   0.025   10.180069    1.781141   32.704813
   11  Ag      9    4.27   0.07         0    2    0   0.019   18.905843    5.343423   34.297914
   12  Ag      6    3.59   0.27         0    2    0   0.025   15.415533    1.068685   34.297914
   13  Ag      8    4.14   0.11         0    2    0   0.024    6.689760    4.630967   35.891014
   14  Ag      3    2.00   0.37         2    2    0   0.013    3.199451    0.356229   35.891014
   15  Ag      9    4.21   0.10         0    2    0   0.088   11.925224    3.918511   37.484115
   16  Ag     11    4.36   0.03         0    2    0   0.083   15.415533    8.193249   37.484115
   17  Ag      5    3.22   0.36         0    2    0   0.019   17.160688    3.206054   39.077216
   18  Ag      6    3.59   0.26         0    2    0   0.025   20.650997    7.480793   39.077216
   19  Ag      3    2.00   0.37         2    2    0   0.012    4.944605    2.493598   40.670317
   20  Ag      5    3.17   0.32         0    2    0   0.029    8.434915    6.768336   40.670317
   21  Ag      6    3.59   0.26         0    2    0   0.010   10.180069    8.905705   26.332409
   22  Ag      5    3.15   0.34         0    2    0   0.011   13.670379   13.180444   26.332409
   23  Ag      4    2.61   0.38         3    2    0   0.014   22.396152   16.742726   27.925510
   24  Ag      8    4.14   0.12         0    2    0   0.014   18.905843   12.467987   27.925510
   25  Ag      3    2.00   0.39         2    2    0   0.007   27.631616   16.030269   29.518611
   26  Ag      7    3.92   0.19         0    2    0   0.011   24.141307   11.755531   29.518611
   27  Ag      6    3.59   0.27         0    2    0   0.014   15.415533   15.317813   31.111712
   28  Ag      9    4.27   0.07         0    2    0   0.006   11.925224   11.043075   31.111712
   29  Ag      9    4.27   0.07         0    2    0   0.011   20.650997   14.605357   32.704813
/home/ans819/.conda/envs/autoflow/lib/python3.13/site-packages/mace/calculators/mace.py:197: UserWarning: Environment variable TORCH_FORCE_NO_WEIGHTS_ONLY_LOAD detected, since the`weights_only` argument was not explicitly passed to `torch.load`, forcing weights_only=False.
  torch.load(f=model_path, map_location=device)
/home/ans819/.conda/envs/autoflow/lib/python3.13/site-packages/chgnet/model/model.py:898: UserWarning: Converting a tensor with requires_grad=True to a scalar may lead to unexpected behavior.
Consider using tensor.detach() first. (Triggered internally at /pytorch/torch/csrc/autograd/generated/python_variable_methods.cpp:836.)
  volumes = torch.tensor(volumes, dtype=TORCH_DTYPE, device=atomic_numbers.device)
cuequivariance or cuequivariance_torch is not available. Cuequivariance acceleration will be disabled.
------------------------------------------------------------
  cycle        total energy    energy error   density error
------------------------------------------------------------
      1     -163.3032369875  -1.6305833E+02   9.9809343E-01
      2     -162.2653540133   1.0378830E+00   6.1840426E-01
      3      160.8767239492   3.2314208E+02   1.6155087E+00
      4     -132.0329894378  -2.9290971E+02   6.1310176E-01
      5     -13.35233925304   1.1868065E+02   8.7568621E-01
      6     -150.6904678698  -1.3733813E+02   2.4214500E-01
      7     -154.4705107927  -3.7800429E+00   1.8780752E-01
      8     -162.4906759909  -8.0201652E+00   7.6368794E-02
      9     -163.1276120673  -6.3693608E-01   5.7870195E-02
     10     -163.4959895237  -3.6837746E-01   3.6365370E-02
     11     -163.5381023505  -4.2112827E-02   3.0366115E-02
     12     -163.5634935371  -2.5391187E-02   2.4493467E-02
     13     -163.5555921896   7.9013474E-03   2.2907301E-02
     14     -163.5602691936  -4.6770039E-03   2.0519803E-02
     15     -163.5656459632  -5.3767696E-03   1.7951487E-02
     16     -163.5668027470  -1.1567837E-03   1.5282309E-02
     17     -163.5674518660  -6.4911910E-04   1.3740000E-02
     18     -163.5680720364  -6.2017037E-04   1.2347642E-02
     19     -163.5683241739  -2.5213746E-04   1.1514216E-02
     20     -163.5686978328  -3.7365890E-04   9.6453124E-03
     21     -163.5689019086  -2.0407586E-04   8.2599136E-03
     22     -163.5690405958  -1.3868713E-04   7.5245110E-03
     23     -163.5694093802  -3.6878440E-04   5.7092425E-03
     24     -163.5696698493  -2.6046911E-04   3.6730059E-03
     25     -163.5697947964  -1.2494713E-04   2.7527682E-03
     26     -163.5698071006  -1.2304181E-05   2.5839876E-03
     27     -163.5697939105   1.3190096E-05   2.2955119E-03
     28     -163.5697965498  -2.6393369E-06   2.0418622E-03
     29     -163.5698004962  -3.9463227E-06   1.9593124E-03
     30     -163.5698164094  -1.5913250E-05   1.6856231E-03
     31     -163.5698427946  -2.6385151E-05   1.0835121E-03
     32     -163.5698600286  -1.7234046E-05   7.3965055E-04
     33     -163.5698729049  -1.2876315E-05   3.6292859E-04
     34     -163.5698750496  -2.1447021E-06   7.8584306E-05
     35     -163.5698753487  -2.9904973E-07   3.2131321E-05
     36     -163.5698753718  -2.3183901E-08   7.4388936E-06
------------------------------------------------------------

 total:                                  20.733 sec
3
{'bond-orders': array([[0.00000000e+00, 3.10148922e-01, 2.16560306e-02, ...,
        4.96992362e-05, 6.05481130e-05, 1.67522421e-03],
       [3.10148922e-01, 0.00000000e+00, 2.10296114e-02, ...,
        3.48228576e-05, 1.30785462e-04, 1.59073594e-03],
       [2.16560306e-02, 2.10296114e-02, 0.00000000e+00, ...,
        1.11875275e-04, 1.46884381e-04, 2.44176242e-03],
       ...,
       [4.96992362e-05, 3.48228576e-05, 1.11875275e-04, ...,
        0.00000000e+00, 4.24385917e-03, 2.16726518e-02],
       [6.05481130e-05, 1.30785462e-04, 1.46884381e-04, ...,
        4.24385917e-03, 0.00000000e+00, 1.79520035e-02],
       [1.67522421e-03, 1.59073594e-03, 2.44176242e-03, ...,
        2.16726518e-02, 1.79520035e-02, 0.00000000e+00]], shape=(45, 45))}
{'bond-orders': array([[0.00000000e+00, 3.10148922e-01, 2.16560306e-02, ...,
        4.96992362e-05, 6.05481130e-05, 1.67522421e-03],
       [3.10148922e-01, 0.00000000e+00, 2.10296114e-02, ...,
        3.48228576e-05, 1.30785462e-04, 1.59073594e-03],
       [2.16560306e-02, 2.10296114e-02, 0.00000000e+00, ...,
        1.11875275e-04, 1.46884381e-04, 2.44176242e-03],
       ...,
       [4.96992362e-05, 3.48228576e-05, 1.11875275e-04, ...,
        0.00000000e+00, 4.24385917e-03, 2.16726518e-02],
       [6.05481130e-05, 1.30785462e-04, 1.46884381e-04, ...,
        4.24385917e-03, 0.00000000e+00, 1.79520035e-02],
       [1.67522421e-03, 1.59073594e-03, 2.44176242e-03, ...,
        2.16726518e-02, 1.79520035e-02, 0.00000000e+00]], shape=(45, 45)), 'molecular-dipole': array([-0.23159674,  0.35346275,  0.49368583])}
{'bond-orders': array([[0.00000000e+00, 3.10148922e-01, 2.16560306e-02, ...,
        4.96992362e-05, 6.05481130e-05, 1.67522421e-03],
       [3.10148922e-01, 0.00000000e+00, 2.10296114e-02, ...,
        3.48228576e-05, 1.30785462e-04, 1.59073594e-03],
       [2.16560306e-02, 2.10296114e-02, 0.00000000e+00, ...,
        1.11875275e-04, 1.46884381e-04, 2.44176242e-03],
       ...,
       [4.96992362e-05, 3.48228576e-05, 1.11875275e-04, ...,
        0.00000000e+00, 4.24385917e-03, 2.16726518e-02],
       [6.05481130e-05, 1.30785462e-04, 1.46884381e-04, ...,
        4.24385917e-03, 0.00000000e+00, 1.79520035e-02],
       [1.67522421e-03, 1.59073594e-03, 2.44176242e-03, ...,
        2.16726518e-02, 1.79520035e-02, 0.00000000e+00]], shape=(45, 45)), 'molecular-dipole': array([-0.23159674,  0.35346275,  0.49368583]), 'molecular-quadrupole': array([-56.3120597 ,  26.99644952, -36.80825963,  16.54578371,
        54.50979631,  93.12031933])}
------------------------------------------------------------
  cycle        total energy    energy error   density error
------------------------------------------------------------
      1     -163.5702804488  -1.6332612E+02   8.5697555E-04
      2     -163.5700201737   2.6027516E-04   1.2394558E-03
      3     -163.5669819835   3.0381902E-03   3.2681668E-03
      4     -163.5698463461  -2.8643626E-03   1.4558652E-03
      5     -163.5702782765  -4.3193046E-04   4.5281291E-04
      6     -163.5702873069  -9.0303477E-06   2.1963000E-04
      7     -163.5702909991  -3.6922248E-06   9.5511074E-05
      8     -163.5702912737  -2.7462076E-07   6.7558201E-05
      9     -163.5702914365  -1.6277056E-07   3.7761477E-05
     10     -163.5702915649  -1.2834695E-07   2.4617061E-05
     11     -163.5702916618  -9.6942017E-08   1.2431145E-05
------------------------------------------------------------

 total:                                  12.992 sec
3
{'bond-orders': array([[0.00000000e+00, 3.10167021e-01, 2.16644518e-02, ...,
        4.81924031e-05, 5.66928278e-05, 1.67038459e-03],
       [3.10167021e-01, 0.00000000e+00, 2.10409287e-02, ...,
        3.45607998e-05, 1.20888436e-04, 1.57920644e-03],
       [2.16644518e-02, 2.10409287e-02, 0.00000000e+00, ...,
        1.10261721e-04, 1.32568197e-04, 2.45122036e-03],
       ...,
       [4.81924031e-05, 3.45607998e-05, 1.10261721e-04, ...,
        0.00000000e+00, 4.18120007e-03, 2.13583803e-02],
       [5.66928278e-05, 1.20888436e-04, 1.32568197e-04, ...,
        4.18120007e-03, 0.00000000e+00, 1.72360774e-02],
       [1.67038459e-03, 1.57920644e-03, 2.45122036e-03, ...,
        2.13583803e-02, 1.72360774e-02, 0.00000000e+00]], shape=(45, 45))}
{'bond-orders': array([[0.00000000e+00, 3.10167021e-01, 2.16644518e-02, ...,
        4.81924031e-05, 5.66928278e-05, 1.67038459e-03],
       [3.10167021e-01, 0.00000000e+00, 2.10409287e-02, ...,
        3.45607998e-05, 1.20888436e-04, 1.57920644e-03],
       [2.16644518e-02, 2.10409287e-02, 0.00000000e+00, ...,
        1.10261721e-04, 1.32568197e-04, 2.45122036e-03],
       ...,
       [4.81924031e-05, 3.45607998e-05, 1.10261721e-04, ...,
        0.00000000e+00, 4.18120007e-03, 2.13583803e-02],
       [5.66928278e-05, 1.20888436e-04, 1.32568197e-04, ...,
        4.18120007e-03, 0.00000000e+00, 1.72360774e-02],
       [1.67038459e-03, 1.57920644e-03, 2.45122036e-03, ...,
        2.13583803e-02, 1.72360774e-02, 0.00000000e+00]], shape=(45, 45)), 'molecular-dipole': array([-0.22409108,  0.35846472,  0.51845261])}
{'bond-orders': array([[0.00000000e+00, 3.10167021e-01, 2.16644518e-02, ...,
        4.81924031e-05, 5.66928278e-05, 1.67038459e-03],
       [3.10167021e-01, 0.00000000e+00, 2.10409287e-02, ...,
        3.45607998e-05, 1.20888436e-04, 1.57920644e-03],
       [2.16644518e-02, 2.10409287e-02, 0.00000000e+00, ...,
        1.10261721e-04, 1.32568197e-04, 2.45122036e-03],
       ...,
       [4.81924031e-05, 3.45607998e-05, 1.10261721e-04, ...,
        0.00000000e+00, 4.18120007e-03, 2.13583803e-02],
       [5.66928278e-05, 1.20888436e-04, 1.32568197e-04, ...,
        4.18120007e-03, 0.00000000e+00, 1.72360774e-02],
       [1.67038459e-03, 1.57920644e-03, 2.45122036e-03, ...,
        2.13583803e-02, 1.72360774e-02, 0.00000000e+00]], shape=(45, 45)), 'molecular-dipole': array([-0.22409108,  0.35846472,  0.51845261]), 'molecular-quadrupole': array([-57.17229162,  27.34792417, -37.81727449,  18.45752356,
        55.68997028,  94.98956611])}
------------------------------------------------------------
  cycle        total energy    energy error   density error
------------------------------------------------------------
      1     -163.5704703010  -1.6332706E+02   5.7779633E-04
      2     -163.5649680914   5.5022096E-03   4.2366792E-03
      3     -163.5702341762  -5.2660848E-03   1.0280914E-03
      4     -163.5704974180  -2.6324185E-04   3.8962695E-04
      5     -163.5705039244  -6.5063849E-06   2.7087103E-04
      6     -163.5705073265  -3.4021266E-06   1.6118239E-04
      7     -163.5705086136  -1.2871237E-06   4.1289435E-05
      8     -163.5705086532  -3.9545256E-08   3.4218724E-05
      9     -163.5705086878  -3.4644813E-08   1.8602855E-05
------------------------------------------------------------

 total:                                  12.378 sec
3
{'bond-orders': array([[0.00000000e+00, 3.10172728e-01, 2.16668913e-02, ...,
        4.77489140e-05, 5.41277984e-05, 1.67294690e-03],
       [3.10172728e-01, 0.00000000e+00, 2.10499695e-02, ...,
        3.45610363e-05, 1.16415980e-04, 1.57018942e-03],
       [2.16668913e-02, 2.10499695e-02, 0.00000000e+00, ...,
        1.09863300e-04, 1.28126205e-04, 2.45905234e-03],
       ...,
       [4.77489140e-05, 3.45610363e-05, 1.09863300e-04, ...,
        0.00000000e+00, 4.21226310e-03, 2.12487410e-02],
       [5.41277984e-05, 1.16415980e-04, 1.28126205e-04, ...,
        4.21226310e-03, 0.00000000e+00, 1.71397753e-02],
       [1.67294690e-03, 1.57018942e-03, 2.45905234e-03, ...,
        2.12487410e-02, 1.71397753e-02, 0.00000000e+00]], shape=(45, 45))}
{'bond-orders': array([[0.00000000e+00, 3.10172728e-01, 2.16668913e-02, ...,
        4.77489140e-05, 5.41277984e-05, 1.67294690e-03],
       [3.10172728e-01, 0.00000000e+00, 2.10499695e-02, ...,
        3.45610363e-05, 1.16415980e-04, 1.57018942e-03],
       [2.16668913e-02, 2.10499695e-02, 0.00000000e+00, ...,
        1.09863300e-04, 1.28126205e-04, 2.45905234e-03],
       ...,
       [4.77489140e-05, 3.45610363e-05, 1.09863300e-04, ...,
        0.00000000e+00, 4.21226310e-03, 2.12487410e-02],
       [5.41277984e-05, 1.16415980e-04, 1.28126205e-04, ...,
        4.21226310e-03, 0.00000000e+00, 1.71397753e-02],
       [1.67294690e-03, 1.57018942e-03, 2.45905234e-03, ...,
        2.12487410e-02, 1.71397753e-02, 0.00000000e+00]], shape=(45, 45)), 'molecular-dipole': array([-0.2175805 ,  0.36499067,  0.52452661])}
{'bond-orders': array([[0.00000000e+00, 3.10172728e-01, 2.16668913e-02, ...,
        4.77489140e-05, 5.41277984e-05, 1.67294690e-03],
       [3.10172728e-01, 0.00000000e+00, 2.10499695e-02, ...,
        3.45610363e-05, 1.16415980e-04, 1.57018942e-03],
       [2.16668913e-02, 2.10499695e-02, 0.00000000e+00, ...,
        1.09863300e-04, 1.28126205e-04, 2.45905234e-03],
       ...,
       [4.77489140e-05, 3.45610363e-05, 1.09863300e-04, ...,
        0.00000000e+00, 4.21226310e-03, 2.12487410e-02],
       [5.41277984e-05, 1.16415980e-04, 1.28126205e-04, ...,
        4.21226310e-03, 0.00000000e+00, 1.71397753e-02],
       [1.67294690e-03, 1.57018942e-03, 2.45905234e-03, ...,
        2.12487410e-02, 1.71397753e-02, 0.00000000e+00]], shape=(45, 45)), 'molecular-dipole': array([-0.2175805 ,  0.36499067,  0.52452661]), 'molecular-quadrupole': array([-57.33421925,  27.75874913, -38.05605696,  19.52582678,
        56.62240442,  95.39027621])}
------------------------------------------------------------
  cycle        total energy    energy error   density error
------------------------------------------------------------
      1     -163.5706569642  -1.6332788E+02   6.0772802E-04
      2     -163.5664414048   4.2155594E-03   3.7385302E-03
      3     -163.5701544288  -3.7130240E-03   1.3975713E-03
      4     -163.5706829145  -5.2848569E-04   2.9984836E-04
      5     -163.5706884638  -5.5493249E-06   2.0719584E-04
      6     -163.5706866850   1.7788346E-06   2.6028288E-04
      7     -163.5706911429  -4.4579068E-06   6.7091575E-05
      8     -163.5706913841  -2.4119677E-07   3.1872290E-05
      9     -163.5706914165  -3.2350272E-08   1.8066413E-05
------------------------------------------------------------

 total:                                  12.414 sec
3
{'bond-orders': array([[0.00000000e+00, 3.10165911e-01, 2.16708644e-02, ...,
        4.79341058e-05, 5.14510066e-05, 1.68135757e-03],
       [3.10165911e-01, 0.00000000e+00, 2.10610338e-02, ...,
        3.47724597e-05, 1.13805065e-04, 1.55947994e-03],
       [2.16708644e-02, 2.10610338e-02, 0.00000000e+00, ...,
        1.10285801e-04, 1.28340327e-04, 2.46409805e-03],
       ...,
       [4.79341058e-05, 3.47724597e-05, 1.10285801e-04, ...,
        0.00000000e+00, 4.33064243e-03, 2.12932191e-02],
       [5.14510066e-05, 1.13805065e-04, 1.28340327e-04, ...,
        4.33064243e-03, 0.00000000e+00, 1.74394904e-02],
       [1.68135757e-03, 1.55947994e-03, 2.46409805e-03, ...,
        2.12932191e-02, 1.74394904e-02, 0.00000000e+00]], shape=(45, 45))}
{'bond-orders': array([[0.00000000e+00, 3.10165911e-01, 2.16708644e-02, ...,
        4.79341058e-05, 5.14510066e-05, 1.68135757e-03],
       [3.10165911e-01, 0.00000000e+00, 2.10610338e-02, ...,
        3.47724597e-05, 1.13805065e-04, 1.55947994e-03],
       [2.16708644e-02, 2.10610338e-02, 0.00000000e+00, ...,
        1.10285801e-04, 1.28340327e-04, 2.46409805e-03],
       ...,
       [4.79341058e-05, 3.47724597e-05, 1.10285801e-04, ...,
        0.00000000e+00, 4.33064243e-03, 2.12932191e-02],
       [5.14510066e-05, 1.13805065e-04, 1.28340327e-04, ...,
        4.33064243e-03, 0.00000000e+00, 1.74394904e-02],
       [1.68135757e-03, 1.55947994e-03, 2.46409805e-03, ...,
        2.12932191e-02, 1.74394904e-02, 0.00000000e+00]], shape=(45, 45)), 'molecular-dipole': array([-0.21426934,  0.36957364,  0.51787628])}
{'bond-orders': array([[0.00000000e+00, 3.10165911e-01, 2.16708644e-02, ...,
        4.79341058e-05, 5.14510066e-05, 1.68135757e-03],
       [3.10165911e-01, 0.00000000e+00, 2.10610338e-02, ...,
        3.47724597e-05, 1.13805065e-04, 1.55947994e-03],
       [2.16708644e-02, 2.10610338e-02, 0.00000000e+00, ...,
        1.10285801e-04, 1.28340327e-04, 2.46409805e-03],
       ...,
       [4.79341058e-05, 3.47724597e-05, 1.10285801e-04, ...,
        0.00000000e+00, 4.33064243e-03, 2.12932191e-02],
       [5.14510066e-05, 1.13805065e-04, 1.28340327e-04, ...,
        4.33064243e-03, 0.00000000e+00, 1.74394904e-02],
       [1.68135757e-03, 1.55947994e-03, 2.46409805e-03, ...,
        2.12932191e-02, 1.74394904e-02, 0.00000000e+00]], shape=(45, 45)), 'molecular-dipole': array([-0.21426934,  0.36957364,  0.51787628]), 'molecular-quadrupole': array([-57.02074742,  28.15782239, -37.82539352,  19.69846829,
        57.04083275,  94.84614094])}
------------------------------------------------------------
  cycle        total energy    energy error   density error
------------------------------------------------------------
      1     -163.5707306758  -1.6332791E+02   3.5701148E-04
      2     -163.5692683748   1.4623010E-03   2.2226164E-03
      3     -163.5705007953  -1.2324205E-03   9.3206069E-04
      4     -163.5707402691  -2.3947380E-04   1.8947709E-04
      5     -163.5707390070   1.2621690E-06   1.7473064E-04
      6     -163.5707405931  -1.5861397E-06   1.2277681E-04
      7     -163.5707417632  -1.1701358E-06   4.0163711E-05
      8     -163.5707418902  -1.2694986E-07   2.4580483E-05
      9     -163.5707419067  -1.6501986E-08   1.2371803E-05
------------------------------------------------------------

 total:                                  12.376 sec
3
{'bond-orders': array([[0.00000000e+00, 3.10168125e-01, 2.16620939e-02, ...,
        4.83462487e-05, 5.07244368e-05, 1.68770246e-03],
       [3.10168125e-01, 0.00000000e+00, 2.10617808e-02, ...,
        3.49174383e-05, 1.14261368e-04, 1.55702078e-03],
       [2.16620939e-02, 2.10617808e-02, 0.00000000e+00, ...,
        1.10851654e-04, 1.31102191e-04, 2.46312693e-03],
       ...,
       [4.83462487e-05, 3.49174383e-05, 1.10851654e-04, ...,
        0.00000000e+00, 4.41380412e-03, 2.14222739e-02],
       [5.07244368e-05, 1.14261368e-04, 1.31102191e-04, ...,
        4.41380412e-03, 0.00000000e+00, 1.77535342e-02],
       [1.68770246e-03, 1.55702078e-03, 2.46312693e-03, ...,
        2.14222739e-02, 1.77535342e-02, 0.00000000e+00]], shape=(45, 45))}
{'bond-orders': array([[0.00000000e+00, 3.10168125e-01, 2.16620939e-02, ...,
        4.83462487e-05, 5.07244368e-05, 1.68770246e-03],
       [3.10168125e-01, 0.00000000e+00, 2.10617808e-02, ...,
        3.49174383e-05, 1.14261368e-04, 1.55702078e-03],
       [2.16620939e-02, 2.10617808e-02, 0.00000000e+00, ...,
        1.10851654e-04, 1.31102191e-04, 2.46312693e-03],
       ...,
       [4.83462487e-05, 3.49174383e-05, 1.10851654e-04, ...,
        0.00000000e+00, 4.41380412e-03, 2.14222739e-02],
       [5.07244368e-05, 1.14261368e-04, 1.31102191e-04, ...,
        4.41380412e-03, 0.00000000e+00, 1.77535342e-02],
       [1.68770246e-03, 1.55702078e-03, 2.46312693e-03, ...,
        2.14222739e-02, 1.77535342e-02, 0.00000000e+00]], shape=(45, 45)), 'molecular-dipole': array([-0.21135211,  0.37361865,  0.51208861])}
{'bond-orders': array([[0.00000000e+00, 3.10168125e-01, 2.16620939e-02, ...,
        4.83462487e-05, 5.07244368e-05, 1.68770246e-03],
       [3.10168125e-01, 0.00000000e+00, 2.10617808e-02, ...,
        3.49174383e-05, 1.14261368e-04, 1.55702078e-03],
       [2.16620939e-02, 2.10617808e-02, 0.00000000e+00, ...,
        1.10851654e-04, 1.31102191e-04, 2.46312693e-03],
       ...,
       [4.83462487e-05, 3.49174383e-05, 1.10851654e-04, ...,
        0.00000000e+00, 4.41380412e-03, 2.14222739e-02],
       [5.07244368e-05, 1.14261368e-04, 1.31102191e-04, ...,
        4.41380412e-03, 0.00000000e+00, 1.77535342e-02],
       [1.68770246e-03, 1.55702078e-03, 2.46312693e-03, ...,
        2.14222739e-02, 1.77535342e-02, 0.00000000e+00]], shape=(45, 45)), 'molecular-dipole': array([-0.21135211,  0.37361865,  0.51208861]), 'molecular-quadrupole': array([-56.7184073 ,  28.41972468, -37.56879652,  19.82229585,
        57.42033329,  94.28720383])}
Using Materials Project MACE for MACECalculator with /home/ans819/.cache/mace/20231203mace128L1_epoch199model
Using float32 for MACECalculator, which is faster but less accurate. Recommended for MD. Use float64 for geometry optimization.
Using head Default out of ['Default']
Default dtype float32 does not match model dtype float64, converting models to float32.
CHGNet v0.3.0 initialized with 412,525 parameters
CHGNet will run on cpu
   30  Ag     12    4.39   0.01         0    2    0   0.016   17.160688   10.330618   32.704813
   31  Ag      7    3.92   0.18         0    2    0   0.012   25.886461   13.892900   34.297914
   32  Ag      9    4.27   0.07         0    2    0   0.009   22.396152    9.618162   34.297914
   33  Ag      8    4.14   0.12         0    2    0   0.021   13.670379   13.180444   35.891014
   34  Ag      9    4.27   0.07         0    2    0   0.011   10.180069    8.905705   35.891014
   35  Ag      9    4.27   0.07         0    2    0   0.021   18.905843   12.467987   37.484115
   36  Ag      5    3.15   0.34         0    2    0   0.020   22.396152   16.742726   37.484115
   37  Ag      6    3.59   0.26         0    2    0   0.017   24.141307   11.755531   39.077216
   38  Ag      3    2.00   0.41         2    2    0   0.008   27.631616   16.030269   39.077216
   39  Ag      5    3.17   0.32         0    2    0   0.028   11.925224   11.043075   40.670317
   40  Ag      3    2.00   0.39         2    2    0   0.007   15.415533   15.317813   40.670317
   41  C       4    3.48   0.00         3    0    0   0.035   13.670379    6.055880   43.886734
   42  H       1    0.97   0.01         0    0    0  -0.106   11.733319    6.257317   44.664453
   43  H       1    0.97   0.01         0    0    0  -0.106   14.566848    4.358284   44.697283
   44  H       1    0.97   0.01         0    0    0  -0.106   14.737152    7.762207   44.498236
   45  O       3    1.74   0.00         3    0    0  -0.448   13.670379    6.055880   41.263568

          #atoms :   45
          #bonds :   139
          #angl  :   196
          #tors  :   6
          #nmol  :   1
          #optfrag :   1
