/home/ans819/.conda/envs/autoflow/lib/python3.13/site-packages/e3nn/o3/_wigner.py:10: UserWarning: Environment variable TORCH_FORCE_NO_WEIGHTS_ONLY_LOAD detected, since the`weights_only` argument was not explicitly passed to `torch.load`, forcing weights_only=False.
  _Jd, _W3j_flat, _W3j_indices = torch.load(os.path.join(os.path.dirname(__file__), 'constants.pt'))

          ==================== Thresholds ====================
          CN  :   150.00000
          rep :   500.00000
          disp:  2500.00000
          HB1 :   250.00000
          HB2 :   450.00000

          Pauling EN used:
          Z : 1  EN :  2.20
          Z : 6  EN :  2.55
          Z : 8  EN :  3.44
          Z :47  EN :  1.93
          electric field strengths (au): 0.000

           ------------------------------------------------- 
          |           Force Field Initialization            |
           ------------------------------------------------- 

          distances ...
          ----------------------------------------
          generating topology and atomic info file ...
          pair mat ...
          computing topology distances matrix with Floyd-Warshall algo ...
          making topology EEQ charges ...
          #fragments for EEQ constrain: 1
          ----------------------------------------
          generating topology and atomic info file ...
          pair mat ...
          computing topology distances matrix with Floyd-Warshall algo ...
          making topology EEQ charges ...
          #fragments for EEQ constrain: 1
          rings ...
          # BATM   3251
          # H in HB   0

  atom   neighbors  erfCN metchar sp-hybrid imet pi  qest     coordinates
    1  Ag      2    1.35   0.37         2    2    0   0.003    3.199451    0.356229   26.101360
    2  Ag      5    3.15   0.31         0    2    0   0.017    6.689760    4.630967   26.101360
    3  Ag      9    4.27   0.07         0    2    0   0.009   15.415533    8.193249   27.694461
    4  Ag      7    3.92   0.19         0    2    0   0.013   11.925224    3.918511   27.694461
    5  Ag      7    3.92   0.19         0    2    0   0.017   20.650997    7.480793   29.287562
    6  Ag      6    3.59   0.27         0    2    0   0.019   17.160688    3.206054   29.287562
    7  Ag      9    4.27   0.07         0    2    0   0.009    8.434915    6.768336   30.880663
    8  Ag      6    3.59   0.23         0    2    0   0.018    4.944605    2.493598   30.880663
    9  Ag     12    4.39   0.01         0    2    0   0.007   13.670379    6.055880   32.473764
   10  Ag      7    3.92   0.19         0    2    0   0.017   10.180069    1.781141   32.473764
   11  Ag      9    4.27   0.07         0    2    0   0.025   18.905843    5.343423   34.066864
   12  Ag      6    3.59   0.27         0    2    0   0.030   15.415533    1.068685   34.066864
   13  Ag      8    4.14   0.11         0    2    0   0.018    6.689760    4.630967   35.659965
   14  Ag      3    2.00   0.37         2    2    0   0.013    3.199451    0.356229   35.659965
   15  Ag      8    4.14   0.12         0    2    0   0.026   11.925224    3.918511   37.253066
   16  Ag     10    4.34   0.04         0    2    0   0.023   15.415533    8.193249   37.253066
   17  Ag      6    3.80   0.21         0    2    0   0.109   17.160688    3.206054   38.846167
   18  Ag      7    3.89   0.22         0    2    0   0.064   20.650997    7.480793   38.846167
   19  Ag      3    2.00   0.37         2    2    0   0.012    4.944605    2.493598   40.439268
   20  Ag      5    3.15   0.32         0    2    0   0.022    8.434915    6.768336   40.439268
   21  Ag      6    3.59   0.26         0    2    0   0.013   10.180069    8.905705   26.101360
   22  Ag      5    3.15   0.34         0    2    0   0.014   13.670379   13.180444   26.101360
   23  Ag      4    2.61   0.38         3    2    0   0.015   22.396152   16.742726   27.694461
   24  Ag      8    4.14   0.12         0    2    0   0.011   18.905843   12.467987   27.694461
   25  Ag      3    2.00   0.39         2    2    0   0.010   27.631616   16.030269   29.287562
   26  Ag      7    3.92   0.19         0    2    0   0.018   24.141307   11.755531   29.287562
   27  Ag      6    3.59   0.27         0    2    0   0.013   15.415533   15.317813   30.880663
   28  Ag      9    4.27   0.07         0    2    0   0.008   11.925224   11.043075   30.880663
   29  Ag      9    4.27   0.07         0    2    0   0.012   20.650997   14.605357   32.473764
/home/ans819/.conda/envs/autoflow/lib/python3.13/site-packages/mace/calculators/mace.py:197: UserWarning: Environment variable TORCH_FORCE_NO_WEIGHTS_ONLY_LOAD detected, since the`weights_only` argument was not explicitly passed to `torch.load`, forcing weights_only=False.
  torch.load(f=model_path, map_location=device)
/home/ans819/.conda/envs/autoflow/lib/python3.13/site-packages/chgnet/model/model.py:898: UserWarning: Converting a tensor with requires_grad=True to a scalar may lead to unexpected behavior.
Consider using tensor.detach() first. (Triggered internally at /pytorch/torch/csrc/autograd/generated/python_variable_methods.cpp:836.)
  volumes = torch.tensor(volumes, dtype=TORCH_DTYPE, device=atomic_numbers.device)
cuequivariance or cuequivariance_torch is not available. Cuequivariance acceleration will be disabled.
------------------------------------------------------------
  cycle        total energy    energy error   density error
------------------------------------------------------------
      1     -163.2114062390  -1.6296716E+02   9.9754003E-01
      2     -161.8223567909   1.3890494E+00   6.1930365E-01
      3      270.1400633511   4.3196242E+02   1.7698929E+00
      4     -119.3742892308  -3.8951435E+02   8.8793811E-01
      5     -95.28204141527   2.4092248E+01   5.2272621E-01
      6     -112.2748974374  -1.6992856E+01   4.8918445E-01
      7     -161.2520793340  -4.8977182E+01   1.6535871E-01
      8     -160.5312709233   7.2080841E-01   1.8940761E-01
      9     -162.3138978471  -1.7826269E+00   9.8204132E-02
     10     -163.1665392126  -8.5264137E-01   9.0243079E-02
     11     -163.2887529370  -1.2221372E-01   7.0748611E-02
     12     -163.2639404518   2.4812485E-02   7.0722530E-02
     13     -163.3535171866  -8.9576735E-02   7.1028104E-02
     14     -163.3500411791   3.4760075E-03   6.9277360E-02
     15     -163.3691248905  -1.9083711E-02   6.0873595E-02
     16     -163.4194112921  -5.0286402E-02   5.1776175E-02
     17     -163.4413408546  -2.1929563E-02   4.5622796E-02
     18     -163.4666831025  -2.5342248E-02   3.9830798E-02
     19     -163.4844626272  -1.7779525E-02   3.4180967E-02
     20     -163.5133316139  -2.8868987E-02   2.4113034E-02
     21     -163.5285459270  -1.5214313E-02   1.8072321E-02
     22     -163.5345473902  -6.0014632E-03   1.2981435E-02
     23     -163.5365181589  -1.9707688E-03   1.0101988E-02
     24     -163.5375893953  -1.0712364E-03   8.1973688E-03
     25     -163.5379796747  -3.9027937E-04   7.3507509E-03
     26     -163.5384081346  -4.2845991E-04   6.3033254E-03
     27     -163.5385097522  -1.0161765E-04   5.8572786E-03
     28     -163.5387580371  -2.4828484E-04   5.0728115E-03
     29     -163.5391086415  -3.5060442E-04   3.5716171E-03
     30     -163.5393398670  -2.3122554E-04   1.7349160E-03
     31     -163.5393991521  -5.9285104E-05   7.9688646E-04
     32     -163.5394161134  -1.6961283E-05   2.7141219E-04
     33     -163.5394181045  -1.9910722E-06   2.2502683E-04
     34     -163.5394188611  -7.5666230E-07   1.8477398E-04
     35     -163.5394194826  -6.2141186E-07   1.4341918E-04
     36     -163.5394198582  -3.7566696E-07   1.0594153E-04
     37     -163.5394200354  -1.7713418E-07   8.2711912E-05
     38     -163.5394201884  -1.5308177E-07   4.4319606E-05
     39     -163.5394202330  -4.4580077E-08   1.9689376E-05
------------------------------------------------------------

 total:                                  19.454 sec
3
{'bond-orders': array([[0.00000000e+00, 3.09609508e-01, 2.26574336e-02, ...,
        1.70546342e-04, 1.00827582e-04, 2.96553920e-03],
       [3.09609508e-01, 0.00000000e+00, 2.10405825e-02, ...,
        1.14135367e-04, 5.56366219e-05, 1.56285202e-03],
       [2.26574336e-02, 2.10405825e-02, 0.00000000e+00, ...,
        8.79761992e-05, 4.62040394e-05, 1.05537014e-03],
       ...,
       [1.70546342e-04, 1.14135367e-04, 8.79761992e-05, ...,
        0.00000000e+00, 4.07499459e-03, 2.21716899e-02],
       [1.00827582e-04, 5.56366219e-05, 4.62040394e-05, ...,
        4.07499459e-03, 0.00000000e+00, 1.53307716e-02],
       [2.96553920e-03, 1.56285202e-03, 1.05537014e-03, ...,
        2.21716899e-02, 1.53307716e-02, 0.00000000e+00]], shape=(45, 45))}
{'bond-orders': array([[0.00000000e+00, 3.09609508e-01, 2.26574336e-02, ...,
        1.70546342e-04, 1.00827582e-04, 2.96553920e-03],
       [3.09609508e-01, 0.00000000e+00, 2.10405825e-02, ...,
        1.14135367e-04, 5.56366219e-05, 1.56285202e-03],
       [2.26574336e-02, 2.10405825e-02, 0.00000000e+00, ...,
        8.79761992e-05, 4.62040394e-05, 1.05537014e-03],
       ...,
       [1.70546342e-04, 1.14135367e-04, 8.79761992e-05, ...,
        0.00000000e+00, 4.07499459e-03, 2.21716899e-02],
       [1.00827582e-04, 5.56366219e-05, 4.62040394e-05, ...,
        4.07499459e-03, 0.00000000e+00, 1.53307716e-02],
       [2.96553920e-03, 1.56285202e-03, 1.05537014e-03, ...,
        2.21716899e-02, 1.53307716e-02, 0.00000000e+00]], shape=(45, 45)), 'molecular-dipole': array([-0.46964843,  2.21659992, -0.33730059])}
{'bond-orders': array([[0.00000000e+00, 3.09609508e-01, 2.26574336e-02, ...,
        1.70546342e-04, 1.00827582e-04, 2.96553920e-03],
       [3.09609508e-01, 0.00000000e+00, 2.10405825e-02, ...,
        1.14135367e-04, 5.56366219e-05, 1.56285202e-03],
       [2.26574336e-02, 2.10405825e-02, 0.00000000e+00, ...,
        8.79761992e-05, 4.62040394e-05, 1.05537014e-03],
       ...,
       [1.70546342e-04, 1.14135367e-04, 8.79761992e-05, ...,
        0.00000000e+00, 4.07499459e-03, 2.21716899e-02],
       [1.00827582e-04, 5.56366219e-05, 4.62040394e-05, ...,
        4.07499459e-03, 0.00000000e+00, 1.53307716e-02],
       [2.96553920e-03, 1.56285202e-03, 1.05537014e-03, ...,
        2.21716899e-02, 1.53307716e-02, 0.00000000e+00]], shape=(45, 45)), 'molecular-dipole': array([-0.46964843,  2.21659992, -0.33730059]), 'molecular-quadrupole': array([-29.78987618, 115.21967759,  22.33242882, -43.941463  ,
       270.63243802,   7.45744737])}
------------------------------------------------------------
  cycle        total energy    energy error   density error
------------------------------------------------------------
      1     -163.5412834251  -1.6329800E+02   3.7308022E-03
      2     -163.5240269295   1.7256496E-02   7.9671096E-03
      3     -163.4563834168   6.7643513E-02   1.6400197E-02
      4     -163.5407765602  -8.4393143E-02   3.3155421E-03
      5     -163.5411849329  -4.0837271E-04   2.0704881E-03
      6     -163.5415070042  -3.2207135E-04   1.0737355E-03
      7     -163.5415549884  -4.7984202E-05   5.5486383E-04
      8     -163.5415519352   3.0532627E-06   3.4987707E-04
      9     -163.5415625643  -1.0629148E-05   2.2056534E-04
     10     -163.5415713101  -8.7458050E-06   1.1010972E-04
     11     -163.5415739212  -2.6111043E-06   4.0620131E-05
     12     -163.5415742794  -3.5816345E-07   1.4407784E-05
------------------------------------------------------------

 total:                                  12.114 sec
3
{'bond-orders': array([[0.00000000e+00, 3.09718345e-01, 2.25726995e-02, ...,
        1.88609598e-04, 1.05006800e-04, 2.78157490e-03],
       [3.09718345e-01, 0.00000000e+00, 2.09966722e-02, ...,
        1.33008199e-04, 7.85654633e-05, 1.61571359e-03],
       [2.25726995e-02, 2.09966722e-02, 0.00000000e+00, ...,
        1.02992005e-04, 5.88372846e-05, 1.02322862e-03],
       ...,
       [1.88609598e-04, 1.33008199e-04, 1.02992005e-04, ...,
        0.00000000e+00, 4.35624391e-03, 2.36746609e-02],
       [1.05006800e-04, 7.85654633e-05, 5.88372846e-05, ...,
        4.35624391e-03, 0.00000000e+00, 1.76642607e-02],
       [2.78157490e-03, 1.61571359e-03, 1.02322862e-03, ...,
        2.36746609e-02, 1.76642607e-02, 0.00000000e+00]], shape=(45, 45))}
{'bond-orders': array([[0.00000000e+00, 3.09718345e-01, 2.25726995e-02, ...,
        1.88609598e-04, 1.05006800e-04, 2.78157490e-03],
       [3.09718345e-01, 0.00000000e+00, 2.09966722e-02, ...,
        1.33008199e-04, 7.85654633e-05, 1.61571359e-03],
       [2.25726995e-02, 2.09966722e-02, 0.00000000e+00, ...,
        1.02992005e-04, 5.88372846e-05, 1.02322862e-03],
       ...,
       [1.88609598e-04, 1.33008199e-04, 1.02992005e-04, ...,
        0.00000000e+00, 4.35624391e-03, 2.36746609e-02],
       [1.05006800e-04, 7.85654633e-05, 5.88372846e-05, ...,
        4.35624391e-03, 0.00000000e+00, 1.76642607e-02],
       [2.78157490e-03, 1.61571359e-03, 1.02322862e-03, ...,
        2.36746609e-02, 1.76642607e-02, 0.00000000e+00]], shape=(45, 45)), 'molecular-dipole': array([-0.47664808,  2.22847766, -0.39614475])}
{'bond-orders': array([[0.00000000e+00, 3.09718345e-01, 2.25726995e-02, ...,
        1.88609598e-04, 1.05006800e-04, 2.78157490e-03],
       [3.09718345e-01, 0.00000000e+00, 2.09966722e-02, ...,
        1.33008199e-04, 7.85654633e-05, 1.61571359e-03],
       [2.25726995e-02, 2.09966722e-02, 0.00000000e+00, ...,
        1.02992005e-04, 5.88372846e-05, 1.02322862e-03],
       ...,
       [1.88609598e-04, 1.33008199e-04, 1.02992005e-04, ...,
        0.00000000e+00, 4.35624391e-03, 2.36746609e-02],
       [1.05006800e-04, 7.85654633e-05, 5.88372846e-05, ...,
        4.35624391e-03, 0.00000000e+00, 1.76642607e-02],
       [2.78157490e-03, 1.61571359e-03, 1.02322862e-03, ...,
        2.36746609e-02, 1.76642607e-02, 0.00000000e+00]], shape=(45, 45)), 'molecular-dipole': array([-0.47664808,  2.22847766, -0.39614475]), 'molecular-quadrupole': array([-27.71335766, 115.94043714,  24.5684325 , -48.30877009,
       270.29392801,   3.14492516])}
------------------------------------------------------------
  cycle        total energy    energy error   density error
------------------------------------------------------------
      1     -163.5429082580  -1.6330098E+02   4.7892245E-03
      2     -163.5233755249   1.9532733E-02   9.1756672E-03
      3     -163.3947238436   1.2865168E-01   2.1676407E-02
      4     -163.5421400520  -1.4741621E-01   3.7973467E-03
      5     -163.5425628231  -4.2277116E-04   3.0065122E-03
      6     -163.5433141271  -7.5130402E-04   1.5531874E-03
      7     -163.5434405229  -1.2639579E-04   6.4540929E-04
      8     -163.5434502589  -9.7359770E-06   3.6826529E-04
      9     -163.5434503594  -1.0046591E-07   2.2849249E-04
     10     -163.5434596563  -9.2969014E-06   1.1238903E-04
     11     -163.5434623686  -2.7123163E-06   4.6213273E-05
     12     -163.5434627865  -4.1788007E-07   1.0068544E-05
------------------------------------------------------------

 total:                                  12.106 sec
3
{'bond-orders': array([[0.00000000e+00, 3.09843584e-01, 2.24727164e-02, ...,
        1.94401555e-04, 9.86039940e-05, 2.57810550e-03],
       [3.09843584e-01, 0.00000000e+00, 2.09366179e-02, ...,
        1.53966410e-04, 1.09724317e-04, 1.69574871e-03],
       [2.24727164e-02, 2.09366179e-02, 0.00000000e+00, ...,
        1.20772382e-04, 7.10180082e-05, 9.97974913e-04],
       ...,
       [1.94401555e-04, 1.53966410e-04, 1.20772382e-04, ...,
        0.00000000e+00, 4.66704511e-03, 2.48724060e-02],
       [9.86039940e-05, 1.09724317e-04, 7.10180082e-05, ...,
        4.66704511e-03, 0.00000000e+00, 2.07185342e-02],
       [2.57810550e-03, 1.69574871e-03, 9.97974913e-04, ...,
        2.48724060e-02, 2.07185342e-02, 0.00000000e+00]], shape=(45, 45))}
{'bond-orders': array([[0.00000000e+00, 3.09843584e-01, 2.24727164e-02, ...,
        1.94401555e-04, 9.86039940e-05, 2.57810550e-03],
       [3.09843584e-01, 0.00000000e+00, 2.09366179e-02, ...,
        1.53966410e-04, 1.09724317e-04, 1.69574871e-03],
       [2.24727164e-02, 2.09366179e-02, 0.00000000e+00, ...,
        1.20772382e-04, 7.10180082e-05, 9.97974913e-04],
       ...,
       [1.94401555e-04, 1.53966410e-04, 1.20772382e-04, ...,
        0.00000000e+00, 4.66704511e-03, 2.48724060e-02],
       [9.86039940e-05, 1.09724317e-04, 7.10180082e-05, ...,
        4.66704511e-03, 0.00000000e+00, 2.07185342e-02],
       [2.57810550e-03, 1.69574871e-03, 9.97974913e-04, ...,
        2.48724060e-02, 2.07185342e-02, 0.00000000e+00]], shape=(45, 45)), 'molecular-dipole': array([-0.48099001,  2.27787623, -0.49189746])}
{'bond-orders': array([[0.00000000e+00, 3.09843584e-01, 2.24727164e-02, ...,
        1.94401555e-04, 9.86039940e-05, 2.57810550e-03],
       [3.09843584e-01, 0.00000000e+00, 2.09366179e-02, ...,
        1.53966410e-04, 1.09724317e-04, 1.69574871e-03],
       [2.24727164e-02, 2.09366179e-02, 0.00000000e+00, ...,
        1.20772382e-04, 7.10180082e-05, 9.97974913e-04],
       ...,
       [1.94401555e-04, 1.53966410e-04, 1.20772382e-04, ...,
        0.00000000e+00, 4.66704511e-03, 2.48724060e-02],
       [9.86039940e-05, 1.09724317e-04, 7.10180082e-05, ...,
        4.66704511e-03, 0.00000000e+00, 2.07185342e-02],
       [2.57810550e-03, 1.69574871e-03, 9.97974913e-04, ...,
        2.48724060e-02, 2.07185342e-02, 0.00000000e+00]], shape=(45, 45)), 'molecular-dipole': array([-0.48099001,  2.27787623, -0.49189746]), 'molecular-quadrupole': array([-24.07927349, 118.95583917,  28.72328605, -54.25393519,
       274.13443324,  -4.64401256])}
------------------------------------------------------------
  cycle        total energy    energy error   density error
------------------------------------------------------------
      1     -163.5440372774  -1.6330161E+02   3.1217589E-03
      2     -163.5112153534   3.2821924E-02   1.0646738E-02
      3     -163.4995460050   1.1669348E-02   1.2175344E-02
      4     -163.5443212038  -4.4775199E-02   1.6997860E-03
      5     -163.5442864412   3.4762611E-05   1.6553585E-03
      6     -163.5443889525  -1.0251129E-04   1.3263207E-03
      7     -163.5444956105  -1.0665795E-04   4.3793295E-04
      8     -163.5445119502  -1.6339746E-05   1.4743526E-04
      9     -163.5445134219  -1.4716587E-06   7.9195054E-05
     10     -163.5445136934  -2.7157151E-07   3.1708817E-05
     11     -163.5445137654  -7.1987159E-08   1.3504317E-05
------------------------------------------------------------

 total:                                  11.868 sec
3
{'bond-orders': array([[0.00000000e+00, 3.09876092e-01, 2.24308502e-02, ...,
        1.84574942e-04, 8.67736160e-05, 2.51982798e-03],
       [3.09876092e-01, 0.00000000e+00, 2.08986475e-02, ...,
        1.60309884e-04, 1.17700980e-04, 1.73606340e-03],
       [2.24308502e-02, 2.08986475e-02, 0.00000000e+00, ...,
        1.26907667e-04, 7.16375677e-05, 1.00052358e-03],
       ...,
       [1.84574942e-04, 1.60309884e-04, 1.26907667e-04, ...,
        0.00000000e+00, 4.82110795e-03, 2.48813694e-02],
       [8.67736160e-05, 1.17700980e-04, 7.16375677e-05, ...,
        4.82110795e-03, 0.00000000e+00, 2.19558363e-02],
       [2.51982798e-03, 1.73606340e-03, 1.00052358e-03, ...,
        2.48813694e-02, 2.19558363e-02, 0.00000000e+00]], shape=(45, 45))}
{'bond-orders': array([[0.00000000e+00, 3.09876092e-01, 2.24308502e-02, ...,
        1.84574942e-04, 8.67736160e-05, 2.51982798e-03],
       [3.09876092e-01, 0.00000000e+00, 2.08986475e-02, ...,
        1.60309884e-04, 1.17700980e-04, 1.73606340e-03],
       [2.24308502e-02, 2.08986475e-02, 0.00000000e+00, ...,
        1.26907667e-04, 7.16375677e-05, 1.00052358e-03],
       ...,
       [1.84574942e-04, 1.60309884e-04, 1.26907667e-04, ...,
        0.00000000e+00, 4.82110795e-03, 2.48813694e-02],
       [8.67736160e-05, 1.17700980e-04, 7.16375677e-05, ...,
        4.82110795e-03, 0.00000000e+00, 2.19558363e-02],
       [2.51982798e-03, 1.73606340e-03, 1.00052358e-03, ...,
        2.48813694e-02, 2.19558363e-02, 0.00000000e+00]], shape=(45, 45)), 'molecular-dipole': array([-0.47660345,  2.34542509, -0.58584542])}
{'bond-orders': array([[0.00000000e+00, 3.09876092e-01, 2.24308502e-02, ...,
        1.84574942e-04, 8.67736160e-05, 2.51982798e-03],
       [3.09876092e-01, 0.00000000e+00, 2.08986475e-02, ...,
        1.60309884e-04, 1.17700980e-04, 1.73606340e-03],
       [2.24308502e-02, 2.08986475e-02, 0.00000000e+00, ...,
        1.26907667e-04, 7.16375677e-05, 1.00052358e-03],
       ...,
       [1.84574942e-04, 1.60309884e-04, 1.26907667e-04, ...,
        0.00000000e+00, 4.82110795e-03, 2.48813694e-02],
       [8.67736160e-05, 1.17700980e-04, 7.16375677e-05, ...,
        4.82110795e-03, 0.00000000e+00, 2.19558363e-02],
       [2.51982798e-03, 1.73606340e-03, 1.00052358e-03, ...,
        2.48813694e-02, 2.19558363e-02, 0.00000000e+00]], shape=(45, 45)), 'molecular-dipole': array([-0.47660345,  2.34542509, -0.58584542]), 'molecular-quadrupole': array([-20.34500214, 123.16739834,  33.13315757, -58.4921369 ,
       280.72792173, -12.78815544])}
------------------------------------------------------------
  cycle        total energy    energy error   density error
------------------------------------------------------------
      1     -163.5448922264  -1.6330096E+02   2.4944944E-03
      2     -163.5355756835   9.3165429E-03   6.0839430E-03
      3     -163.5022282008   3.3347483E-02   1.1725015E-02
      4     -163.5447987893  -4.2570589E-02   1.5005167E-03
      5     -163.5451276255  -3.2883623E-04   9.3920977E-04
      6     -163.5450941574   3.3468163E-05   1.0619903E-03
      7     -163.5451566838  -6.2526369E-05   4.5549107E-04
      8     -163.5451733065  -1.6622757E-05   1.4497155E-04
      9     -163.5451740445  -7.3799649E-07   6.2812894E-05
     10     -163.5451742672  -2.2273591E-07   2.7508046E-05
     11     -163.5451743209  -5.3649075E-08   9.5322086E-06
------------------------------------------------------------

 total:                                  11.861 sec
3
{'bond-orders': array([[0.00000000e+00, 3.09893222e-01, 2.24072523e-02, ...,
        1.74340007e-04, 7.63777985e-05, 2.52407343e-03],
       [3.09893222e-01, 0.00000000e+00, 2.08676692e-02, ...,
        1.60771736e-04, 1.15252390e-04, 1.75352135e-03],
       [2.24072523e-02, 2.08676692e-02, 0.00000000e+00, ...,
        1.28185778e-04, 6.84561708e-05, 1.01122821e-03],
       ...,
       [1.74340007e-04, 1.60771736e-04, 1.28185778e-04, ...,
        0.00000000e+00, 4.95141547e-03, 2.46286064e-02],
       [7.63777985e-05, 1.15252390e-04, 6.84561708e-05, ...,
        4.95141547e-03, 0.00000000e+00, 2.23036411e-02],
       [2.52407343e-03, 1.75352135e-03, 1.01122821e-03, ...,
        2.46286064e-02, 2.23036411e-02, 0.00000000e+00]], shape=(45, 45))}
{'bond-orders': array([[0.00000000e+00, 3.09893222e-01, 2.24072523e-02, ...,
        1.74340007e-04, 7.63777985e-05, 2.52407343e-03],
       [3.09893222e-01, 0.00000000e+00, 2.08676692e-02, ...,
        1.60771736e-04, 1.15252390e-04, 1.75352135e-03],
       [2.24072523e-02, 2.08676692e-02, 0.00000000e+00, ...,
        1.28185778e-04, 6.84561708e-05, 1.01122821e-03],
       ...,
       [1.74340007e-04, 1.60771736e-04, 1.28185778e-04, ...,
        0.00000000e+00, 4.95141547e-03, 2.46286064e-02],
       [7.63777985e-05, 1.15252390e-04, 6.84561708e-05, ...,
        4.95141547e-03, 0.00000000e+00, 2.23036411e-02],
       [2.52407343e-03, 1.75352135e-03, 1.01122821e-03, ...,
        2.46286064e-02, 2.23036411e-02, 0.00000000e+00]], shape=(45, 45)), 'molecular-dipole': array([-0.47241495,  2.40753919, -0.66229965])}
{'bond-orders': array([[0.00000000e+00, 3.09893222e-01, 2.24072523e-02, ...,
        1.74340007e-04, 7.63777985e-05, 2.52407343e-03],
       [3.09893222e-01, 0.00000000e+00, 2.08676692e-02, ...,
        1.60771736e-04, 1.15252390e-04, 1.75352135e-03],
       [2.24072523e-02, 2.08676692e-02, 0.00000000e+00, ...,
        1.28185778e-04, 6.84561708e-05, 1.01122821e-03],
       ...,
       [1.74340007e-04, 1.60771736e-04, 1.28185778e-04, ...,
        0.00000000e+00, 4.95141547e-03, 2.46286064e-02],
       [7.63777985e-05, 1.15252390e-04, 6.84561708e-05, ...,
        4.95141547e-03, 0.00000000e+00, 2.23036411e-02],
       [2.52407343e-03, 1.75352135e-03, 1.01122821e-03, ...,
        2.46286064e-02, 2.23036411e-02, 0.00000000e+00]], shape=(45, 45)), 'molecular-dipole': array([-0.47241495,  2.40753919, -0.66229965]), 'molecular-quadrupole': array([-17.23116847, 126.97192059,  36.92508536, -61.7634281 ,
       287.2922963 , -19.6939169 ])}
------------------------------------------------------------
  cycle        total energy    energy error   density error
------------------------------------------------------------
      1     -163.5454363369  -1.6330033E+02   1.4399597E-03
      2     -163.5246568887   2.0779448E-02   8.1297840E-03
      3     -163.5431746604  -1.8517772E-02   3.1225020E-03
      4     -163.5455333286  -2.3586682E-03   7.8280190E-04
      5     -163.5455987361  -6.5407519E-05   5.3707457E-04
      6     -163.5456134701  -1.4734014E-05   5.0653364E-04
      7     -163.5456261406  -1.2670513E-05   2.6592722E-04
      8     -163.5456300405  -3.8998572E-06   8.8516739E-05
      9     -163.5456304450  -4.0447213E-07   2.9724815E-05
     10     -163.5456304876  -4.2650129E-08   1.2941028E-05
------------------------------------------------------------

 total:                                  11.585 sec
3
{'bond-orders': array([[0.00000000e+00, 3.09897074e-01, 2.23897099e-02, ...,
        1.70458291e-04, 7.22548309e-05, 2.54573777e-03],
       [3.09897074e-01, 0.00000000e+00, 2.08484899e-02, ...,
        1.58194084e-04, 1.11861444e-04, 1.75083562e-03],
       [2.23897099e-02, 2.08484899e-02, 0.00000000e+00, ...,
        1.26662644e-04, 6.62502285e-05, 1.01647019e-03],
       ...,
       [1.70458291e-04, 1.58194084e-04, 1.26662644e-04, ...,
        0.00000000e+00, 5.06474024e-03, 2.44762149e-02],
       [7.22548309e-05, 1.11861444e-04, 6.62502285e-05, ...,
        5.06474024e-03, 0.00000000e+00, 2.22591423e-02],
       [2.54573777e-03, 1.75083562e-03, 1.01647019e-03, ...,
        2.44762149e-02, 2.22591423e-02, 0.00000000e+00]], shape=(45, 45))}
{'bond-orders': array([[0.00000000e+00, 3.09897074e-01, 2.23897099e-02, ...,
        1.70458291e-04, 7.22548309e-05, 2.54573777e-03],
       [3.09897074e-01, 0.00000000e+00, 2.08484899e-02, ...,
        1.58194084e-04, 1.11861444e-04, 1.75083562e-03],
       [2.23897099e-02, 2.08484899e-02, 0.00000000e+00, ...,
        1.26662644e-04, 6.62502285e-05, 1.01647019e-03],
       ...,
       [1.70458291e-04, 1.58194084e-04, 1.26662644e-04, ...,
        0.00000000e+00, 5.06474024e-03, 2.44762149e-02],
       [7.22548309e-05, 1.11861444e-04, 6.62502285e-05, ...,
        5.06474024e-03, 0.00000000e+00, 2.22591423e-02],
       [2.54573777e-03, 1.75083562e-03, 1.01647019e-03, ...,
        2.44762149e-02, 2.22591423e-02, 0.00000000e+00]], shape=(45, 45)), 'molecular-dipole': array([-0.47222902,  2.43954567, -0.71649983])}
{'bond-orders': array([[0.00000000e+00, 3.09897074e-01, 2.23897099e-02, ...,
        1.70458291e-04, 7.22548309e-05, 2.54573777e-03],
       [3.09897074e-01, 0.00000000e+00, 2.08484899e-02, ...,
        1.58194084e-04, 1.11861444e-04, 1.75083562e-03],
       [2.23897099e-02, 2.08484899e-02, 0.00000000e+00, ...,
        1.26662644e-04, 6.62502285e-05, 1.01647019e-03],
       ...,
       [1.70458291e-04, 1.58194084e-04, 1.26662644e-04, ...,
        0.00000000e+00, 5.06474024e-03, 2.44762149e-02],
       [7.22548309e-05, 1.11861444e-04, 6.62502285e-05, ...,
        5.06474024e-03, 0.00000000e+00, 2.22591423e-02],
       [2.54573777e-03, 1.75083562e-03, 1.01647019e-03, ...,
        2.44762149e-02, 2.22591423e-02, 0.00000000e+00]], shape=(45, 45)), 'molecular-dipole': array([-0.47222902,  2.43954567, -0.71649983]), 'molecular-quadrupole': array([-15.12710464, 128.87817917,  39.4718945 , -64.33531273,
       290.43501384, -24.34478985])}
------------------------------------------------------------
  cycle        total energy    energy error   density error
------------------------------------------------------------
      1     -163.5461759746  -1.6329941E+02   2.0921376E-03
      2     -163.5170607821   2.9115192E-02   9.7133523E-03
      3     -163.5373755649  -2.0314783E-02   5.7253650E-03
      4     -163.5461572264  -8.7816614E-03   1.3871511E-03
      5     -163.5463773018  -2.2007540E-04   1.0478338E-03
      6     -163.5464751658  -9.7863975E-05   6.4983220E-04
      7     -163.5465059431  -3.0777354E-05   3.3743485E-04
      8     -163.5465111399  -5.1967898E-06   1.2766408E-04
      9     -163.5465120380  -8.9810774E-07   4.1753867E-05
     10     -163.5465120977  -5.9741154E-08   2.2502157E-05
     11     -163.5465121263  -2.8568451E-08   8.1205151E-06
------------------------------------------------------------

 total:                                  11.863 sec
3
{'bond-orders': array([[0.00000000e+00, 3.09884009e-01, 2.23442729e-02, ...,
        1.70441376e-04, 7.00013701e-05, 2.59935101e-03],
       [3.09884009e-01, 0.00000000e+00, 2.08119163e-02, ...,
        1.51196856e-04, 1.07305495e-04, 1.73215777e-03],
       [2.23442729e-02, 2.08119163e-02, 0.00000000e+00, ...,
        1.21701918e-04, 6.42517023e-05, 1.02159043e-03],
       ...,
       [1.70441376e-04, 1.51196856e-04, 1.21701918e-04, ...,
        0.00000000e+00, 5.31990447e-03, 2.43228294e-02],
       [7.00013701e-05, 1.07305495e-04, 6.42517023e-05, ...,
        5.31990447e-03, 0.00000000e+00, 2.20284268e-02],
       [2.59935101e-03, 1.73215777e-03, 1.02159043e-03, ...,
        2.43228294e-02, 2.20284268e-02, 0.00000000e+00]], shape=(45, 45))}
{'bond-orders': array([[0.00000000e+00, 3.09884009e-01, 2.23442729e-02, ...,
        1.70441376e-04, 7.00013701e-05, 2.59935101e-03],
       [3.09884009e-01, 0.00000000e+00, 2.08119163e-02, ...,
        1.51196856e-04, 1.07305495e-04, 1.73215777e-03],
       [2.23442729e-02, 2.08119163e-02, 0.00000000e+00, ...,
        1.21701918e-04, 6.42517023e-05, 1.02159043e-03],
       ...,
       [1.70441376e-04, 1.51196856e-04, 1.21701918e-04, ...,
        0.00000000e+00, 5.31990447e-03, 2.43228294e-02],
       [7.00013701e-05, 1.07305495e-04, 6.42517023e-05, ...,
        5.31990447e-03, 0.00000000e+00, 2.20284268e-02],
       [2.59935101e-03, 1.73215777e-03, 1.02159043e-03, ...,
        2.43228294e-02, 2.20284268e-02, 0.00000000e+00]], shape=(45, 45)), 'molecular-dipole': array([-0.4832066 ,  2.47279306, -0.80774297])}
{'bond-orders': array([[0.00000000e+00, 3.09884009e-01, 2.23442729e-02, ...,
        1.70441376e-04, 7.00013701e-05, 2.59935101e-03],
       [3.09884009e-01, 0.00000000e+00, 2.08119163e-02, ...,
        1.51196856e-04, 1.07305495e-04, 1.73215777e-03],
       [2.23442729e-02, 2.08119163e-02, 0.00000000e+00, ...,
        1.21701918e-04, 6.42517023e-05, 1.02159043e-03],
       ...,
       [1.70441376e-04, 1.51196856e-04, 1.21701918e-04, ...,
        0.00000000e+00, 5.31990447e-03, 2.43228294e-02],
       [7.00013701e-05, 1.07305495e-04, 6.42517023e-05, ...,
        5.31990447e-03, 0.00000000e+00, 2.20284268e-02],
       [2.59935101e-03, 1.73215777e-03, 1.02159043e-03, ...,
        2.43228294e-02, 2.20284268e-02, 0.00000000e+00]], shape=(45, 45)), 'molecular-dipole': array([-0.4832066 ,  2.47279306, -0.80774297]), 'molecular-quadrupole': array([-11.857991  , 130.80141083,  43.67943312, -69.814618  ,
       293.41463491, -31.82144212])}
------------------------------------------------------------
  cycle        total energy    energy error   density error
------------------------------------------------------------
      1     -163.5472631134  -1.6329977E+02   1.7691751E-03
      2     -163.5372397689   1.0023344E-02   5.8373769E-03
      3     -163.5347222854   2.5174835E-03   6.4527567E-03
      4     -163.5470753623  -1.2353077E-02   1.4542823E-03
      5     -163.5473451098  -2.6974746E-04   9.5403223E-04
      6     -163.5474076141  -6.2504375E-05   4.9283881E-04
      7     -163.5474217413  -1.4127140E-05   2.2523126E-04
      8     -163.5474240178  -2.2765162E-06   7.7001714E-05
      9     -163.5474243365  -3.1871900E-07   3.4377138E-05
     10     -163.5474243717  -3.5232176E-08   2.1502634E-05
     11     -163.5474243902  -1.8458906E-08   1.2753577E-05
------------------------------------------------------------

 total:                                  11.875 sec
3
{'bond-orders': array([[0.00000000e+00, 3.09865627e-01, 2.22820725e-02, ...,
        1.80081398e-04, 7.38527283e-05, 2.66673379e-03],
       [3.09865627e-01, 0.00000000e+00, 2.07806732e-02, ...,
        1.43399432e-04, 1.05556438e-04, 1.70418772e-03],
       [2.22820725e-02, 2.07806732e-02, 0.00000000e+00, ...,
        1.15642121e-04, 6.53190318e-05, 1.02366355e-03],
       ...,
       [1.80081398e-04, 1.43399432e-04, 1.15642121e-04, ...,
        0.00000000e+00, 5.59472972e-03, 2.43326781e-02],
       [7.38527283e-05, 1.05556438e-04, 6.53190318e-05, ...,
        5.59472972e-03, 0.00000000e+00, 2.17400345e-02],
       [2.66673379e-03, 1.70418772e-03, 1.02366355e-03, ...,
        2.43326781e-02, 2.17400345e-02, 0.00000000e+00]], shape=(45, 45))}
{'bond-orders': array([[0.00000000e+00, 3.09865627e-01, 2.22820725e-02, ...,
        1.80081398e-04, 7.38527283e-05, 2.66673379e-03],
       [3.09865627e-01, 0.00000000e+00, 2.07806732e-02, ...,
        1.43399432e-04, 1.05556438e-04, 1.70418772e-03],
       [2.22820725e-02, 2.07806732e-02, 0.00000000e+00, ...,
        1.15642121e-04, 6.53190318e-05, 1.02366355e-03],
       ...,
       [1.80081398e-04, 1.43399432e-04, 1.15642121e-04, ...,
        0.00000000e+00, 5.59472972e-03, 2.43326781e-02],
       [7.38527283e-05, 1.05556438e-04, 6.53190318e-05, ...,
        5.59472972e-03, 0.00000000e+00, 2.17400345e-02],
       [2.66673379e-03, 1.70418772e-03, 1.02366355e-03, ...,
        2.43326781e-02, 2.17400345e-02, 0.00000000e+00]], shape=(45, 45)), 'molecular-dipole': array([-0.50554805,  2.47879418, -0.88706946])}
{'bond-orders': array([[0.00000000e+00, 3.09865627e-01, 2.22820725e-02, ...,
        1.80081398e-04, 7.38527283e-05, 2.66673379e-03],
       [3.09865627e-01, 0.00000000e+00, 2.07806732e-02, ...,
        1.43399432e-04, 1.05556438e-04, 1.70418772e-03],
       [2.22820725e-02, 2.07806732e-02, 0.00000000e+00, ...,
        1.15642121e-04, 6.53190318e-05, 1.02366355e-03],
       ...,
       [1.80081398e-04, 1.43399432e-04, 1.15642121e-04, ...,
        0.00000000e+00, 5.59472972e-03, 2.43326781e-02],
       [7.38527283e-05, 1.05556438e-04, 6.53190318e-05, ...,
        5.59472972e-03, 0.00000000e+00, 2.17400345e-02],
       [2.66673379e-03, 1.70418772e-03, 1.02366355e-03, ...,
        2.43326781e-02, 2.17400345e-02, 0.00000000e+00]], shape=(45, 45)), 'molecular-dipole': array([-0.50554805,  2.47879418, -0.88706946]), 'molecular-quadrupole': array([ -9.35313229, 130.87578317,  47.20960588, -76.12215027,
       293.22934627, -37.85647359])}
------------------------------------------------------------
  cycle        total energy    energy error   density error
------------------------------------------------------------
      1     -163.5482037254  -1.6330124E+02   1.6191392E-03
      2     -163.5466181174   1.5856079E-03   2.8260076E-03
      3     -163.5331223257   1.3495792E-02   6.8956240E-03
      4     -163.5475285200  -1.4406194E-02   1.9698176E-03
      5     -163.5482117876  -6.8326753E-04   9.7047073E-04
      6     -163.5482535337  -4.1746095E-05   4.7494591E-04
      7     -163.5482659498  -1.2416169E-05   2.0829377E-04
      8     -163.5482671666  -1.2167753E-06   9.6272162E-05
      9     -163.5482675772  -4.1059374E-07   5.2166435E-05
     10     -163.5482676105  -3.3284607E-08   3.0093868E-05
     11     -163.5482676717  -6.1193504E-08   1.5031999E-05
------------------------------------------------------------

 total:                                  11.890 sec
3
{'bond-orders': array([[0.00000000e+00, 3.09831225e-01, 2.22049237e-02, ...,
        1.99234859e-04, 8.28514639e-05, 2.73491649e-03],
       [3.09831225e-01, 0.00000000e+00, 2.07654409e-02, ...,
        1.37127763e-04, 1.07040688e-04, 1.67691280e-03],
       [2.22049237e-02, 2.07654409e-02, 0.00000000e+00, ...,
        1.10390692e-04, 6.97020623e-05, 1.02596521e-03],
       ...,
       [1.99234859e-04, 1.37127763e-04, 1.10390692e-04, ...,
        0.00000000e+00, 5.78240668e-03, 2.45388295e-02],
       [8.28514639e-05, 1.07040688e-04, 6.97020623e-05, ...,
        5.78240668e-03, 0.00000000e+00, 2.15172124e-02],
       [2.73491649e-03, 1.67691280e-03, 1.02596521e-03, ...,
        2.45388295e-02, 2.15172124e-02, 0.00000000e+00]], shape=(45, 45))}
{'bond-orders': array([[0.00000000e+00, 3.09831225e-01, 2.22049237e-02, ...,
        1.99234859e-04, 8.28514639e-05, 2.73491649e-03],
       [3.09831225e-01, 0.00000000e+00, 2.07654409e-02, ...,
        1.37127763e-04, 1.07040688e-04, 1.67691280e-03],
       [2.22049237e-02, 2.07654409e-02, 0.00000000e+00, ...,
        1.10390692e-04, 6.97020623e-05, 1.02596521e-03],
       ...,
       [1.99234859e-04, 1.37127763e-04, 1.10390692e-04, ...,
        0.00000000e+00, 5.78240668e-03, 2.45388295e-02],
       [8.28514639e-05, 1.07040688e-04, 6.97020623e-05, ...,
        5.78240668e-03, 0.00000000e+00, 2.15172124e-02],
       [2.73491649e-03, 1.67691280e-03, 1.02596521e-03, ...,
        2.45388295e-02, 2.15172124e-02, 0.00000000e+00]], shape=(45, 45)), 'molecular-dipole': array([-0.54661489,  2.44821555, -0.94665075])}
{'bond-orders': array([[0.00000000e+00, 3.09831225e-01, 2.22049237e-02, ...,
        1.99234859e-04, 8.28514639e-05, 2.73491649e-03],
       [3.09831225e-01, 0.00000000e+00, 2.07654409e-02, ...,
        1.37127763e-04, 1.07040688e-04, 1.67691280e-03],
       [2.22049237e-02, 2.07654409e-02, 0.00000000e+00, ...,
        1.10390692e-04, 6.97020623e-05, 1.02596521e-03],
       ...,
       [1.99234859e-04, 1.37127763e-04, 1.10390692e-04, ...,
        0.00000000e+00, 5.78240668e-03, 2.45388295e-02],
       [8.28514639e-05, 1.07040688e-04, 6.97020623e-05, ...,
        5.78240668e-03, 0.00000000e+00, 2.15172124e-02],
       [2.73491649e-03, 1.67691280e-03, 1.02596521e-03, ...,
        2.45388295e-02, 2.15172124e-02, 0.00000000e+00]], shape=(45, 45)), 'molecular-dipole': array([-0.54661489,  2.44821555, -0.94665075]), 'molecular-quadrupole': array([ -8.10799926, 128.44678311,  49.71358372, -83.69038488,
       288.96040628, -41.60558446])}
------------------------------------------------------------
  cycle        total energy    energy error   density error
------------------------------------------------------------
      1     -163.5488906324  -1.6330330E+02   1.3327676E-03
      2     -163.5456338985   3.2567340E-03   3.5470838E-03
      3     -163.5399007290   5.7331695E-03   5.3238171E-03
      4     -163.5487578529  -8.8571240E-03   1.2263827E-03
      5     -163.5488902136  -1.3236070E-04   8.7151165E-04
      6     -163.5489252629  -3.5049282E-05   4.0947629E-04
      7     -163.5489346652  -9.4023063E-06   1.7364301E-04
      8     -163.5489351009  -4.3570802E-07   1.1250884E-04
      9     -163.5489360099  -9.0896771E-07   3.3744167E-05
     10     -163.5489360338  -2.3922809E-08   2.3950864E-05
     11     -163.5489360942  -6.0434871E-08   1.3231818E-05
------------------------------------------------------------

 total:                                  11.812 sec
3
{'bond-orders': array([[0.00000000e+00, 3.09793581e-01, 2.21342058e-02, ...,
        2.21126291e-04, 9.18795915e-05, 2.78791681e-03],
       [3.09793581e-01, 0.00000000e+00, 2.07659683e-02, ...,
        1.34038704e-04, 1.09733314e-04, 1.66201160e-03],
       [2.21342058e-02, 2.07659683e-02, 0.00000000e+00, ...,
        1.07548408e-04, 7.50642918e-05, 1.03072966e-03],
       ...,
       [2.21126291e-04, 1.34038704e-04, 1.07548408e-04, ...,
        0.00000000e+00, 5.77403105e-03, 2.48461414e-02],
       [9.18795915e-05, 1.09733314e-04, 7.50642918e-05, ...,
        5.77403105e-03, 0.00000000e+00, 2.14788475e-02],
