/home/ans819/.conda/envs/autoflow/lib/python3.13/site-packages/e3nn/o3/_wigner.py:10: UserWarning: Environment variable TORCH_FORCE_NO_WEIGHTS_ONLY_LOAD detected, since the`weights_only` argument was not explicitly passed to `torch.load`, forcing weights_only=False.
  _Jd, _W3j_flat, _W3j_indices = torch.load(os.path.join(os.path.dirname(__file__), 'constants.pt'))

          ==================== Thresholds ====================
          CN  :   150.00000
          rep :   500.00000
          disp:  2500.00000
          HB1 :   250.00000
          HB2 :   450.00000

          Pauling EN used:
          Z : 1  EN :  2.20
          Z : 6  EN :  2.55
          Z : 8  EN :  3.44
          Z :47  EN :  1.93
          electric field strengths (au): 0.000

           ------------------------------------------------- 
          |           Force Field Initialization            |
           ------------------------------------------------- 

          distances ...
          ----------------------------------------
          generating topology and atomic info file ...
          pair mat ...
          computing topology distances matrix with Floyd-Warshall algo ...
          making topology EEQ charges ...
          #fragments for EEQ constrain: 1
          ----------------------------------------
          generating topology and atomic info file ...
          pair mat ...
          computing topology distances matrix with Floyd-Warshall algo ...
          making topology EEQ charges ...
          #fragments for EEQ constrain: 1
          rings ...
          # BATM   3469
          # H in HB   0

  atom   neighbors  erfCN metchar sp-hybrid imet pi  qest     coordinates
    1  Ag      2    1.35   0.37         2    2    0   0.001    3.199451    0.356229   27.196103
    2  Ag      5    3.15   0.31         0    2    0   0.015    6.689760    4.630967   27.196103
    3  Ag      9    4.27   0.07         0    2    0   0.014   15.415533    8.193249   28.789204
    4  Ag      7    3.92   0.19         0    2    0   0.015   11.925224    3.918511   28.789204
    5  Ag      7    3.92   0.19         0    2    0   0.010   20.650997    7.480793   30.382305
    6  Ag      6    3.59   0.27         0    2    0   0.016   17.160688    3.206054   30.382305
    7  Ag      9    4.27   0.07         0    2    0   0.008    8.434915    6.768336   31.975406
    8  Ag      6    3.59   0.23         0    2    0   0.019    4.944605    2.493598   31.975406
    9  Ag     12    4.39   0.01         0    2    0   0.019   13.670379    6.055880   33.568507
   10  Ag      7    3.92   0.19         0    2    0   0.028   10.180069    1.781141   33.568507
   11  Ag      9    4.27   0.07         0    2    0   0.009   18.905843    5.343423   35.161608
   12  Ag      6    3.59   0.27         0    2    0   0.029   15.415533    1.068685   35.161608
   13  Ag      8    4.14   0.11         0    2    0   0.021    6.689760    4.630967   36.754709
   14  Ag      3    2.00   0.37         2    2    0   0.013    3.199451    0.356229   36.754709
   15  Ag     11    4.36   0.03         0    2    0   0.114   11.925224    3.918511   38.347810
   16  Ag     10    4.34   0.04         0    2    0   0.021   15.415533    8.193249   38.347810
   17  Ag      5    3.15   0.34         0    2    0   0.031   17.160688    3.206054   39.940910
   18  Ag      6    3.59   0.26         0    2    0   0.016   20.650997    7.480793   39.940910
   19  Ag      3    2.00   0.37         2    2    0   0.025    4.944605    2.493598   41.534011
   20  Ag      6    3.45   0.33         0    2    0   0.094    8.434915    6.768336   41.534011
   21  Ag      6    3.59   0.26         0    2    0   0.011   10.180069    8.905705   27.196103
   22  Ag      5    3.15   0.34         0    2    0   0.014   13.670379   13.180444   27.196103
   23  Ag      4    2.61   0.38         3    2    0   0.013   22.396152   16.742726   28.789204
   24  Ag      8    4.14   0.12         0    2    0   0.011   18.905843   12.467987   28.789204
   25  Ag      3    2.00   0.39         2    2    0   0.009   27.631616   16.030269   30.382305
   26  Ag      7    3.92   0.19         0    2    0   0.011   24.141307   11.755531   30.382305
   27  Ag      6    3.59   0.27         0    2    0   0.010   15.415533   15.317813   31.975406
   28  Ag      9    4.27   0.07         0    2    0   0.010   11.925224   11.043075   31.975406
   29  Ag      9    4.27   0.07         0    2    0   0.010   20.650997   14.605357   33.568507
/home/ans819/.conda/envs/autoflow/lib/python3.13/site-packages/mace/calculators/mace.py:197: UserWarning: Environment variable TORCH_FORCE_NO_WEIGHTS_ONLY_LOAD detected, since the`weights_only` argument was not explicitly passed to `torch.load`, forcing weights_only=False.
  torch.load(f=model_path, map_location=device)
/home/ans819/.conda/envs/autoflow/lib/python3.13/site-packages/chgnet/model/model.py:898: UserWarning: Converting a tensor with requires_grad=True to a scalar may lead to unexpected behavior.
Consider using tensor.detach() first. (Triggered internally at /pytorch/torch/csrc/autograd/generated/python_variable_methods.cpp:836.)
  volumes = torch.tensor(volumes, dtype=TORCH_DTYPE, device=atomic_numbers.device)
cuequivariance or cuequivariance_torch is not available. Cuequivariance acceleration will be disabled.
------------------------------------------------------------
  cycle        total energy    energy error   density error
------------------------------------------------------------
      1     -162.4469291707  -1.6283496E+02   1.0010673E+00
      2     -161.2181761293   1.2287530E+00   6.2166582E-01
      3      166.7755669631   3.2799374E+02   1.7376948E+00
      4     -128.3292389996  -2.9510481E+02   6.4928918E-01
      5     -16.50027148960   1.1182897E+02   9.4411724E-01
      6     -134.5611503459  -1.1806088E+02   3.2137055E-01
      7     -116.3413723531   1.8219778E+01   4.1036618E-01
      8     -161.8791302838  -4.5537758E+01   1.0216973E-01
      9     -162.6207895216  -7.4165924E-01   7.0413341E-02
     10     -162.7671853806  -1.4639586E-01   5.1177772E-02
     11     -162.7860512902  -1.8865910E-02   4.5575320E-02
     12     -162.7944610925  -8.4098023E-03   3.7897207E-02
     13     -162.7814092650   1.3051827E-02   3.1534483E-02
     14     -162.7812686774   1.4058755E-04   2.8743413E-02
     15     -162.7766407401   4.6279373E-03   2.7389785E-02
     16     -162.7802482694  -3.6075293E-03   2.5337007E-02
     17     -162.7941752119  -1.3926942E-02   1.9276704E-02
     18     -162.7966198500  -2.4446381E-03   1.7925884E-02
     19     -162.7968153555  -1.9550549E-04   1.7737105E-02
     20     -162.7985145095  -1.6991541E-03   1.6369507E-02
     21     -162.8013812530  -2.8667435E-03   1.3649403E-02
     22     -162.8057200865  -4.3388335E-03   1.0910616E-02
     23     -162.8079825520  -2.2624655E-03   8.1075721E-03
     24     -162.8085695278  -5.8697583E-04   6.7551713E-03
     25     -162.8099679946  -1.3984668E-03   3.5990351E-03
     26     -162.8102823900  -3.1439542E-04   2.8351199E-03
     27     -162.8103864257  -1.0403571E-04   2.6264165E-03
     28     -162.8104277946  -4.1368839E-05   2.6508284E-03
     29     -162.8104317151  -3.9204806E-06   2.6315606E-03
     30     -162.8104485698  -1.6854738E-05   2.4915490E-03
     31     -162.8104650500  -1.6480167E-05   2.2621175E-03
     32     -162.8104926136  -2.7563643E-05   1.7718569E-03
     33     -162.8105176501  -2.5036472E-05   1.1365160E-03
     34     -162.8105281778  -1.0527734E-05   5.3460808E-04
     35     -162.8105304702  -2.2924076E-06   3.6483374E-04
     36     -162.8105311859  -7.1568587E-07   2.2876175E-04
     37     -162.8105315611  -3.7521596E-07   7.2134300E-05
     38     -162.8105317159  -1.5472943E-07   1.1144221E-05
------------------------------------------------------------

 total:                                  21.372 sec
3
{'bond-orders': array([[0.00000000e+00, 3.10358306e-01, 1.89949547e-02, ...,
        3.10232678e-04, 2.34155041e-04, 2.49791569e-03],
       [3.10358306e-01, 0.00000000e+00, 1.80625612e-02, ...,
        1.62794511e-04, 3.66945567e-04, 6.75355624e-04],
       [1.89949547e-02, 1.80625612e-02, 0.00000000e+00, ...,
        1.92661231e-03, 7.40967445e-04, 5.64650765e-03],
       ...,
       [3.10232678e-04, 1.62794511e-04, 1.92661231e-03, ...,
        0.00000000e+00, 6.56996918e-03, 1.67669635e-02],
       [2.34155041e-04, 3.66945567e-04, 7.40967445e-04, ...,
        6.56996918e-03, 0.00000000e+00, 2.31414335e-02],
       [2.49791569e-03, 6.75355624e-04, 5.64650765e-03, ...,
        1.67669635e-02, 2.31414335e-02, 0.00000000e+00]], shape=(45, 45))}
{'bond-orders': array([[0.00000000e+00, 3.10358306e-01, 1.89949547e-02, ...,
        3.10232678e-04, 2.34155041e-04, 2.49791569e-03],
       [3.10358306e-01, 0.00000000e+00, 1.80625612e-02, ...,
        1.62794511e-04, 3.66945567e-04, 6.75355624e-04],
       [1.89949547e-02, 1.80625612e-02, 0.00000000e+00, ...,
        1.92661231e-03, 7.40967445e-04, 5.64650765e-03],
       ...,
       [3.10232678e-04, 1.62794511e-04, 1.92661231e-03, ...,
        0.00000000e+00, 6.56996918e-03, 1.67669635e-02],
       [2.34155041e-04, 3.66945567e-04, 7.40967445e-04, ...,
        6.56996918e-03, 0.00000000e+00, 2.31414335e-02],
       [2.49791569e-03, 6.75355624e-04, 5.64650765e-03, ...,
        1.67669635e-02, 2.31414335e-02, 0.00000000e+00]], shape=(45, 45)), 'molecular-dipole': array([0.98345948, 1.59773194, 1.24841224])}
{'bond-orders': array([[0.00000000e+00, 3.10358306e-01, 1.89949547e-02, ...,
        3.10232678e-04, 2.34155041e-04, 2.49791569e-03],
       [3.10358306e-01, 0.00000000e+00, 1.80625612e-02, ...,
        1.62794511e-04, 3.66945567e-04, 6.75355624e-04],
       [1.89949547e-02, 1.80625612e-02, 0.00000000e+00, ...,
        1.92661231e-03, 7.40967445e-04, 5.64650765e-03],
       ...,
       [3.10232678e-04, 1.62794511e-04, 1.92661231e-03, ...,
        0.00000000e+00, 6.56996918e-03, 1.67669635e-02],
       [2.34155041e-04, 3.66945567e-04, 7.40967445e-04, ...,
        6.56996918e-03, 0.00000000e+00, 2.31414335e-02],
       [2.49791569e-03, 6.75355624e-04, 5.64650765e-03, ...,
        1.67669635e-02, 2.31414335e-02, 0.00000000e+00]], shape=(45, 45)), 'molecular-dipole': array([0.98345948, 1.59773194, 1.24841224]), 'molecular-quadrupole': array([-67.1727142 , 181.962532  , -29.46932514, 248.41721002,
       260.59837453,  96.64203934])}
------------------------------------------------------------
  cycle        total energy    energy error   density error
------------------------------------------------------------
      1     -163.2742270625  -1.6320936E+02   6.8280077E-03
      2     -163.2503158729   2.3911190E-02   9.7066650E-03
      3     -163.0284901816   2.2182569E-01   2.7880662E-02
      4     -163.2721747985  -2.4368462E-01   4.7704182E-03
      5     -163.2739362839  -1.7614854E-03   2.8396534E-03
      6     -163.2744665332  -5.3024923E-04   1.4894602E-03
      7     -163.2745991138  -1.3258062E-04   7.5796888E-04
      8     -163.2745996807  -5.6692184E-07   4.9522179E-04
      9     -163.2746120857  -1.2404968E-05   3.2579946E-04
     10     -163.2746268458  -1.4760114E-05   1.2099538E-04
     11     -163.2746282647  -1.4189042E-06   4.9211179E-05
     12     -163.2746283985  -1.3381703E-07   2.1251749E-05
     13     -163.2746283788   1.9672711E-08   1.7146879E-05
------------------------------------------------------------

 total:                                  13.659 sec
3
{'bond-orders': array([[0.00000000e+00, 3.10254850e-01, 1.89874137e-02, ...,
        2.00850831e-04, 2.32495233e-04, 2.76930734e-03],
       [3.10254850e-01, 0.00000000e+00, 1.80864409e-02, ...,
        8.81467756e-05, 3.59134183e-04, 7.38743871e-04],
       [1.89874137e-02, 1.80864409e-02, 0.00000000e+00, ...,
        7.75603680e-04, 6.53546614e-04, 5.95845862e-03],
       ...,
       [2.00850831e-04, 8.81467756e-05, 7.75603680e-04, ...,
        0.00000000e+00, 5.00956985e-03, 1.50714171e-02],
       [2.32495233e-04, 3.59134183e-04, 6.53546614e-04, ...,
        5.00956985e-03, 0.00000000e+00, 2.27232145e-02],
       [2.76930734e-03, 7.38743871e-04, 5.95845862e-03, ...,
        1.50714171e-02, 2.27232145e-02, 0.00000000e+00]], shape=(45, 45))}
{'bond-orders': array([[0.00000000e+00, 3.10254850e-01, 1.89874137e-02, ...,
        2.00850831e-04, 2.32495233e-04, 2.76930734e-03],
       [3.10254850e-01, 0.00000000e+00, 1.80864409e-02, ...,
        8.81467756e-05, 3.59134183e-04, 7.38743871e-04],
       [1.89874137e-02, 1.80864409e-02, 0.00000000e+00, ...,
        7.75603680e-04, 6.53546614e-04, 5.95845862e-03],
       ...,
       [2.00850831e-04, 8.81467756e-05, 7.75603680e-04, ...,
        0.00000000e+00, 5.00956985e-03, 1.50714171e-02],
       [2.32495233e-04, 3.59134183e-04, 6.53546614e-04, ...,
        5.00956985e-03, 0.00000000e+00, 2.27232145e-02],
       [2.76930734e-03, 7.38743871e-04, 5.95845862e-03, ...,
        1.50714171e-02, 2.27232145e-02, 0.00000000e+00]], shape=(45, 45)), 'molecular-dipole': array([0.62821251, 1.38171472, 1.2106162 ])}
{'bond-orders': array([[0.00000000e+00, 3.10254850e-01, 1.89874137e-02, ...,
        2.00850831e-04, 2.32495233e-04, 2.76930734e-03],
       [3.10254850e-01, 0.00000000e+00, 1.80864409e-02, ...,
        8.81467756e-05, 3.59134183e-04, 7.38743871e-04],
       [1.89874137e-02, 1.80864409e-02, 0.00000000e+00, ...,
        7.75603680e-04, 6.53546614e-04, 5.95845862e-03],
       ...,
       [2.00850831e-04, 8.81467756e-05, 7.75603680e-04, ...,
        0.00000000e+00, 5.00956985e-03, 1.50714171e-02],
       [2.32495233e-04, 3.59134183e-04, 6.53546614e-04, ...,
        5.00956985e-03, 0.00000000e+00, 2.27232145e-02],
       [2.76930734e-03, 7.38743871e-04, 5.95845862e-03, ...,
        1.50714171e-02, 2.27232145e-02, 0.00000000e+00]], shape=(45, 45)), 'molecular-dipole': array([0.62821251, 1.38171472, 1.2106162 ]), 'molecular-quadrupole': array([-79.28212213, 159.39360641, -23.91687635, 204.01724864,
       234.18866575, 103.19899848])}
------------------------------------------------------------
  cycle        total energy    energy error   density error
------------------------------------------------------------
      1     -163.3652478213  -1.6322429E+02   7.8257189E-03
      2     -163.3650169216   2.3089974E-04   5.8074594E-03
      3     -163.3263117180   3.8705204E-02   1.1996526E-02
      4     -163.3203340605   5.9776575E-03   1.2136090E-02
      5     -163.3659049703  -4.5570910E-02   2.9371333E-03
      6     -163.3662978884  -3.9291811E-04   2.1771736E-03
      7     -163.3665013098  -2.0342141E-04   1.2820539E-03
      8     -163.3665789147  -7.7604899E-05   3.8435424E-04
      9     -163.3665948874  -1.5972680E-05   2.2018644E-04
     10     -163.3665971935  -2.3061296E-06   1.3328814E-04
     11     -163.3666005228  -3.3293200E-06   7.0392845E-05
     12     -163.3666014508  -9.2795082E-07   3.0128967E-05
     13     -163.3666015220  -7.1220938E-08   8.9230457E-06
------------------------------------------------------------

 total:                                  13.660 sec
3
{'bond-orders': array([[0.00000000e+00, 3.10478964e-01, 1.87659495e-02, ...,
        3.44377434e-04, 2.24395824e-04, 2.33727672e-03],
       [3.10478964e-01, 0.00000000e+00, 1.82656152e-02, ...,
        1.45889038e-04, 3.17579492e-04, 8.41503083e-04],
       [1.87659495e-02, 1.82656152e-02, 0.00000000e+00, ...,
        9.99849648e-04, 6.16357229e-04, 7.12807904e-03],
       ...,
       [3.44377434e-04, 1.45889038e-04, 9.99849648e-04, ...,
        0.00000000e+00, 4.36112236e-03, 1.61546090e-02],
       [2.24395824e-04, 3.17579492e-04, 6.16357229e-04, ...,
        4.36112236e-03, 0.00000000e+00, 2.32927379e-02],
       [2.33727672e-03, 8.41503083e-04, 7.12807904e-03, ...,
        1.61546090e-02, 2.32927379e-02, 0.00000000e+00]], shape=(45, 45))}
{'bond-orders': array([[0.00000000e+00, 3.10478964e-01, 1.87659495e-02, ...,
        3.44377434e-04, 2.24395824e-04, 2.33727672e-03],
       [3.10478964e-01, 0.00000000e+00, 1.82656152e-02, ...,
        1.45889038e-04, 3.17579492e-04, 8.41503083e-04],
       [1.87659495e-02, 1.82656152e-02, 0.00000000e+00, ...,
        9.99849648e-04, 6.16357229e-04, 7.12807904e-03],
       ...,
       [3.44377434e-04, 1.45889038e-04, 9.99849648e-04, ...,
        0.00000000e+00, 4.36112236e-03, 1.61546090e-02],
       [2.24395824e-04, 3.17579492e-04, 6.16357229e-04, ...,
        4.36112236e-03, 0.00000000e+00, 2.32927379e-02],
       [2.33727672e-03, 8.41503083e-04, 7.12807904e-03, ...,
        1.61546090e-02, 2.32927379e-02, 0.00000000e+00]], shape=(45, 45)), 'molecular-dipole': array([0.6114434 , 1.10279924, 1.13015896])}
{'bond-orders': array([[0.00000000e+00, 3.10478964e-01, 1.87659495e-02, ...,
        3.44377434e-04, 2.24395824e-04, 2.33727672e-03],
       [3.10478964e-01, 0.00000000e+00, 1.82656152e-02, ...,
        1.45889038e-04, 3.17579492e-04, 8.41503083e-04],
       [1.87659495e-02, 1.82656152e-02, 0.00000000e+00, ...,
        9.99849648e-04, 6.16357229e-04, 7.12807904e-03],
       ...,
       [3.44377434e-04, 1.45889038e-04, 9.99849648e-04, ...,
        0.00000000e+00, 4.36112236e-03, 1.61546090e-02],
       [2.24395824e-04, 3.17579492e-04, 6.16357229e-04, ...,
        4.36112236e-03, 0.00000000e+00, 2.32927379e-02],
       [2.33727672e-03, 8.41503083e-04, 7.12807904e-03, ...,
        1.61546090e-02, 2.32927379e-02, 0.00000000e+00]], shape=(45, 45)), 'molecular-dipole': array([0.6114434 , 1.10279924, 1.13015896]), 'molecular-quadrupole': array([-71.77703625, 140.78660781, -28.75677579, 193.73044768,
       193.98591555, 100.53381204])}
------------------------------------------------------------
  cycle        total energy    energy error   density error
------------------------------------------------------------
      1     -163.4178603175  -1.6322232E+02   6.8504415E-03
      2     -163.3785199746   3.9340343E-02   1.3853488E-02
      3     -163.1789545407   1.9956543E-01   2.7454070E-02
      4     -163.4102424841  -2.3128794E-01   6.4712076E-03
      5     -163.4179187915  -7.6763074E-03   4.3662585E-03
      6     -163.4185313407  -6.1254913E-04   2.4138925E-03
      7     -163.4191277412  -5.9640053E-04   1.1275151E-03
      8     -163.4192008885  -7.3147319E-05   4.4082318E-04
      9     -163.4192003988   4.8969028E-07   2.5257725E-04
     10     -163.4192099857  -9.5868827E-06   1.3117690E-04
     11     -163.4192109559  -9.7016758E-07   5.5632229E-05
     12     -163.4192109426   1.3269016E-08   3.8255061E-05
     13     -163.4192110987  -1.5606756E-07   1.5330931E-05
------------------------------------------------------------

 total:                                  13.636 sec
3
{'bond-orders': array([[0.00000000e+00, 3.10956949e-01, 1.86482860e-02, ...,
        3.57772239e-04, 2.14965599e-04, 1.91060693e-03],
       [3.10956949e-01, 0.00000000e+00, 1.85836739e-02, ...,
        1.70363362e-04, 3.08769407e-04, 9.05691616e-04],
       [1.86482860e-02, 1.85836739e-02, 0.00000000e+00, ...,
        9.26512004e-04, 5.44981497e-04, 7.08554831e-03],
       ...,
       [3.57772239e-04, 1.70363362e-04, 9.26512004e-04, ...,
        0.00000000e+00, 2.96926246e-03, 1.61938892e-02],
       [2.14965599e-04, 3.08769407e-04, 5.44981497e-04, ...,
        2.96926246e-03, 0.00000000e+00, 2.47791785e-02],
       [1.91060693e-03, 9.05691616e-04, 7.08554831e-03, ...,
        1.61938892e-02, 2.47791785e-02, 0.00000000e+00]], shape=(45, 45))}
{'bond-orders': array([[0.00000000e+00, 3.10956949e-01, 1.86482860e-02, ...,
        3.57772239e-04, 2.14965599e-04, 1.91060693e-03],
       [3.10956949e-01, 0.00000000e+00, 1.85836739e-02, ...,
        1.70363362e-04, 3.08769407e-04, 9.05691616e-04],
       [1.86482860e-02, 1.85836739e-02, 0.00000000e+00, ...,
        9.26512004e-04, 5.44981497e-04, 7.08554831e-03],
       ...,
       [3.57772239e-04, 1.70363362e-04, 9.26512004e-04, ...,
        0.00000000e+00, 2.96926246e-03, 1.61938892e-02],
       [2.14965599e-04, 3.08769407e-04, 5.44981497e-04, ...,
        2.96926246e-03, 0.00000000e+00, 2.47791785e-02],
       [1.91060693e-03, 9.05691616e-04, 7.08554831e-03, ...,
        1.61938892e-02, 2.47791785e-02, 0.00000000e+00]], shape=(45, 45)), 'molecular-dipole': array([0.53348708, 0.9737617 , 0.99635776])}
{'bond-orders': array([[0.00000000e+00, 3.10956949e-01, 1.86482860e-02, ...,
        3.57772239e-04, 2.14965599e-04, 1.91060693e-03],
       [3.10956949e-01, 0.00000000e+00, 1.85836739e-02, ...,
        1.70363362e-04, 3.08769407e-04, 9.05691616e-04],
       [1.86482860e-02, 1.85836739e-02, 0.00000000e+00, ...,
        9.26512004e-04, 5.44981497e-04, 7.08554831e-03],
       ...,
       [3.57772239e-04, 1.70363362e-04, 9.26512004e-04, ...,
        0.00000000e+00, 2.96926246e-03, 1.61938892e-02],
       [2.14965599e-04, 3.08769407e-04, 5.44981497e-04, ...,
        2.96926246e-03, 0.00000000e+00, 2.47791785e-02],
       [1.91060693e-03, 9.05691616e-04, 7.08554831e-03, ...,
        1.61938892e-02, 2.47791785e-02, 0.00000000e+00]], shape=(45, 45)), 'molecular-dipole': array([0.53348708, 0.9737617 , 0.99635776]), 'molecular-quadrupole': array([-66.25641692, 128.05494012, -26.36815685, 174.7961715 ,
       172.77948983,  92.62457377])}
------------------------------------------------------------
  cycle        total energy    energy error   density error
------------------------------------------------------------
      1     -163.4483965815  -1.6321916E+02   8.3491278E-03
      2     -163.2850443048   1.6335228E-01   2.5699072E-02
      3     -163.1113007959   1.7374351E-01   3.3378710E-02
      4     -163.4446834625  -3.3338267E-01   6.2101956E-03
      5     -163.4506236102  -5.9401477E-03   4.6652788E-03
      6     -163.4513486650  -7.2505484E-04   3.1489696E-03
      7     -163.4520042134  -6.5554845E-04   1.1764200E-03
      8     -163.4520658381  -6.1624661E-05   6.3086702E-04
      9     -163.4520873133  -2.1475208E-05   2.2848798E-04
     10     -163.4520890500  -1.7366557E-06   9.6038875E-05
     11     -163.4520897394  -6.8939542E-07   3.8388044E-05
     12     -163.4520897030   3.6335734E-08   3.1648171E-05
     13     -163.4520898251  -1.2212448E-07   1.3600404E-05
------------------------------------------------------------

 total:                                  13.725 sec
3
{'bond-orders': array([[0.00000000e+00, 3.11285706e-01, 1.85609599e-02, ...,
        2.83708366e-04, 1.80306033e-04, 1.45791756e-03],
       [3.11285706e-01, 0.00000000e+00, 1.88935400e-02, ...,
        1.74783825e-04, 2.75185077e-04, 9.07764900e-04],
       [1.85609599e-02, 1.88935400e-02, 0.00000000e+00, ...,
        6.99235715e-04, 4.02381826e-04, 6.44401269e-03],
       ...,
       [2.83708366e-04, 1.74783825e-04, 6.99235715e-04, ...,
        0.00000000e+00, 1.46285718e-03, 1.62216147e-02],
       [1.80306033e-04, 2.75185077e-04, 4.02381826e-04, ...,
        1.46285718e-03, 0.00000000e+00, 2.48331018e-02],
       [1.45791756e-03, 9.07764900e-04, 6.44401269e-03, ...,
        1.62216147e-02, 2.48331018e-02, 0.00000000e+00]], shape=(45, 45))}
{'bond-orders': array([[0.00000000e+00, 3.11285706e-01, 1.85609599e-02, ...,
        2.83708366e-04, 1.80306033e-04, 1.45791756e-03],
       [3.11285706e-01, 0.00000000e+00, 1.88935400e-02, ...,
        1.74783825e-04, 2.75185077e-04, 9.07764900e-04],
       [1.85609599e-02, 1.88935400e-02, 0.00000000e+00, ...,
        6.99235715e-04, 4.02381826e-04, 6.44401269e-03],
       ...,
       [2.83708366e-04, 1.74783825e-04, 6.99235715e-04, ...,
        0.00000000e+00, 1.46285718e-03, 1.62216147e-02],
       [1.80306033e-04, 2.75185077e-04, 4.02381826e-04, ...,
        1.46285718e-03, 0.00000000e+00, 2.48331018e-02],
       [1.45791756e-03, 9.07764900e-04, 6.44401269e-03, ...,
        1.62216147e-02, 2.48331018e-02, 0.00000000e+00]], shape=(45, 45)), 'molecular-dipole': array([0.41982936, 0.90443999, 0.76516811])}
{'bond-orders': array([[0.00000000e+00, 3.11285706e-01, 1.85609599e-02, ...,
        2.83708366e-04, 1.80306033e-04, 1.45791756e-03],
       [3.11285706e-01, 0.00000000e+00, 1.88935400e-02, ...,
        1.74783825e-04, 2.75185077e-04, 9.07764900e-04],
       [1.85609599e-02, 1.88935400e-02, 0.00000000e+00, ...,
        6.99235715e-04, 4.02381826e-04, 6.44401269e-03],
       ...,
       [2.83708366e-04, 1.74783825e-04, 6.99235715e-04, ...,
        0.00000000e+00, 1.46285718e-03, 1.62216147e-02],
       [1.80306033e-04, 2.75185077e-04, 4.02381826e-04, ...,
        1.46285718e-03, 0.00000000e+00, 2.48331018e-02],
       [1.45791756e-03, 9.07764900e-04, 6.44401269e-03, ...,
        1.62216147e-02, 2.48331018e-02, 0.00000000e+00]], shape=(45, 45)), 'molecular-dipole': array([0.41982936, 0.90443999, 0.76516811]), 'molecular-quadrupole': array([-58.63316126, 116.3962587 , -18.47831992, 148.04328934,
       157.6394362 ,  77.11148118])}
------------------------------------------------------------
  cycle        total energy    energy error   density error
------------------------------------------------------------
      1     -163.4685670995  -1.6322422E+02   8.0735254E-03
      2     -163.4116258075   5.6941292E-02   1.8567318E-02
      3     -163.2005844544   2.1104135E-01   2.9426965E-02
      4     -163.4446117129  -2.4402726E-01   1.0105240E-02
      5     -163.4695853425  -2.4973630E-02   4.7381813E-03
      6     -163.4705155315  -9.3018901E-04   3.0441393E-03
      7     -163.4712568843  -7.4135281E-04   1.1687216E-03
      8     -163.4713105410  -5.3656677E-05   6.2849315E-04
      9     -163.4713277100  -1.7169037E-05   3.0168787E-04
     10     -163.4713286672  -9.5717672E-07   1.7059633E-04
     11     -163.4713314174  -2.7501845E-06   8.3110638E-05
     12     -163.4713315420  -1.2462561E-07   4.5618185E-05
     13     -163.4713316045  -6.2504512E-08   2.2899877E-05
     14     -163.4713316718  -6.7288681E-08   1.2503856E-05
------------------------------------------------------------

 total:                                  14.057 sec
3
{'bond-orders': array([[0.00000000e+00, 3.11557810e-01, 1.85252323e-02, ...,
        1.98896530e-04, 1.79425483e-04, 1.06390830e-03],
       [3.11557810e-01, 0.00000000e+00, 1.91921893e-02, ...,
        1.49235113e-04, 2.71867553e-04, 9.08936057e-04],
       [1.85252323e-02, 1.91921893e-02, 0.00000000e+00, ...,
        6.09762032e-04, 3.55559054e-04, 5.90142054e-03],
       ...,
       [1.98896530e-04, 1.49235113e-04, 6.09762032e-04, ...,
        0.00000000e+00, 7.36629348e-04, 1.78238530e-02],
       [1.79425483e-04, 2.71867553e-04, 3.55559054e-04, ...,
        7.36629348e-04, 0.00000000e+00, 2.63168957e-02],
       [1.06390830e-03, 9.08936057e-04, 5.90142054e-03, ...,
        1.78238530e-02, 2.63168957e-02, 0.00000000e+00]], shape=(45, 45))}
{'bond-orders': array([[0.00000000e+00, 3.11557810e-01, 1.85252323e-02, ...,
        1.98896530e-04, 1.79425483e-04, 1.06390830e-03],
       [3.11557810e-01, 0.00000000e+00, 1.91921893e-02, ...,
        1.49235113e-04, 2.71867553e-04, 9.08936057e-04],
       [1.85252323e-02, 1.91921893e-02, 0.00000000e+00, ...,
        6.09762032e-04, 3.55559054e-04, 5.90142054e-03],
       ...,
       [1.98896530e-04, 1.49235113e-04, 6.09762032e-04, ...,
        0.00000000e+00, 7.36629348e-04, 1.78238530e-02],
       [1.79425483e-04, 2.71867553e-04, 3.55559054e-04, ...,
        7.36629348e-04, 0.00000000e+00, 2.63168957e-02],
       [1.06390830e-03, 9.08936057e-04, 5.90142054e-03, ...,
        1.78238530e-02, 2.63168957e-02, 0.00000000e+00]], shape=(45, 45)), 'molecular-dipole': array([0.31634714, 0.89770622, 0.53486624])}
{'bond-orders': array([[0.00000000e+00, 3.11557810e-01, 1.85252323e-02, ...,
        1.98896530e-04, 1.79425483e-04, 1.06390830e-03],
       [3.11557810e-01, 0.00000000e+00, 1.91921893e-02, ...,
        1.49235113e-04, 2.71867553e-04, 9.08936057e-04],
       [1.85252323e-02, 1.91921893e-02, 0.00000000e+00, ...,
        6.09762032e-04, 3.55559054e-04, 5.90142054e-03],
       ...,
       [1.98896530e-04, 1.49235113e-04, 6.09762032e-04, ...,
        0.00000000e+00, 7.36629348e-04, 1.78238530e-02],
       [1.79425483e-04, 2.71867553e-04, 3.55559054e-04, ...,
        7.36629348e-04, 0.00000000e+00, 2.63168957e-02],
       [1.06390830e-03, 9.08936057e-04, 5.90142054e-03, ...,
        1.78238530e-02, 2.63168957e-02, 0.00000000e+00]], shape=(45, 45)), 'molecular-dipole': array([0.31634714, 0.89770622, 0.53486624]), 'molecular-quadrupole': array([-51.44083289, 108.52623138,  -9.06967486, 123.39493839,
       150.51488664,  60.51050776])}
------------------------------------------------------------
  cycle        total energy    energy error   density error
------------------------------------------------------------
      1     -163.4841688976  -1.6323251E+02   9.9975966E-03
      2     -163.3715970403   1.1257186E-01   2.5502219E-02
      3     -163.0719004842   2.9969656E-01   3.6604229E-02
      4     -163.4453259585  -3.7342547E-01   1.2922836E-02
      5     -163.4866732278  -4.1347269E-02   5.1855409E-03
      6     -163.4878404379  -1.1672101E-03   3.4402987E-03
      7     -163.4886973344  -8.5689646E-04   1.4596151E-03
      8     -163.4887655860  -6.8251633E-05   9.2617351E-04
      9     -163.4887910480  -2.5462009E-05   5.3654364E-04
     10     -163.4888066532  -1.5605143E-05   2.0302231E-04
     11     -163.4888082749  -1.6217184E-06   8.7459385E-05
     12     -163.4888084376  -1.6269334E-07   5.0469805E-05
     13     -163.4888085090  -7.1383965E-08   2.1967174E-05
     14     -163.4888085449  -3.5897557E-08   1.1515422E-05
------------------------------------------------------------

 total:                                  13.642 sec
3
{'bond-orders': array([[0.00000000e+00, 3.11516500e-01, 1.84101813e-02, ...,
        1.23189046e-04, 1.89827310e-04, 8.29751288e-04],
       [3.11516500e-01, 0.00000000e+00, 1.93610952e-02, ...,
        9.90644355e-05, 2.66784633e-04, 8.92853225e-04],
       [1.84101813e-02, 1.93610952e-02, 0.00000000e+00, ...,
        5.54201808e-04, 3.04895776e-04, 5.31351837e-03],
       ...,
       [1.23189046e-04, 9.90644355e-05, 5.54201808e-04, ...,
        0.00000000e+00, 6.69827523e-04, 2.11482649e-02],
       [1.89827310e-04, 2.66784633e-04, 3.04895776e-04, ...,
        6.69827523e-04, 0.00000000e+00, 2.75599348e-02],
       [8.29751288e-04, 8.92853225e-04, 5.31351837e-03, ...,
        2.11482649e-02, 2.75599348e-02, 0.00000000e+00]], shape=(45, 45))}
{'bond-orders': array([[0.00000000e+00, 3.11516500e-01, 1.84101813e-02, ...,
        1.23189046e-04, 1.89827310e-04, 8.29751288e-04],
       [3.11516500e-01, 0.00000000e+00, 1.93610952e-02, ...,
        9.90644355e-05, 2.66784633e-04, 8.92853225e-04],
       [1.84101813e-02, 1.93610952e-02, 0.00000000e+00, ...,
        5.54201808e-04, 3.04895776e-04, 5.31351837e-03],
       ...,
       [1.23189046e-04, 9.90644355e-05, 5.54201808e-04, ...,
        0.00000000e+00, 6.69827523e-04, 2.11482649e-02],
       [1.89827310e-04, 2.66784633e-04, 3.04895776e-04, ...,
        6.69827523e-04, 0.00000000e+00, 2.75599348e-02],
       [8.29751288e-04, 8.92853225e-04, 5.31351837e-03, ...,
        2.11482649e-02, 2.75599348e-02, 0.00000000e+00]], shape=(45, 45)), 'molecular-dipole': array([0.22980148, 0.96275997, 0.19178264])}
{'bond-orders': array([[0.00000000e+00, 3.11516500e-01, 1.84101813e-02, ...,
        1.23189046e-04, 1.89827310e-04, 8.29751288e-04],
       [3.11516500e-01, 0.00000000e+00, 1.93610952e-02, ...,
        9.90644355e-05, 2.66784633e-04, 8.92853225e-04],
       [1.84101813e-02, 1.93610952e-02, 0.00000000e+00, ...,
        5.54201808e-04, 3.04895776e-04, 5.31351837e-03],
       ...,
       [1.23189046e-04, 9.90644355e-05, 5.54201808e-04, ...,
        0.00000000e+00, 6.69827523e-04, 2.11482649e-02],
       [1.89827310e-04, 2.66784633e-04, 3.04895776e-04, ...,
        6.69827523e-04, 0.00000000e+00, 2.75599348e-02],
       [8.29751288e-04, 8.92853225e-04, 5.31351837e-03, ...,
        2.11482649e-02, 2.75599348e-02, 0.00000000e+00]], shape=(45, 45)), 'molecular-dipole': array([0.22980148, 0.96275997, 0.19178264]), 'molecular-quadrupole': array([-39.65436266, 103.69520454,   5.67195155,  96.48215218,
       149.75660427,  33.98241112])}
------------------------------------------------------------
  cycle        total energy    energy error   density error
------------------------------------------------------------
      1     -163.4971499838  -1.6324463E+02   9.8646591E-03
      2     -163.3314115391   1.6573844E-01   2.8581866E-02
      3     -163.0534303729   2.7798117E-01   3.7968100E-02
      4     -163.4691987802  -4.1576841E-01   1.1595237E-02
      5     -163.5004501852  -3.1251405E-02   4.5711269E-03
      6     -163.5013231779  -8.7299269E-04   2.9328409E-03
      7     -163.5018231347  -4.9995678E-04   1.3627810E-03
      8     -163.5018782569  -5.5122289E-05   9.5305134E-04
      9     -163.5019066165  -2.8359504E-05   5.2232567E-04
     10     -163.5019212386  -1.4622108E-05   1.9918864E-04
     11     -163.5019238668  -2.6282447E-06   7.0795243E-05
     12     -163.5019240699  -2.0314388E-07   4.2412199E-05
     13     -163.5019241441  -7.4131123E-08   1.6692216E-05
------------------------------------------------------------

 total:                                  11.954 sec
3
{'bond-orders': array([[0.00000000e+00, 3.11174513e-01, 1.81552242e-02, ...,
        1.17897803e-04, 2.05415263e-04, 9.01696560e-04],
       [3.11174513e-01, 0.00000000e+00, 1.92848646e-02, ...,
        5.97642089e-05, 2.58605998e-04, 9.00007433e-04],
       [1.81552242e-02, 1.92848646e-02, 0.00000000e+00, ...,
        5.29728506e-04, 2.38323913e-04, 4.78932779e-03],
       ...,
       [1.17897803e-04, 5.97642089e-05, 5.29728506e-04, ...,
        0.00000000e+00, 1.25846702e-03, 2.40597108e-02],
       [2.05415263e-04, 2.58605998e-04, 2.38323913e-04, ...,
        1.25846702e-03, 0.00000000e+00, 2.81421734e-02],
       [9.01696560e-04, 9.00007433e-04, 4.78932779e-03, ...,
        2.40597108e-02, 2.81421734e-02, 0.00000000e+00]], shape=(45, 45))}
{'bond-orders': array([[0.00000000e+00, 3.11174513e-01, 1.81552242e-02, ...,
        1.17897803e-04, 2.05415263e-04, 9.01696560e-04],
       [3.11174513e-01, 0.00000000e+00, 1.92848646e-02, ...,
        5.97642089e-05, 2.58605998e-04, 9.00007433e-04],
       [1.81552242e-02, 1.92848646e-02, 0.00000000e+00, ...,
        5.29728506e-04, 2.38323913e-04, 4.78932779e-03],
       ...,
       [1.17897803e-04, 5.97642089e-05, 5.29728506e-04, ...,
        0.00000000e+00, 1.25846702e-03, 2.40597108e-02],
       [2.05415263e-04, 2.58605998e-04, 2.38323913e-04, ...,
        1.25846702e-03, 0.00000000e+00, 2.81421734e-02],
       [9.01696560e-04, 9.00007433e-04, 4.78932779e-03, ...,
        2.40597108e-02, 2.81421734e-02, 0.00000000e+00]], shape=(45, 45)), 'molecular-dipole': array([ 0.19697239,  1.04817807, -0.2119951 ])}
{'bond-orders': array([[0.00000000e+00, 3.11174513e-01, 1.81552242e-02, ...,
        1.17897803e-04, 2.05415263e-04, 9.01696560e-04],
       [3.11174513e-01, 0.00000000e+00, 1.92848646e-02, ...,
        5.97642089e-05, 2.58605998e-04, 9.00007433e-04],
       [1.81552242e-02, 1.92848646e-02, 0.00000000e+00, ...,
        5.29728506e-04, 2.38323913e-04, 4.78932779e-03],
       ...,
       [1.17897803e-04, 5.97642089e-05, 5.29728506e-04, ...,
        0.00000000e+00, 1.25846702e-03, 2.40597108e-02],
       [2.05415263e-04, 2.58605998e-04, 2.38323913e-04, ...,
        1.25846702e-03, 0.00000000e+00, 2.81421734e-02],
       [9.01696560e-04, 9.00007433e-04, 4.78932779e-03, ...,
        2.40597108e-02, 2.81421734e-02, 0.00000000e+00]], shape=(45, 45)), 'molecular-dipole': array([ 0.19697239,  1.04817807, -0.2119951 ]), 'molecular-quadrupole': array([-23.67571418, 101.65154747,  22.18891735,  74.64052287,
       150.66173567,   1.48679683])}
------------------------------------------------------------
  cycle        total energy    energy error   density error
------------------------------------------------------------
      1     -163.5060634123  -1.6325634E+02   9.0555732E-03
      2     -163.2527912649   2.5327215E-01   3.2578291E-02
      3     -163.1455621513   1.0722911E-01   3.4489785E-02
      4     -163.4927111647  -3.4714901E-01   9.1303736E-03
      5     -163.5098736169  -1.7162452E-02   3.7460989E-03
      6     -163.5104584470  -5.8483013E-04   2.3624528E-03
      7     -163.5106663496  -2.0790255E-04   1.0796731E-03
      8     -163.5107044468  -3.8097225E-05   8.6948656E-04
      9     -163.5107321488  -2.7702057E-05   4.3425362E-04
     10     -163.5107417693  -9.6204460E-06   1.5717192E-04
     11     -163.5107439437  -2.1743737E-06   5.3372894E-05
     12     -163.5107441871  -2.4346639E-07   3.3886799E-05
     13     -163.5107442404  -5.3323646E-08   1.6284027E-05
------------------------------------------------------------

 total:                                  10.220 sec
3
{'bond-orders': array([[0.00000000e+00, 3.10552827e-01, 1.80764064e-02, ...,
        1.74139837e-04, 2.23414373e-04, 1.33936207e-03],
       [3.10552827e-01, 0.00000000e+00, 1.89437426e-02, ...,
        4.33057211e-05, 2.59171457e-04, 1.05109302e-03],
       [1.80764064e-02, 1.89437426e-02, 0.00000000e+00, ...,
        4.93591732e-04, 1.46739480e-04, 4.17208737e-03],
       ...,
       [1.74139837e-04, 4.33057211e-05, 4.93591732e-04, ...,
        0.00000000e+00, 2.06545473e-03, 2.54527414e-02],
       [2.23414373e-04, 2.59171457e-04, 1.46739480e-04, ...,
        2.06545473e-03, 0.00000000e+00, 2.81470028e-02],
       [1.33936207e-03, 1.05109302e-03, 4.17208737e-03, ...,
        2.54527414e-02, 2.81470028e-02, 0.00000000e+00]], shape=(45, 45))}
{'bond-orders': array([[0.00000000e+00, 3.10552827e-01, 1.80764064e-02, ...,
        1.74139837e-04, 2.23414373e-04, 1.33936207e-03],
       [3.10552827e-01, 0.00000000e+00, 1.89437426e-02, ...,
        4.33057211e-05, 2.59171457e-04, 1.05109302e-03],
       [1.80764064e-02, 1.89437426e-02, 0.00000000e+00, ...,
        4.93591732e-04, 1.46739480e-04, 4.17208737e-03],
       ...,
       [1.74139837e-04, 4.33057211e-05, 4.93591732e-04, ...,
        0.00000000e+00, 2.06545473e-03, 2.54527414e-02],
       [2.23414373e-04, 2.59171457e-04, 1.46739480e-04, ...,
        2.06545473e-03, 0.00000000e+00, 2.81470028e-02],
       [1.33936207e-03, 1.05109302e-03, 4.17208737e-03, ...,
        2.54527414e-02, 2.81470028e-02, 0.00000000e+00]], shape=(45, 45)), 'molecular-dipole': array([ 0.21433264,  1.11992526, -0.65434112])}
{'bond-orders': array([[0.00000000e+00, 3.10552827e-01, 1.80764064e-02, ...,
        1.74139837e-04, 2.23414373e-04, 1.33936207e-03],
       [3.10552827e-01, 0.00000000e+00, 1.89437426e-02, ...,
        4.33057211e-05, 2.59171457e-04, 1.05109302e-03],
       [1.80764064e-02, 1.89437426e-02, 0.00000000e+00, ...,
        4.93591732e-04, 1.46739480e-04, 4.17208737e-03],
       ...,
       [1.74139837e-04, 4.33057211e-05, 4.93591732e-04, ...,
        0.00000000e+00, 2.06545473e-03, 2.54527414e-02],
       [2.23414373e-04, 2.59171457e-04, 1.46739480e-04, ...,
        2.06545473e-03, 0.00000000e+00, 2.81470028e-02],
       [1.33936207e-03, 1.05109302e-03, 4.17208737e-03, ...,
        2.54527414e-02, 2.81470028e-02, 0.00000000e+00]], shape=(45, 45)), 'molecular-dipole': array([ 0.21433264,  1.11992526, -0.65434112]), 'molecular-quadrupole': array([ -3.93674587, 100.87526405,  38.68369863,  58.03368047,
       148.82509468, -34.74695276])}
------------------------------------------------------------
  cycle        total energy    energy error   density error
------------------------------------------------------------
      1     -163.5125708711  -1.6326745E+02   7.7991972E-03
      2     -163.2464455913   2.6612528E-01   3.2465922E-02
      3     -163.2563339033  -9.8883120E-03   2.9269574E-02
      4     -163.5079446925  -2.5161079E-01   6.8324553E-03
      5     -163.5161398250  -8.1951324E-03   2.7221890E-03
      6     -163.5163965771  -2.5675208E-04   1.8212296E-03
      7     -163.5164912235  -9.4646444E-05   8.3817968E-04
      8     -163.5165148959  -2.3672406E-05   6.7372471E-04
