/home/ans819/.conda/envs/autoflow/lib/python3.13/site-packages/e3nn/o3/_wigner.py:10: UserWarning: Environment variable TORCH_FORCE_NO_WEIGHTS_ONLY_LOAD detected, since the`weights_only` argument was not explicitly passed to `torch.load`, forcing weights_only=False.
  _Jd, _W3j_flat, _W3j_indices = torch.load(os.path.join(os.path.dirname(__file__), 'constants.pt'))

          ==================== Thresholds ====================
          CN  :   150.00000
          rep :   500.00000
          disp:  2500.00000
          HB1 :   250.00000
          HB2 :   450.00000

          Pauling EN used:
          Z : 1  EN :  2.20
          Z : 6  EN :  2.55
          Z : 8  EN :  3.44
          Z :47  EN :  1.93
          electric field strengths (au): 0.000

           ------------------------------------------------- 
          |           Force Field Initialization            |
           ------------------------------------------------- 

          distances ...
          ----------------------------------------
          generating topology and atomic info file ...
          pair mat ...
          computing topology distances matrix with Floyd-Warshall algo ...
          making topology EEQ charges ...
          #fragments for EEQ constrain: 1
          ----------------------------------------
          generating topology and atomic info file ...
          pair mat ...
          computing topology distances matrix with Floyd-Warshall algo ...
          making topology EEQ charges ...
          #fragments for EEQ constrain: 1
          rings ...
          # BATM   3519
          # H in HB   0

  atom   neighbors  erfCN metchar sp-hybrid imet pi  qest     coordinates
    1  Ag      2    1.35   0.37         2    2    0   0.004    3.263999    0.356229   26.218690
    2  Ag      5    3.15   0.31         0    2    0   0.018    6.754308    4.630967   26.218690
    3  Ag      9    4.27   0.07         0    2    0   0.009   15.480082    8.193249   27.811791
    4  Ag      7    3.92   0.19         0    2    0   0.012   11.989772    3.918511   27.811791
    5  Ag      7    3.92   0.19         0    2    0   0.012   20.715546    7.480793   29.404892
    6  Ag      6    3.59   0.27         0    2    0   0.013   17.225236    3.206054   29.404892
    7  Ag      9    4.27   0.07         0    2    0   0.012    8.499463    6.768336   30.997993
    8  Ag      6    3.59   0.23         0    2    0   0.023    5.009154    2.493598   30.997993
    9  Ag     12    4.39   0.01         0    2    0   0.007   13.734927    6.055880   32.591094
   10  Ag      7    3.92   0.19         0    2    0   0.016   10.244618    1.781141   32.591094
   11  Ag      9    4.27   0.07         0    2    0   0.013   18.970391    5.343423   34.184195
   12  Ag      6    3.59   0.27         0    2    0   0.020   15.480082    1.068685   34.184195
   13  Ag      8    4.14   0.11         0    2    0   0.029    6.754308    4.630967   35.777296
   14  Ag      3    2.00   0.37         2    2    0   0.016    3.263999    0.356229   35.777296
   15  Ag      8    4.14   0.12         0    2    0   0.028   11.989772    3.918511   37.370397
   16  Ag     10    4.34   0.04         0    2    0   0.019   15.480082    8.193249   37.370397
   17  Ag      5    3.15   0.34         0    2    0   0.019   17.225236    3.206054   38.963498
   18  Ag      6    3.59   0.26         0    2    0   0.018   20.715546    7.480793   38.963498
   19  Ag      3    2.00   0.37         2    2    0   0.033    5.009154    2.493598   40.556598
   20  Ag      8    4.29   0.04         0    2    0   0.137    8.499463    6.768336   40.556598
   21  Ag      6    3.59   0.26         0    2    0   0.014   10.244618    8.905705   26.218690
   22  Ag      5    3.15   0.34         0    2    0   0.016   13.734927   13.180444   26.218690
   23  Ag      4    2.61   0.38         3    2    0   0.016   22.460700   16.742726   27.811791
   24  Ag      8    4.14   0.12         0    2    0   0.011   18.970391   12.467987   27.811791
   25  Ag      3    2.00   0.39         2    2    0   0.011   27.696164   16.030269   29.404892
   26  Ag      7    3.92   0.19         0    2    0   0.013   24.205855   11.755531   29.404892
   27  Ag      6    3.59   0.27         0    2    0   0.018   15.480082   15.317813   30.997993
   28  Ag      9    4.27   0.07         0    2    0   0.012   11.989772   11.043075   30.997993
   29  Ag      9    4.27   0.07         0    2    0   0.009   20.715546   14.605357   32.591094
/home/ans819/.conda/envs/autoflow/lib/python3.13/site-packages/mace/calculators/mace.py:197: UserWarning: Environment variable TORCH_FORCE_NO_WEIGHTS_ONLY_LOAD detected, since the`weights_only` argument was not explicitly passed to `torch.load`, forcing weights_only=False.
  torch.load(f=model_path, map_location=device)
/home/ans819/.conda/envs/autoflow/lib/python3.13/site-packages/chgnet/model/model.py:898: UserWarning: Converting a tensor with requires_grad=True to a scalar may lead to unexpected behavior.
Consider using tensor.detach() first. (Triggered internally at /pytorch/torch/csrc/autograd/generated/python_variable_methods.cpp:836.)
  volumes = torch.tensor(volumes, dtype=TORCH_DTYPE, device=atomic_numbers.device)
cuequivariance or cuequivariance_torch is not available. Cuequivariance acceleration will be disabled.
------------------------------------------------------------
  cycle        total energy    energy error   density error
------------------------------------------------------------
      1     -163.0353835103  -1.6283577E+02   1.0026054E+00
      2     -162.5371736178   4.9820989E-01   6.1625809E-01
      3     -65.72139318012   9.6815780E+01   1.1832108E+00
      4     -133.3562622401  -6.7634869E+01   4.0558723E-01
      5      141.4585181556   2.7481478E+02   1.3538980E+00
      6     -101.1756415982  -2.4263416E+02   4.6382433E-01
      7     -157.7279961315  -5.6552355E+01   1.7951838E-01
      8     -161.8251149830  -4.0971189E+00   9.9799576E-02
      9     -163.2117217734  -1.3866068E+00   5.3895042E-02
     10     -163.3374164422  -1.2569467E-01   4.2678030E-02
     11     -163.3569879824  -1.9571540E-02   3.7740467E-02
     12     -163.3687333271  -1.1745345E-02   2.7926883E-02
     13     -163.3856479925  -1.6914665E-02   2.2359362E-02
     14     -163.3840338316   1.6141609E-03   2.0808470E-02
     15     -163.3852605319  -1.2267003E-03   1.9882543E-02
     16     -163.3866062004  -1.3456686E-03   1.8544330E-02
     17     -163.3874999182  -8.9371782E-04   1.4362190E-02
     18     -163.3888784642  -1.3785459E-03   1.0295968E-02
     19     -163.3896962777  -8.1781349E-04   9.3403230E-03
     20     -163.3906658818  -9.6960411E-04   7.4161651E-03
     21     -163.3939388562  -3.2729744E-03   3.7391598E-03
     22     -163.3943180455  -3.7918933E-04   2.1436914E-03
     23     -163.3943636047  -4.5559164E-05   1.9221888E-03
     24     -163.3943707996  -7.1948953E-06   1.8824296E-03
     25     -163.3943320836   3.8715913E-05   2.0354429E-03
     26     -163.3943791658  -4.7082121E-05   1.8771968E-03
     27     -163.3943888448  -9.6790433E-06   1.8360768E-03
     28     -163.3943964413  -7.5964662E-06   1.7685980E-03
     29     -163.3944188579  -2.2416623E-05   1.5886085E-03
     30     -163.3944212282  -2.3703562E-06   1.5674895E-03
     31     -163.3944267228  -5.4945726E-06   1.5143458E-03
     32     -163.3944550041  -2.8281292E-05   1.1676194E-03
     33     -163.3944718618  -1.6857701E-05   8.2070584E-04
     34     -163.3944845704  -1.2708583E-05   3.7140752E-04
     35     -163.3944870373  -2.4668540E-06   2.0264607E-04
     36     -163.3944878290  -7.9172673E-07   6.5154616E-05
     37     -163.3944879172  -8.8260805E-08   2.2756005E-05
     38     -163.3944879320  -1.4795916E-08   1.5493796E-05
------------------------------------------------------------

 total:                                  20.707 sec
3
{'bond-orders': array([[0.00000000e+00, 3.08171928e-01, 2.36184963e-02, ...,
        4.08144170e-04, 9.58345880e-05, 1.04136079e-03],
       [3.08171928e-01, 0.00000000e+00, 2.46087515e-02, ...,
        1.97453858e-04, 3.18768736e-05, 1.32389575e-03],
       [2.36184963e-02, 2.46087515e-02, 0.00000000e+00, ...,
        7.86734793e-05, 8.92210138e-05, 1.24516777e-03],
       ...,
       [4.08144170e-04, 1.97453858e-04, 7.86734793e-05, ...,
        0.00000000e+00, 3.39328893e-03, 6.05564539e-03],
       [9.58345880e-05, 3.18768736e-05, 8.92210138e-05, ...,
        3.39328893e-03, 0.00000000e+00, 2.08815044e-02],
       [1.04136079e-03, 1.32389575e-03, 1.24516777e-03, ...,
        6.05564539e-03, 2.08815044e-02, 0.00000000e+00]], shape=(45, 45))}
{'bond-orders': array([[0.00000000e+00, 3.08171928e-01, 2.36184963e-02, ...,
        4.08144170e-04, 9.58345880e-05, 1.04136079e-03],
       [3.08171928e-01, 0.00000000e+00, 2.46087515e-02, ...,
        1.97453858e-04, 3.18768736e-05, 1.32389575e-03],
       [2.36184963e-02, 2.46087515e-02, 0.00000000e+00, ...,
        7.86734793e-05, 8.92210138e-05, 1.24516777e-03],
       ...,
       [4.08144170e-04, 1.97453858e-04, 7.86734793e-05, ...,
        0.00000000e+00, 3.39328893e-03, 6.05564539e-03],
       [9.58345880e-05, 3.18768736e-05, 8.92210138e-05, ...,
        3.39328893e-03, 0.00000000e+00, 2.08815044e-02],
       [1.04136079e-03, 1.32389575e-03, 1.24516777e-03, ...,
        6.05564539e-03, 2.08815044e-02, 0.00000000e+00]], shape=(45, 45)), 'molecular-dipole': array([-0.12396978,  1.04465906,  0.72626557])}
{'bond-orders': array([[0.00000000e+00, 3.08171928e-01, 2.36184963e-02, ...,
        4.08144170e-04, 9.58345880e-05, 1.04136079e-03],
       [3.08171928e-01, 0.00000000e+00, 2.46087515e-02, ...,
        1.97453858e-04, 3.18768736e-05, 1.32389575e-03],
       [2.36184963e-02, 2.46087515e-02, 0.00000000e+00, ...,
        7.86734793e-05, 8.92210138e-05, 1.24516777e-03],
       ...,
       [4.08144170e-04, 1.97453858e-04, 7.86734793e-05, ...,
        0.00000000e+00, 3.39328893e-03, 6.05564539e-03],
       [9.58345880e-05, 3.18768736e-05, 8.92210138e-05, ...,
        3.39328893e-03, 0.00000000e+00, 2.08815044e-02],
       [1.04136079e-03, 1.32389575e-03, 1.24516777e-03, ...,
        6.05564539e-03, 2.08815044e-02, 0.00000000e+00]], shape=(45, 45)), 'molecular-dipole': array([-0.12396978,  1.04465906,  0.72626557]), 'molecular-quadrupole': array([-66.80781604,  36.22907491, -42.97008902,  49.97998335,
       167.17686455, 109.77790506])}
------------------------------------------------------------
  cycle        total energy    energy error   density error
------------------------------------------------------------
      1     -163.4226407949  -1.6320646E+02   9.8437655E-03
      2     -163.3745973794   4.8043415E-02   1.5064390E-02
      3     -162.8959465921   4.7865079E-01   4.1765282E-02
      4     -163.4233616560  -5.2741506E-01   5.3825907E-03
      5     -163.4230760521   2.8560394E-04   4.6911007E-03
      6     -163.4225641175   5.1193465E-04   4.5483631E-03
      7     -163.4231156605  -5.5154300E-04   3.0675629E-03
      8     -163.4245514713  -1.4358109E-03   1.1900635E-03
      9     -163.4245928986  -4.1427317E-05   4.9495733E-04
     10     -163.4246203181  -2.7419473E-05   2.4859571E-04
     11     -163.4246261697  -5.8516161E-06   8.1122940E-05
     12     -163.4246264020  -2.3228480E-07   5.1208488E-05
     13     -163.4246264099  -7.8855180E-09   3.6007987E-05
     14     -163.4246264179  -8.0583220E-09   2.5028783E-05
     15     -163.4246265007  -8.2721044E-08   1.6452051E-05
------------------------------------------------------------

 total:                                  13.780 sec
3
{'bond-orders': array([[0.00000000e+00, 3.08208342e-01, 2.35685590e-02, ...,
        5.12416956e-04, 1.07771463e-04, 9.05468158e-04],
       [3.08208342e-01, 0.00000000e+00, 2.40891986e-02, ...,
        2.19099437e-04, 3.16363508e-05, 1.17761909e-03],
       [2.35685590e-02, 2.40891986e-02, 0.00000000e+00, ...,
        1.09619565e-04, 1.03284896e-04, 1.08459306e-03],
       ...,
       [5.12416956e-04, 2.19099437e-04, 1.09619565e-04, ...,
        0.00000000e+00, 4.07255102e-03, 7.76790692e-03],
       [1.07771463e-04, 3.16363508e-05, 1.03284896e-04, ...,
        4.07255102e-03, 0.00000000e+00, 2.54857630e-02],
       [9.05468158e-04, 1.17761909e-03, 1.08459306e-03, ...,
        7.76790692e-03, 2.54857630e-02, 0.00000000e+00]], shape=(45, 45))}
{'bond-orders': array([[0.00000000e+00, 3.08208342e-01, 2.35685590e-02, ...,
        5.12416956e-04, 1.07771463e-04, 9.05468158e-04],
       [3.08208342e-01, 0.00000000e+00, 2.40891986e-02, ...,
        2.19099437e-04, 3.16363508e-05, 1.17761909e-03],
       [2.35685590e-02, 2.40891986e-02, 0.00000000e+00, ...,
        1.09619565e-04, 1.03284896e-04, 1.08459306e-03],
       ...,
       [5.12416956e-04, 2.19099437e-04, 1.09619565e-04, ...,
        0.00000000e+00, 4.07255102e-03, 7.76790692e-03],
       [1.07771463e-04, 3.16363508e-05, 1.03284896e-04, ...,
        4.07255102e-03, 0.00000000e+00, 2.54857630e-02],
       [9.05468158e-04, 1.17761909e-03, 1.08459306e-03, ...,
        7.76790692e-03, 2.54857630e-02, 0.00000000e+00]], shape=(45, 45)), 'molecular-dipole': array([-0.0091927 ,  1.06259235,  0.63390804])}
{'bond-orders': array([[0.00000000e+00, 3.08208342e-01, 2.35685590e-02, ...,
        5.12416956e-04, 1.07771463e-04, 9.05468158e-04],
       [3.08208342e-01, 0.00000000e+00, 2.40891986e-02, ...,
        2.19099437e-04, 3.16363508e-05, 1.17761909e-03],
       [2.35685590e-02, 2.40891986e-02, 0.00000000e+00, ...,
        1.09619565e-04, 1.03284896e-04, 1.08459306e-03],
       ...,
       [5.12416956e-04, 2.19099437e-04, 1.09619565e-04, ...,
        0.00000000e+00, 4.07255102e-03, 7.76790692e-03],
       [1.07771463e-04, 3.16363508e-05, 1.03284896e-04, ...,
        4.07255102e-03, 0.00000000e+00, 2.54857630e-02],
       [9.05468158e-04, 1.17761909e-03, 1.08459306e-03, ...,
        7.76790692e-03, 2.54857630e-02, 0.00000000e+00]], shape=(45, 45)), 'molecular-dipole': array([-0.0091927 ,  1.06259235,  0.63390804]), 'molecular-quadrupole': array([-60.12547592,  40.83668604, -40.5282709 ,  61.45811204,
       167.4616708 , 100.65374682])}
------------------------------------------------------------
  cycle        total energy    energy error   density error
------------------------------------------------------------
      1     -163.4415324364  -1.6322361E+02   1.5198472E-02
      2     -163.3123377906   1.2919465E-01   2.3970668E-02
      3     -162.2141867111   1.0981511E+00   6.3727081E-02
      4     -163.4436427730  -1.2294561E+00   8.0838329E-03
      5     -163.4438779814  -2.3520836E-04   6.8567336E-03
      6     -163.4375659602   6.3120212E-03   8.1348631E-03
      7     -163.4413662240  -3.8002638E-03   5.0590859E-03
      8     -163.4462207321  -4.8545081E-03   1.8110553E-03
      9     -163.4463119147  -9.1182581E-05   8.4726293E-04
     10     -163.4463762782  -6.4363545E-05   4.5445958E-04
     11     -163.4463904703  -1.4192053E-05   1.7950962E-04
     12     -163.4463903832   8.7119560E-08   1.3180472E-04
     13     -163.4463899425   4.4064944E-07   1.0545893E-04
     14     -163.4463907220  -7.7950125E-07   5.7432400E-05
     15     -163.4463913772  -6.5516898E-07   2.8706486E-05
     16     -163.4463914911  -1.1389324E-07   8.5966080E-06
------------------------------------------------------------

 total:                                  14.132 sec
3
{'bond-orders': array([[0.00000000e+00, 3.07704011e-01, 2.28065173e-02, ...,
        6.93455589e-04, 1.15980233e-04, 7.55558895e-04],
       [3.07704011e-01, 0.00000000e+00, 2.34354107e-02, ...,
        2.86462466e-04, 3.31101925e-05, 9.24376953e-04],
       [2.28065173e-02, 2.34354107e-02, 0.00000000e+00, ...,
        2.06543811e-04, 1.10251598e-04, 9.65400732e-04],
       ...,
       [6.93455589e-04, 2.86462466e-04, 2.06543811e-04, ...,
        0.00000000e+00, 5.32479033e-03, 1.26705014e-02],
       [1.15980233e-04, 3.31101925e-05, 1.10251598e-04, ...,
        5.32479033e-03, 0.00000000e+00, 3.16347295e-02],
       [7.55558895e-04, 9.24376953e-04, 9.65400732e-04, ...,
        1.26705014e-02, 3.16347295e-02, 0.00000000e+00]], shape=(45, 45))}
{'bond-orders': array([[0.00000000e+00, 3.07704011e-01, 2.28065173e-02, ...,
        6.93455589e-04, 1.15980233e-04, 7.55558895e-04],
       [3.07704011e-01, 0.00000000e+00, 2.34354107e-02, ...,
        2.86462466e-04, 3.31101925e-05, 9.24376953e-04],
       [2.28065173e-02, 2.34354107e-02, 0.00000000e+00, ...,
        2.06543811e-04, 1.10251598e-04, 9.65400732e-04],
       ...,
       [6.93455589e-04, 2.86462466e-04, 2.06543811e-04, ...,
        0.00000000e+00, 5.32479033e-03, 1.26705014e-02],
       [1.15980233e-04, 3.31101925e-05, 1.10251598e-04, ...,
        5.32479033e-03, 0.00000000e+00, 3.16347295e-02],
       [7.55558895e-04, 9.24376953e-04, 9.65400732e-04, ...,
        1.26705014e-02, 3.16347295e-02, 0.00000000e+00]], shape=(45, 45)), 'molecular-dipole': array([0.08239316, 1.06474791, 0.51301697])}
{'bond-orders': array([[0.00000000e+00, 3.07704011e-01, 2.28065173e-02, ...,
        6.93455589e-04, 1.15980233e-04, 7.55558895e-04],
       [3.07704011e-01, 0.00000000e+00, 2.34354107e-02, ...,
        2.86462466e-04, 3.31101925e-05, 9.24376953e-04],
       [2.28065173e-02, 2.34354107e-02, 0.00000000e+00, ...,
        2.06543811e-04, 1.10251598e-04, 9.65400732e-04],
       ...,
       [6.93455589e-04, 2.86462466e-04, 2.06543811e-04, ...,
        0.00000000e+00, 5.32479033e-03, 1.26705014e-02],
       [1.15980233e-04, 3.31101925e-05, 1.10251598e-04, ...,
        5.32479033e-03, 0.00000000e+00, 3.16347295e-02],
       [7.55558895e-04, 9.24376953e-04, 9.65400732e-04, ...,
        1.26705014e-02, 3.16347295e-02, 0.00000000e+00]], shape=(45, 45)), 'molecular-dipole': array([0.08239316, 1.06474791, 0.51301697]), 'molecular-quadrupole': array([-52.66787533,  44.82577541, -37.03670765,  70.0926588 ,
       165.21688065,  89.70458298])}
------------------------------------------------------------
  cycle        total energy    energy error   density error
------------------------------------------------------------
      1     -163.4554764758  -1.6323543E+02   1.2337843E-02
      2     -163.3750280414   8.0448434E-02   1.9723379E-02
      3     -162.7128527571   6.6217528E-01   4.9613322E-02
      4     -163.4537432748  -7.4089052E-01   7.0961668E-03
      5     -163.4572394809  -3.4962061E-03   6.0683344E-03
      6     -163.4522426936   4.9967873E-03   5.7385481E-03
      7     -163.4572755496  -5.0328560E-03   2.9620133E-03
      8     -163.4587103613  -1.4348118E-03   1.4945805E-03
      9     -163.4588586034  -1.4824206E-04   5.9091773E-04
     10     -163.4588722023  -1.3598972E-05   3.6133425E-04
     11     -163.4588717362   4.6612124E-07   2.2414026E-04
     12     -163.4588720281  -2.9185401E-07   1.6684042E-04
     13     -163.4588764194  -4.3913523E-06   7.9233826E-05
     14     -163.4588772189  -7.9945067E-07   2.4318160E-05
     15     -163.4588772804  -6.1486617E-08   1.3554199E-05
------------------------------------------------------------

 total:                                  13.845 sec
3
{'bond-orders': array([[0.00000000e+00, 3.07238362e-01, 2.17493642e-02, ...,
        8.32747217e-04, 1.10320182e-04, 6.88427027e-04],
       [3.07238362e-01, 0.00000000e+00, 2.30608129e-02, ...,
        3.44446049e-04, 3.17161070e-05, 7.93221959e-04],
       [2.17493642e-02, 2.30608129e-02, 0.00000000e+00, ...,
        3.16254586e-04, 1.03899009e-04, 9.84339346e-04],
       ...,
       [8.32747217e-04, 3.44446049e-04, 3.16254586e-04, ...,
        0.00000000e+00, 6.83118169e-03, 1.74677870e-02],
       [1.10320182e-04, 3.17161070e-05, 1.03899009e-04, ...,
        6.83118169e-03, 0.00000000e+00, 3.42998280e-02],
       [6.88427027e-04, 7.93221959e-04, 9.84339346e-04, ...,
        1.74677870e-02, 3.42998280e-02, 0.00000000e+00]], shape=(45, 45))}
{'bond-orders': array([[0.00000000e+00, 3.07238362e-01, 2.17493642e-02, ...,
        8.32747217e-04, 1.10320182e-04, 6.88427027e-04],
       [3.07238362e-01, 0.00000000e+00, 2.30608129e-02, ...,
        3.44446049e-04, 3.17161070e-05, 7.93221959e-04],
       [2.17493642e-02, 2.30608129e-02, 0.00000000e+00, ...,
        3.16254586e-04, 1.03899009e-04, 9.84339346e-04],
       ...,
       [8.32747217e-04, 3.44446049e-04, 3.16254586e-04, ...,
        0.00000000e+00, 6.83118169e-03, 1.74677870e-02],
       [1.10320182e-04, 3.17161070e-05, 1.03899009e-04, ...,
        6.83118169e-03, 0.00000000e+00, 3.42998280e-02],
       [6.88427027e-04, 7.93221959e-04, 9.84339346e-04, ...,
        1.74677870e-02, 3.42998280e-02, 0.00000000e+00]], shape=(45, 45)), 'molecular-dipole': array([0.13457811, 1.12448906, 0.36374833])}
{'bond-orders': array([[0.00000000e+00, 3.07238362e-01, 2.17493642e-02, ...,
        8.32747217e-04, 1.10320182e-04, 6.88427027e-04],
       [3.07238362e-01, 0.00000000e+00, 2.30608129e-02, ...,
        3.44446049e-04, 3.17161070e-05, 7.93221959e-04],
       [2.17493642e-02, 2.30608129e-02, 0.00000000e+00, ...,
        3.16254586e-04, 1.03899009e-04, 9.84339346e-04],
       ...,
       [8.32747217e-04, 3.44446049e-04, 3.16254586e-04, ...,
        0.00000000e+00, 6.83118169e-03, 1.74677870e-02],
       [1.10320182e-04, 3.17161070e-05, 1.03899009e-04, ...,
        6.83118169e-03, 0.00000000e+00, 3.42998280e-02],
       [6.88427027e-04, 7.93221959e-04, 9.84339346e-04, ...,
        1.74677870e-02, 3.42998280e-02, 0.00000000e+00]], shape=(45, 45)), 'molecular-dipole': array([0.13457811, 1.12448906, 0.36374833]), 'molecular-quadrupole': array([-44.61259148,  50.59830831, -31.19803   ,  73.35759289,
       170.31458704,  75.81062148])}
------------------------------------------------------------
  cycle        total energy    energy error   density error
------------------------------------------------------------
      1     -163.4658287970  -1.6324009E+02   1.3193338E-02
      2     -163.3844088138   8.1419983E-02   2.0352745E-02
      3     -162.6153786339   7.6903018E-01   5.2774738E-02
      4     -163.4579356303  -8.4255700E-01   8.8571864E-03
      5     -163.4661858366  -8.2502063E-03   7.3880921E-03
      6     -163.4610626663   5.1231703E-03   8.0938211E-03
      7     -163.4659669064  -4.9042401E-03   4.1899510E-03
      8     -163.4695858283  -3.6189219E-03   1.5719455E-03
      9     -163.4698644864  -2.7865812E-04   5.7462485E-04
     10     -163.4698665702  -2.0838645E-06   4.4427203E-04
     11     -163.4698650231   1.5471225E-06   3.2179439E-04
     12     -163.4698692699  -4.2467402E-06   2.2020668E-04
     13     -163.4698783223  -9.0524170E-06   7.6182775E-05
     14     -163.4698790470  -7.2474202E-07   2.0765987E-05
     15     -163.4698790637  -1.6646396E-08   1.6432573E-05
------------------------------------------------------------

 total:                                  13.905 sec
3
{'bond-orders': array([[0.00000000e+00, 3.06581318e-01, 2.05036555e-02, ...,
        9.93966859e-04, 9.98566929e-05, 6.24068649e-04],
       [3.06581318e-01, 0.00000000e+00, 2.27101219e-02, ...,
        4.09844112e-04, 2.88333490e-05, 6.51516615e-04],
       [2.05036555e-02, 2.27101219e-02, 0.00000000e+00, ...,
        4.95117833e-04, 9.36613831e-05, 1.03470283e-03],
       ...,
       [9.93966859e-04, 4.09844112e-04, 4.95117833e-04, ...,
        0.00000000e+00, 9.60503520e-03, 2.31369761e-02],
       [9.98566929e-05, 2.88333490e-05, 9.36613831e-05, ...,
        9.60503520e-03, 0.00000000e+00, 3.73076575e-02],
       [6.24068649e-04, 6.51516615e-04, 1.03470283e-03, ...,
        2.31369761e-02, 3.73076575e-02, 0.00000000e+00]], shape=(45, 45))}
{'bond-orders': array([[0.00000000e+00, 3.06581318e-01, 2.05036555e-02, ...,
        9.93966859e-04, 9.98566929e-05, 6.24068649e-04],
       [3.06581318e-01, 0.00000000e+00, 2.27101219e-02, ...,
        4.09844112e-04, 2.88333490e-05, 6.51516615e-04],
       [2.05036555e-02, 2.27101219e-02, 0.00000000e+00, ...,
        4.95117833e-04, 9.36613831e-05, 1.03470283e-03],
       ...,
       [9.93966859e-04, 4.09844112e-04, 4.95117833e-04, ...,
        0.00000000e+00, 9.60503520e-03, 2.31369761e-02],
       [9.98566929e-05, 2.88333490e-05, 9.36613831e-05, ...,
        9.60503520e-03, 0.00000000e+00, 3.73076575e-02],
       [6.24068649e-04, 6.51516615e-04, 1.03470283e-03, ...,
        2.31369761e-02, 3.73076575e-02, 0.00000000e+00]], shape=(45, 45)), 'molecular-dipole': array([0.17249949, 1.18845488, 0.1694905 ])}
{'bond-orders': array([[0.00000000e+00, 3.06581318e-01, 2.05036555e-02, ...,
        9.93966859e-04, 9.98566929e-05, 6.24068649e-04],
       [3.06581318e-01, 0.00000000e+00, 2.27101219e-02, ...,
        4.09844112e-04, 2.88333490e-05, 6.51516615e-04],
       [2.05036555e-02, 2.27101219e-02, 0.00000000e+00, ...,
        4.95117833e-04, 9.36613831e-05, 1.03470283e-03],
       ...,
       [9.93966859e-04, 4.09844112e-04, 4.95117833e-04, ...,
        0.00000000e+00, 9.60503520e-03, 2.31369761e-02],
       [9.98566929e-05, 2.88333490e-05, 9.36613831e-05, ...,
        9.60503520e-03, 0.00000000e+00, 3.73076575e-02],
       [6.24068649e-04, 6.51516615e-04, 1.03470283e-03, ...,
        2.31369761e-02, 3.73076575e-02, 0.00000000e+00]], shape=(45, 45)), 'molecular-dipole': array([0.17249949, 1.18845488, 0.1694905 ]), 'molecular-quadrupole': array([-34.60108688,  56.56790134, -23.55719845,  73.85983777,
       175.06434578,  58.15828533])}
------------------------------------------------------------
  cycle        total energy    energy error   density error
------------------------------------------------------------
      1     -163.4743659009  -1.6324383E+02   1.3011860E-02
      2     -163.4491826667   2.5183234E-02   1.4994972E-02
      3     -162.9253394468   5.2384322E-01   4.2096462E-02
      4     -163.4266825796  -5.0134313E-01   1.4714781E-02
      5     -163.4741709795  -4.7488400E-02   7.7180989E-03
      6     -163.4720915774   2.0794020E-03   6.6120964E-03
      7     -163.4750461453  -2.9545679E-03   3.5320970E-03
      8     -163.4779788162  -2.9326708E-03   1.2557631E-03
      9     -163.4781534985  -1.7468231E-04   4.9552134E-04
     10     -163.4781589847  -5.4862649E-06   3.5138591E-04
     11     -163.4781541663   4.8184418E-06   3.1805164E-04
     12     -163.4781623079  -8.1416052E-06   1.8095287E-04
     13     -163.4781670852  -4.7772420E-06   6.0960364E-05
     14     -163.4781674936  -4.0849142E-07   2.2911177E-05
     15     -163.4781674959  -2.2071163E-09   1.6341844E-05
------------------------------------------------------------

 total:                                  14.004 sec
3
{'bond-orders': array([[0.00000000e+00, 3.05934574e-01, 1.95922283e-02, ...,
        1.16684078e-03, 8.66535549e-05, 5.25140536e-04],
       [3.05934574e-01, 0.00000000e+00, 2.24368316e-02, ...,
        4.67184875e-04, 2.56554293e-05, 4.84826312e-04],
       [1.95922283e-02, 2.24368316e-02, 0.00000000e+00, ...,
        7.70801469e-04, 8.58318499e-05, 1.03322352e-03],
       ...,
       [1.16684078e-03, 4.67184875e-04, 7.70801469e-04, ...,
        0.00000000e+00, 1.42896373e-02, 2.77529983e-02],
       [8.66535549e-05, 2.56554293e-05, 8.58318499e-05, ...,
        1.42896373e-02, 0.00000000e+00, 4.09277075e-02],
       [5.25140536e-04, 4.84826312e-04, 1.03322352e-03, ...,
        2.77529983e-02, 4.09277075e-02, 0.00000000e+00]], shape=(45, 45))}
{'bond-orders': array([[0.00000000e+00, 3.05934574e-01, 1.95922283e-02, ...,
        1.16684078e-03, 8.66535549e-05, 5.25140536e-04],
       [3.05934574e-01, 0.00000000e+00, 2.24368316e-02, ...,
        4.67184875e-04, 2.56554293e-05, 4.84826312e-04],
       [1.95922283e-02, 2.24368316e-02, 0.00000000e+00, ...,
        7.70801469e-04, 8.58318499e-05, 1.03322352e-03],
       ...,
       [1.16684078e-03, 4.67184875e-04, 7.70801469e-04, ...,
        0.00000000e+00, 1.42896373e-02, 2.77529983e-02],
       [8.66535549e-05, 2.56554293e-05, 8.58318499e-05, ...,
        1.42896373e-02, 0.00000000e+00, 4.09277075e-02],
       [5.25140536e-04, 4.84826312e-04, 1.03322352e-03, ...,
        2.77529983e-02, 4.09277075e-02, 0.00000000e+00]], shape=(45, 45)), 'molecular-dipole': array([ 0.20720176,  1.20075584, -0.01883806])}
{'bond-orders': array([[0.00000000e+00, 3.05934574e-01, 1.95922283e-02, ...,
        1.16684078e-03, 8.66535549e-05, 5.25140536e-04],
       [3.05934574e-01, 0.00000000e+00, 2.24368316e-02, ...,
        4.67184875e-04, 2.56554293e-05, 4.84826312e-04],
       [1.95922283e-02, 2.24368316e-02, 0.00000000e+00, ...,
        7.70801469e-04, 8.58318499e-05, 1.03322352e-03],
       ...,
       [1.16684078e-03, 4.67184875e-04, 7.70801469e-04, ...,
        0.00000000e+00, 1.42896373e-02, 2.77529983e-02],
       [8.66535549e-05, 2.56554293e-05, 8.58318499e-05, ...,
        1.42896373e-02, 0.00000000e+00, 4.09277075e-02],
       [5.25140536e-04, 4.84826312e-04, 1.03322352e-03, ...,
        2.77529983e-02, 4.09277075e-02, 0.00000000e+00]], shape=(45, 45)), 'molecular-dipole': array([ 0.20720176,  1.20075584, -0.01883806]), 'molecular-quadrupole': array([-24.4607857 ,  60.27925091, -17.01383891,  74.53378556,
       173.13290623,  41.47462461])}
------------------------------------------------------------
  cycle        total energy    energy error   density error
------------------------------------------------------------
      1     -163.4814049971  -1.6324792E+02   1.1915384E-02
      2     -163.4588585014   2.2546496E-02   1.3781093E-02
      3     -162.9723232990   4.8653520E-01   4.0399406E-02
      4     -163.4533535936  -4.8103029E-01   1.1705588E-02
      5     -163.4821146924  -2.8761099E-02   6.4739239E-03
      6     -163.4802224706   1.8922219E-03   5.6324478E-03
      7     -163.4823445455  -2.1220750E-03   3.1501930E-03
      8     -163.4847203222  -2.3757767E-03   1.1549573E-03
      9     -163.4848851278  -1.6480551E-04   4.0228710E-04
     10     -163.4848917036  -6.5758483E-06   2.5881714E-04
     11     -163.4848917915  -8.7894705E-08   1.9264841E-04
     12     -163.4848963022  -4.5106621E-06   9.4502851E-05
     13     -163.4848972859  -9.8371919E-07   4.9127427E-05
     14     -163.4848974232  -1.3729024E-07   2.0057690E-05
     15     -163.4848974154   7.7310460E-09   1.2746593E-05
------------------------------------------------------------

 total:                                  13.899 sec
3
{'bond-orders': array([[0.00000000e+00, 3.05236086e-01, 1.89557115e-02, ...,
        1.30137683e-03, 7.11827861e-05, 3.83472264e-04],
       [3.05236086e-01, 0.00000000e+00, 2.22674070e-02, ...,
        5.07199359e-04, 2.31341686e-05, 3.36910767e-04],
       [1.89557115e-02, 2.22674070e-02, 0.00000000e+00, ...,
        1.15214191e-03, 8.35479014e-05, 9.51413758e-04],
       ...,
       [1.30137683e-03, 5.07199359e-04, 1.15214191e-03, ...,
        0.00000000e+00, 2.07582567e-02, 2.97396050e-02],
       [7.11827861e-05, 2.31341686e-05, 8.35479014e-05, ...,
        2.07582567e-02, 0.00000000e+00, 4.36654786e-02],
       [3.83472264e-04, 3.36910767e-04, 9.51413758e-04, ...,
        2.97396050e-02, 4.36654786e-02, 0.00000000e+00]], shape=(45, 45))}
{'bond-orders': array([[0.00000000e+00, 3.05236086e-01, 1.89557115e-02, ...,
        1.30137683e-03, 7.11827861e-05, 3.83472264e-04],
       [3.05236086e-01, 0.00000000e+00, 2.22674070e-02, ...,
        5.07199359e-04, 2.31341686e-05, 3.36910767e-04],
       [1.89557115e-02, 2.22674070e-02, 0.00000000e+00, ...,
        1.15214191e-03, 8.35479014e-05, 9.51413758e-04],
       ...,
       [1.30137683e-03, 5.07199359e-04, 1.15214191e-03, ...,
        0.00000000e+00, 2.07582567e-02, 2.97396050e-02],
       [7.11827861e-05, 2.31341686e-05, 8.35479014e-05, ...,
        2.07582567e-02, 0.00000000e+00, 4.36654786e-02],
       [3.83472264e-04, 3.36910767e-04, 9.51413758e-04, ...,
        2.97396050e-02, 4.36654786e-02, 0.00000000e+00]], shape=(45, 45)), 'molecular-dipole': array([ 0.26130339,  1.18594711, -0.23753937])}
{'bond-orders': array([[0.00000000e+00, 3.05236086e-01, 1.89557115e-02, ...,
        1.30137683e-03, 7.11827861e-05, 3.83472264e-04],
       [3.05236086e-01, 0.00000000e+00, 2.22674070e-02, ...,
        5.07199359e-04, 2.31341686e-05, 3.36910767e-04],
       [1.89557115e-02, 2.22674070e-02, 0.00000000e+00, ...,
        1.15214191e-03, 8.35479014e-05, 9.51413758e-04],
       ...,
       [1.30137683e-03, 5.07199359e-04, 1.15214191e-03, ...,
        0.00000000e+00, 2.07582567e-02, 2.97396050e-02],
       [7.11827861e-05, 2.31341686e-05, 8.35479014e-05, ...,
        2.07582567e-02, 0.00000000e+00, 4.36654786e-02],
       [3.83472264e-04, 3.36910767e-04, 9.51413758e-04, ...,
        2.97396050e-02, 4.36654786e-02, 0.00000000e+00]], shape=(45, 45)), 'molecular-dipole': array([ 0.26130339,  1.18594711, -0.23753937]), 'molecular-quadrupole': array([-12.27379004,  63.60832727,  -9.97005593,  76.72619846,
       166.8930658 ,  22.24384598])}
------------------------------------------------------------
  cycle        total energy    energy error   density error
------------------------------------------------------------
      1     -163.4875769790  -1.6325492E+02   8.8992269E-03
      2     -163.4618088615   2.5768118E-02   1.2070014E-02
      3     -163.0376048808   4.2420398E-01   3.7895078E-02
      4     -163.4854395260  -4.4783465E-01   5.3372631E-03
      5     -163.4893810043  -3.9414783E-03   2.7701912E-03
      6     -163.4877753327   1.6056716E-03   3.5381682E-03
      7     -163.4889749828  -1.1996501E-03   2.1552593E-03
      8     -163.4896966414  -7.2165856E-04   1.1429155E-03
      9     -163.4898588775  -1.6223610E-04   2.8216468E-04
     10     -163.4898614600  -2.5825260E-06   2.0472674E-04
     11     -163.4898632303  -1.7703522E-06   1.3715313E-04
     12     -163.4898639690  -7.3869057E-07   8.4428074E-05
     13     -163.4898649496  -9.8057308E-07   4.2459527E-05
     14     -163.4898651724  -2.2277979E-07   2.0864481E-05
     15     -163.4898651876  -1.5227585E-08   1.2690199E-05
------------------------------------------------------------

 total:                                  13.742 sec
3
{'bond-orders': array([[0.00000000e+00, 3.04622517e-01, 1.85540565e-02, ...,
        1.36228002e-03, 6.16635541e-05, 2.56460752e-04],
       [3.04622517e-01, 0.00000000e+00, 2.22182437e-02, ...,
        5.47970038e-04, 2.32476796e-05, 2.49222977e-04],
       [1.85540565e-02, 2.22182437e-02, 0.00000000e+00, ...,
        1.57684242e-03, 9.28707160e-05, 8.01879187e-04],
       ...,
       [1.36228002e-03, 5.47970038e-04, 1.57684242e-03, ...,
        0.00000000e+00, 2.49433393e-02, 2.84031860e-02],
       [6.16635541e-05, 2.32476796e-05, 9.28707160e-05, ...,
        2.49433393e-02, 0.00000000e+00, 4.53148371e-02],
       [2.56460752e-04, 2.49222977e-04, 8.01879187e-04, ...,
        2.84031860e-02, 4.53148371e-02, 0.00000000e+00]], shape=(45, 45))}
{'bond-orders': array([[0.00000000e+00, 3.04622517e-01, 1.85540565e-02, ...,
        1.36228002e-03, 6.16635541e-05, 2.56460752e-04],
       [3.04622517e-01, 0.00000000e+00, 2.22182437e-02, ...,
        5.47970038e-04, 2.32476796e-05, 2.49222977e-04],
       [1.85540565e-02, 2.22182437e-02, 0.00000000e+00, ...,
        1.57684242e-03, 9.28707160e-05, 8.01879187e-04],
       ...,
       [1.36228002e-03, 5.47970038e-04, 1.57684242e-03, ...,
        0.00000000e+00, 2.49433393e-02, 2.84031860e-02],
       [6.16635541e-05, 2.32476796e-05, 9.28707160e-05, ...,
        2.49433393e-02, 0.00000000e+00, 4.53148371e-02],
       [2.56460752e-04, 2.49222977e-04, 8.01879187e-04, ...,
        2.84031860e-02, 4.53148371e-02, 0.00000000e+00]], shape=(45, 45)), 'molecular-dipole': array([ 0.33266624,  1.15340717, -0.44264027])}
{'bond-orders': array([[0.00000000e+00, 3.04622517e-01, 1.85540565e-02, ...,
        1.36228002e-03, 6.16635541e-05, 2.56460752e-04],
       [3.04622517e-01, 0.00000000e+00, 2.22182437e-02, ...,
        5.47970038e-04, 2.32476796e-05, 2.49222977e-04],
       [1.85540565e-02, 2.22182437e-02, 0.00000000e+00, ...,
        1.57684242e-03, 9.28707160e-05, 8.01879187e-04],
       ...,
       [1.36228002e-03, 5.47970038e-04, 1.57684242e-03, ...,
        0.00000000e+00, 2.49433393e-02, 2.84031860e-02],
       [6.16635541e-05, 2.32476796e-05, 9.28707160e-05, ...,
        2.49433393e-02, 0.00000000e+00, 4.53148371e-02],
       [2.56460752e-04, 2.49222977e-04, 8.01879187e-04, ...,
        2.84031860e-02, 4.53148371e-02, 0.00000000e+00]], shape=(45, 45)), 'molecular-dipole': array([ 0.33266624,  1.15340717, -0.44264027]), 'molecular-quadrupole': array([ -0.37297561,  66.44032497,  -3.79873374,  81.05186213,
       158.38006563,   4.17170935])}
------------------------------------------------------------
  cycle        total energy    energy error   density error
------------------------------------------------------------
      1     -163.4931327726  -1.6326327E+02   3.5357881E-03
      2     -163.4758437580   1.7289015E-02   8.2504849E-03
      3     -163.4128378287   6.3005929E-02   1.6153434E-02
      4     -163.4933792668  -8.0541438E-02   1.8073645E-03
      5     -163.4935853062  -2.0603947E-04   9.7370229E-04
      6     -163.4934975587   8.7747547E-05   1.0415065E-03
      7     -163.4935285569  -3.0998250E-05   8.5013028E-04
      8     -163.4936007117  -7.2154722E-05   4.4146843E-04
      9     -163.4936205587  -1.9846987E-05   1.2083926E-04
     10     -163.4936212803  -7.2169567E-07   7.0330433E-05
     11     -163.4936214343  -1.5393579E-07   4.3193128E-05
     12     -163.4936214845  -5.0259899E-08   2.4124793E-05
     13     -163.4936215666  -8.2019682E-08   1.1633876E-05
------------------------------------------------------------

 total:                                  13.059 sec
3
{'bond-orders': array([[0.00000000e+00, 3.04413586e-01, 1.84503659e-02, ...,
        1.34867121e-03, 5.66730374e-05, 2.08724327e-04],
       [3.04413586e-01, 0.00000000e+00, 2.21808577e-02, ...,
        5.71637273e-04, 1.91019544e-05, 2.27794435e-04],
       [1.84503659e-02, 2.21808577e-02, 0.00000000e+00, ...,
        1.77566766e-03, 9.54839788e-05, 7.28432540e-04],
       ...,
       [1.34867121e-03, 5.71637273e-04, 1.77566766e-03, ...,
        0.00000000e+00, 2.23133923e-02, 2.75144561e-02],
       [5.66730374e-05, 1.91019544e-05, 9.54839788e-05, ...,
        2.23133923e-02, 0.00000000e+00, 4.35772443e-02],
       [2.08724327e-04, 2.27794435e-04, 7.28432540e-04, ...,
        2.75144561e-02, 4.35772443e-02, 0.00000000e+00]], shape=(45, 45))}
{'bond-orders': array([[0.00000000e+00, 3.04413586e-01, 1.84503659e-02, ...,
        1.34867121e-03, 5.66730374e-05, 2.08724327e-04],
       [3.04413586e-01, 0.00000000e+00, 2.21808577e-02, ...,
        5.71637273e-04, 1.91019544e-05, 2.27794435e-04],
       [1.84503659e-02, 2.21808577e-02, 0.00000000e+00, ...,
        1.77566766e-03, 9.54839788e-05, 7.28432540e-04],
       ...,
       [1.34867121e-03, 5.71637273e-04, 1.77566766e-03, ...,
        0.00000000e+00, 2.23133923e-02, 2.75144561e-02],
       [5.66730374e-05, 1.91019544e-05, 9.54839788e-05, ...,
        2.23133923e-02, 0.00000000e+00, 4.35772443e-02],
       [2.08724327e-04, 2.27794435e-04, 7.28432540e-04, ...,
        2.75144561e-02, 4.35772443e-02, 0.00000000e+00]], shape=(45, 45)), 'molecular-dipole': array([ 0.40692784,  1.17226255, -0.55377562])}
{'bond-orders': array([[0.00000000e+00, 3.04413586e-01, 1.84503659e-02, ...,
        1.34867121e-03, 5.66730374e-05, 2.08724327e-04],
       [3.04413586e-01, 0.00000000e+00, 2.21808577e-02, ...,
        5.71637273e-04, 1.91019544e-05, 2.27794435e-04],
       [1.84503659e-02, 2.21808577e-02, 0.00000000e+00, ...,
        1.77566766e-03, 9.54839788e-05, 7.28432540e-04],
       ...,
       [1.34867121e-03, 5.71637273e-04, 1.77566766e-03, ...,
        0.00000000e+00, 2.23133923e-02, 2.75144561e-02],
       [5.66730374e-05, 1.91019544e-05, 9.54839788e-05, ...,
        2.23133923e-02, 0.00000000e+00, 4.35772443e-02],
       [2.08724327e-04, 2.27794435e-04, 7.28432540e-04, ...,
