/home/ans819/.conda/envs/autoflow/lib/python3.13/site-packages/e3nn/o3/_wigner.py:10: UserWarning: Environment variable TORCH_FORCE_NO_WEIGHTS_ONLY_LOAD detected, since the`weights_only` argument was not explicitly passed to `torch.load`, forcing weights_only=False.
  _Jd, _W3j_flat, _W3j_indices = torch.load(os.path.join(os.path.dirname(__file__), 'constants.pt'))

          ==================== Thresholds ====================
          CN  :   150.00000
          rep :   500.00000
          disp:  2500.00000
          HB1 :   250.00000
          HB2 :   450.00000

          Pauling EN used:
          Z : 1  EN :  2.20
          Z : 6  EN :  2.55
          Z : 8  EN :  3.44
          Z :47  EN :  1.93
          electric field strengths (au): 0.000

           ------------------------------------------------- 
          |           Force Field Initialization            |
           ------------------------------------------------- 

          distances ...
          ----------------------------------------
          generating topology and atomic info file ...
          pair mat ...
          computing topology distances matrix with Floyd-Warshall algo ...
          making topology EEQ charges ...
          #fragments for EEQ constrain: 1
          ----------------------------------------
          generating topology and atomic info file ...
          pair mat ...
          computing topology distances matrix with Floyd-Warshall algo ...
          making topology EEQ charges ...
          #fragments for EEQ constrain: 1
          rings ...
          # BATM   3061
          # H in HB   0

  atom   neighbors  erfCN metchar sp-hybrid imet pi  qest     coordinates
    1  Ag      2    1.35   0.37         2    2    0   0.001    3.961701    0.356229   24.617246
    2  Ag      5    3.15   0.31         0    2    0   0.017    7.452011    4.630967   24.617246
    3  Ag      9    4.27   0.07         0    2    0   0.009   16.177784    8.193249   26.210347
    4  Ag      7    3.92   0.19         0    2    0   0.011   12.687475    3.918511   26.210347
    5  Ag      7    3.92   0.19         0    2    0   0.011   21.413248    7.480793   27.803448
    6  Ag      6    3.59   0.27         0    2    0   0.013   17.922939    3.206054   27.803448
    7  Ag      9    4.27   0.07         0    2    0   0.010    9.197165    6.768336   29.396549
    8  Ag      6    3.59   0.23         0    2    0   0.019    5.706856    2.493598   29.396549
    9  Ag     12    4.39   0.01         0    2    0   0.008   14.432629    6.055880   30.989650
   10  Ag      7    3.92   0.19         0    2    0   0.014   10.942320    1.781141   30.989650
   11  Ag      9    4.27   0.07         0    2    0   0.008   19.668093    5.343423   32.582751
   12  Ag      6    3.59   0.27         0    2    0   0.018   16.177784    1.068685   32.582751
   13  Ag      8    4.14   0.11         0    2    0   0.017    7.452011    4.630967   34.175852
   14  Ag      3    2.00   0.37         2    2    0   0.026    3.961701    0.356229   34.175852
   15  Ag      8    4.14   0.12         0    2    0   0.024   12.687475    3.918511   35.768953
   16  Ag     10    4.34   0.04         0    2    0   0.009   16.177784    8.193249   35.768953
   17  Ag      5    3.15   0.34         0    2    0   0.019   17.922939    3.206054   37.362054
   18  Ag      6    3.59   0.26         0    2    0   0.013   21.413248    7.480793   37.362054
   19  Ag      4    2.30   0.41         3    2    0   0.101    5.706856    2.493598   38.955155
   20  Ag      6    3.36   0.30         0    2    0   0.095    9.197165    6.768336   38.955155
   21  Ag      6    3.59   0.26         0    2    0   0.013   10.942320    8.905705   24.617246
   22  Ag      5    3.15   0.34         0    2    0   0.016   14.432629   13.180444   24.617246
   23  Ag      4    2.61   0.38         3    2    0   0.016   23.158403   16.742726   26.210347
   24  Ag      8    4.14   0.12         0    2    0   0.010   19.668093   12.467987   26.210347
   25  Ag      3    2.00   0.39         2    2    0   0.011   28.393867   16.030269   27.803448
   26  Ag      7    3.92   0.19         0    2    0   0.014   24.903557   11.755531   27.803448
   27  Ag      6    3.59   0.27         0    2    0   0.012   16.177784   15.317813   29.396549
   28  Ag      9    4.27   0.07         0    2    0   0.013   12.687475   11.043075   29.396549
   29  Ag      9    4.27   0.07         0    2    0   0.008   21.413248   14.605357   30.989650
/home/ans819/.conda/envs/autoflow/lib/python3.13/site-packages/mace/calculators/mace.py:197: UserWarning: Environment variable TORCH_FORCE_NO_WEIGHTS_ONLY_LOAD detected, since the`weights_only` argument was not explicitly passed to `torch.load`, forcing weights_only=False.
  torch.load(f=model_path, map_location=device)
/home/ans819/.conda/envs/autoflow/lib/python3.13/site-packages/chgnet/model/model.py:898: UserWarning: Converting a tensor with requires_grad=True to a scalar may lead to unexpected behavior.
Consider using tensor.detach() first. (Triggered internally at /pytorch/torch/csrc/autograd/generated/python_variable_methods.cpp:836.)
  volumes = torch.tensor(volumes, dtype=TORCH_DTYPE, device=atomic_numbers.device)
cuequivariance or cuequivariance_torch is not available. Cuequivariance acceleration will be disabled.
------------------------------------------------------------
  cycle        total energy    energy error   density error
------------------------------------------------------------
      1     -163.2108893998  -1.6297088E+02   9.9734644E-01
      2     -159.9911886642   3.2197007E+00   6.2644621E-01
      3      826.8107851226   9.8680197E+02   2.0389727E+00
      4     -98.20660337432  -9.2501739E+02   1.0650699E+00
      5     -38.65989555622   5.9546708E+01   7.5398584E-01
      6     -146.5955888708  -1.0793569E+02   3.3288134E-01
      7     -162.6494194835  -1.6053831E+01   1.0045714E-01
      8     -162.5515696839   9.7849800E-02   7.5360679E-02
      9     -162.3146893188   2.3688037E-01   8.0084509E-02
     10     -162.2526485331   6.2040786E-02   7.2144869E-02
     11     -163.5074933665  -1.2548448E+00   3.9867997E-02
     12     -163.5419719523  -3.4478586E-02   3.3068591E-02
     13     -163.5369616555   5.0102968E-03   3.1415876E-02
     14     -163.5284339594   8.5276961E-03   2.9612966E-02
     15     -163.5364025821  -7.9686227E-03   2.5352493E-02
     16     -163.5324085139   3.9940682E-03   2.3181802E-02
     17     -163.5346574847  -2.2489708E-03   2.1326271E-02
     18     -163.5405174210  -5.8599363E-03   1.8384936E-02
     19     -163.5447339486  -4.2165275E-03   1.5917787E-02
     20     -163.5467091823  -1.9752337E-03   1.3381581E-02
     21     -163.5476660175  -9.5683518E-04   1.2287961E-02
     22     -163.5497250818  -2.0590643E-03   1.0776458E-02
     23     -163.5544904870  -4.7654052E-03   6.7098095E-03
     24     -163.5553013452  -8.1085815E-04   5.2187121E-03
     25     -163.5564233409  -1.1219958E-03   2.7237191E-03
     26     -163.5569261975  -5.0285663E-04   5.0247101E-04
     27     -163.5569182380   7.9594998E-06   5.3509715E-04
     28     -163.5569229631  -4.7250425E-06   4.5249421E-04
     29     -163.5569328648  -9.9016937E-06   2.4967714E-04
     30     -163.5569343894  -1.5246384E-06   1.6125827E-04
     31     -163.5569343945  -5.0641518E-09   1.5197857E-04
     32     -163.5569349559  -5.6136778E-07   1.1372725E-04
     33     -163.5569351952  -2.3939057E-07   8.9353932E-05
     34     -163.5569352750  -7.9707917E-08   6.6183064E-05
     35     -163.5569353078  -3.2875334E-08   3.7017503E-05
     36     -163.5569353003   7.5529556E-09   2.8248829E-05
     37     -163.5569353325  -3.2233885E-08   1.4542638E-05
------------------------------------------------------------

 total:                                  21.297 sec
3
{'bond-orders': array([[0.00000000e+00, 3.07386351e-01, 2.02875188e-02, ...,
        7.63236058e-05, 2.26536326e-04, 3.03407170e-03],
       [3.07386351e-01, 0.00000000e+00, 1.65788793e-02, ...,
        1.41116935e-04, 4.57230168e-05, 1.61696034e-03],
       [2.02875188e-02, 1.65788793e-02, 0.00000000e+00, ...,
        1.08079457e-04, 4.31449181e-05, 1.32167185e-03],
       ...,
       [7.63236058e-05, 1.41116935e-04, 1.08079457e-04, ...,
        0.00000000e+00, 3.47665542e-03, 2.23234020e-02],
       [2.26536326e-04, 4.57230168e-05, 4.31449181e-05, ...,
        3.47665542e-03, 0.00000000e+00, 1.85943722e-02],
       [3.03407170e-03, 1.61696034e-03, 1.32167185e-03, ...,
        2.23234020e-02, 1.85943722e-02, 0.00000000e+00]], shape=(45, 45))}
{'bond-orders': array([[0.00000000e+00, 3.07386351e-01, 2.02875188e-02, ...,
        7.63236058e-05, 2.26536326e-04, 3.03407170e-03],
       [3.07386351e-01, 0.00000000e+00, 1.65788793e-02, ...,
        1.41116935e-04, 4.57230168e-05, 1.61696034e-03],
       [2.02875188e-02, 1.65788793e-02, 0.00000000e+00, ...,
        1.08079457e-04, 4.31449181e-05, 1.32167185e-03],
       ...,
       [7.63236058e-05, 1.41116935e-04, 1.08079457e-04, ...,
        0.00000000e+00, 3.47665542e-03, 2.23234020e-02],
       [2.26536326e-04, 4.57230168e-05, 4.31449181e-05, ...,
        3.47665542e-03, 0.00000000e+00, 1.85943722e-02],
       [3.03407170e-03, 1.61696034e-03, 1.32167185e-03, ...,
        2.23234020e-02, 1.85943722e-02, 0.00000000e+00]], shape=(45, 45)), 'molecular-dipole': array([ 1.40744942,  1.82202032, -1.58388552])}
{'bond-orders': array([[0.00000000e+00, 3.07386351e-01, 2.02875188e-02, ...,
        7.63236058e-05, 2.26536326e-04, 3.03407170e-03],
       [3.07386351e-01, 0.00000000e+00, 1.65788793e-02, ...,
        1.41116935e-04, 4.57230168e-05, 1.61696034e-03],
       [2.02875188e-02, 1.65788793e-02, 0.00000000e+00, ...,
        1.08079457e-04, 4.31449181e-05, 1.32167185e-03],
       ...,
       [7.63236058e-05, 1.41116935e-04, 1.08079457e-04, ...,
        0.00000000e+00, 3.47665542e-03, 2.23234020e-02],
       [2.26536326e-04, 4.57230168e-05, 4.31449181e-05, ...,
        3.47665542e-03, 0.00000000e+00, 1.85943722e-02],
       [3.03407170e-03, 1.61696034e-03, 1.32167185e-03, ...,
        2.23234020e-02, 1.85943722e-02, 0.00000000e+00]], shape=(45, 45)), 'molecular-dipole': array([ 1.40744942,  1.82202032, -1.58388552]), 'molecular-quadrupole': array([  65.86527742,  116.85409708,   38.58162404,  158.43300748,
        199.67169885, -104.44690146])}
------------------------------------------------------------
  cycle        total energy    energy error   density error
------------------------------------------------------------
      1     -163.5582851264  -1.6331764E+02   1.4590900E-03
      2     -163.5523516660   5.9334604E-03   4.3981010E-03
      3     -163.5531440900  -7.9242401E-04   4.1706207E-03
      4     -163.5583178083  -5.1737183E-03   8.8072831E-04
      5     -163.5583244832  -6.6748804E-06   5.6654254E-04
      6     -163.5583468589  -2.2375777E-05   3.7785057E-04
      7     -163.5583521280  -5.2690111E-06   2.3814331E-04
      8     -163.5583543435  -2.2154998E-06   1.6755262E-04
      9     -163.5583555336  -1.1901698E-06   5.6271391E-05
     10     -163.5583556969  -1.6330091E-07   3.3894169E-05
     11     -163.5583558387  -1.4175507E-07   1.7206247E-05
------------------------------------------------------------

 total:                                  13.094 sec
3
{'bond-orders': array([[0.00000000e+00, 3.07472725e-01, 2.03029120e-02, ...,
        7.23245406e-05, 1.84543671e-04, 2.89248215e-03],
       [3.07472725e-01, 0.00000000e+00, 1.65882693e-02, ...,
        1.32194414e-04, 3.82417387e-05, 1.56664062e-03],
       [2.03029120e-02, 1.65882693e-02, 0.00000000e+00, ...,
        1.05030088e-04, 3.72903691e-05, 1.30647901e-03],
       ...,
       [7.23245406e-05, 1.32194414e-04, 1.05030088e-04, ...,
        0.00000000e+00, 3.41687082e-03, 2.20468279e-02],
       [1.84543671e-04, 3.82417387e-05, 3.72903691e-05, ...,
        3.41687082e-03, 0.00000000e+00, 1.75470576e-02],
       [2.89248215e-03, 1.56664062e-03, 1.30647901e-03, ...,
        2.20468279e-02, 1.75470576e-02, 0.00000000e+00]], shape=(45, 45))}
{'bond-orders': array([[0.00000000e+00, 3.07472725e-01, 2.03029120e-02, ...,
        7.23245406e-05, 1.84543671e-04, 2.89248215e-03],
       [3.07472725e-01, 0.00000000e+00, 1.65882693e-02, ...,
        1.32194414e-04, 3.82417387e-05, 1.56664062e-03],
       [2.03029120e-02, 1.65882693e-02, 0.00000000e+00, ...,
        1.05030088e-04, 3.72903691e-05, 1.30647901e-03],
       ...,
       [7.23245406e-05, 1.32194414e-04, 1.05030088e-04, ...,
        0.00000000e+00, 3.41687082e-03, 2.20468279e-02],
       [1.84543671e-04, 3.82417387e-05, 3.72903691e-05, ...,
        3.41687082e-03, 0.00000000e+00, 1.75470576e-02],
       [2.89248215e-03, 1.56664062e-03, 1.30647901e-03, ...,
        2.20468279e-02, 1.75470576e-02, 0.00000000e+00]], shape=(45, 45)), 'molecular-dipole': array([ 1.36720789,  1.81565526, -1.52349694])}
{'bond-orders': array([[0.00000000e+00, 3.07472725e-01, 2.03029120e-02, ...,
        7.23245406e-05, 1.84543671e-04, 2.89248215e-03],
       [3.07472725e-01, 0.00000000e+00, 1.65882693e-02, ...,
        1.32194414e-04, 3.82417387e-05, 1.56664062e-03],
       [2.03029120e-02, 1.65882693e-02, 0.00000000e+00, ...,
        1.05030088e-04, 3.72903691e-05, 1.30647901e-03],
       ...,
       [7.23245406e-05, 1.32194414e-04, 1.05030088e-04, ...,
        0.00000000e+00, 3.41687082e-03, 2.20468279e-02],
       [1.84543671e-04, 3.82417387e-05, 3.72903691e-05, ...,
        3.41687082e-03, 0.00000000e+00, 1.75470576e-02],
       [2.89248215e-03, 1.56664062e-03, 1.30647901e-03, ...,
        2.20468279e-02, 1.75470576e-02, 0.00000000e+00]], shape=(45, 45)), 'molecular-dipole': array([ 1.36720789,  1.81565526, -1.52349694]), 'molecular-quadrupole': array([ 62.49008239, 115.35044182,  36.50175162, 155.52706034,
       200.23565896, -98.99183401])}
------------------------------------------------------------
  cycle        total energy    energy error   density error
------------------------------------------------------------
      1     -163.5595673991  -1.6331802E+02   1.6522325E-03
      2     -163.5593626670   2.0473208E-04   2.0132648E-03
      3     -163.5580452760   1.3173910E-03   2.4132065E-03
      4     -163.5575529355   4.9234054E-04   2.6404428E-03
      5     -163.5595027856  -1.9498501E-03   9.2255992E-04
      6     -163.5596286581  -1.2587254E-04   4.7568558E-04
      7     -163.5596451682  -1.6510020E-05   2.2788107E-04
      8     -163.5596481667  -2.9985718E-06   9.7537863E-05
      9     -163.5596484259  -2.5913266E-07   4.4407298E-05
     10     -163.5596484789  -5.3039798E-08   3.1842310E-05
     11     -163.5596485376  -5.8701602E-08   7.8777148E-06
------------------------------------------------------------

 total:                                  13.193 sec
3
{'bond-orders': array([[0.00000000e+00, 3.07541942e-01, 2.03061080e-02, ...,
        6.84013531e-05, 1.58859120e-04, 2.73123245e-03],
       [3.07541942e-01, 0.00000000e+00, 1.66108520e-02, ...,
        1.21727904e-04, 3.33563490e-05, 1.48440064e-03],
       [2.03061080e-02, 1.66108520e-02, 0.00000000e+00, ...,
        1.00048879e-04, 3.33361115e-05, 1.26040377e-03],
       ...,
       [6.84013531e-05, 1.21727904e-04, 1.00048879e-04, ...,
        0.00000000e+00, 3.54784975e-03, 2.19411465e-02],
       [1.58859120e-04, 3.33563490e-05, 3.33361115e-05, ...,
        3.54784975e-03, 0.00000000e+00, 1.72209852e-02],
       [2.73123245e-03, 1.48440064e-03, 1.26040377e-03, ...,
        2.19411465e-02, 1.72209852e-02, 0.00000000e+00]], shape=(45, 45))}
{'bond-orders': array([[0.00000000e+00, 3.07541942e-01, 2.03061080e-02, ...,
        6.84013531e-05, 1.58859120e-04, 2.73123245e-03],
       [3.07541942e-01, 0.00000000e+00, 1.66108520e-02, ...,
        1.21727904e-04, 3.33563490e-05, 1.48440064e-03],
       [2.03061080e-02, 1.66108520e-02, 0.00000000e+00, ...,
        1.00048879e-04, 3.33361115e-05, 1.26040377e-03],
       ...,
       [6.84013531e-05, 1.21727904e-04, 1.00048879e-04, ...,
        0.00000000e+00, 3.54784975e-03, 2.19411465e-02],
       [1.58859120e-04, 3.33563490e-05, 3.33361115e-05, ...,
        3.54784975e-03, 0.00000000e+00, 1.72209852e-02],
       [2.73123245e-03, 1.48440064e-03, 1.26040377e-03, ...,
        2.19411465e-02, 1.72209852e-02, 0.00000000e+00]], shape=(45, 45)), 'molecular-dipole': array([ 1.32901138,  1.79232961, -1.45820519])}
{'bond-orders': array([[0.00000000e+00, 3.07541942e-01, 2.03061080e-02, ...,
        6.84013531e-05, 1.58859120e-04, 2.73123245e-03],
       [3.07541942e-01, 0.00000000e+00, 1.66108520e-02, ...,
        1.21727904e-04, 3.33563490e-05, 1.48440064e-03],
       [2.03061080e-02, 1.66108520e-02, 0.00000000e+00, ...,
        1.00048879e-04, 3.33361115e-05, 1.26040377e-03],
       ...,
       [6.84013531e-05, 1.21727904e-04, 1.00048879e-04, ...,
        0.00000000e+00, 3.54784975e-03, 2.19411465e-02],
       [1.58859120e-04, 3.33563490e-05, 3.33361115e-05, ...,
        3.54784975e-03, 0.00000000e+00, 1.72209852e-02],
       [2.73123245e-03, 1.48440064e-03, 1.26040377e-03, ...,
        2.19411465e-02, 1.72209852e-02, 0.00000000e+00]], shape=(45, 45)), 'molecular-dipole': array([ 1.32901138,  1.79232961, -1.45820519]), 'molecular-quadrupole': array([ 58.85651149, 113.20853989,  34.00678934, 152.84599731,
       198.57010504, -92.86330083])}
------------------------------------------------------------
  cycle        total energy    energy error   density error
------------------------------------------------------------
      1     -163.5604786734  -1.6331826E+02   1.7969560E-03
      2     -163.5545541143   5.9245591E-03   4.6503131E-03
      3     -163.5430398772   1.1514237E-02   7.6192053E-03
      4     -163.5604816191  -1.7441742E-02   1.0230124E-03
      5     -163.5606221151  -1.4049598E-04   5.0731765E-04
      6     -163.5606367724  -1.4657257E-05   3.1062282E-04
      7     -163.5606404960  -3.7236452E-06   1.7476617E-04
      8     -163.5606403258   1.7025502E-07   1.4670675E-04
      9     -163.5606417352  -1.4094140E-06   5.1378359E-05
     10     -163.5606418666  -1.3146968E-07   2.8988965E-05
     11     -163.5606419218  -5.5125753E-08   1.2082118E-05
------------------------------------------------------------

 total:                                  13.168 sec
3
{'bond-orders': array([[0.00000000e+00, 3.07593610e-01, 2.03014632e-02, ...,
        6.56900022e-05, 1.50619554e-04, 2.59638817e-03],
       [3.07593610e-01, 0.00000000e+00, 1.66330211e-02, ...,
        1.12619135e-04, 3.14956344e-05, 1.39653645e-03],
       [2.03014632e-02, 1.66330211e-02, 0.00000000e+00, ...,
        9.51820712e-05, 3.17902306e-05, 1.20044551e-03],
       ...,
       [6.56900022e-05, 1.12619135e-04, 9.51820712e-05, ...,
        0.00000000e+00, 3.84050830e-03, 2.20532904e-02],
       [1.50619554e-04, 3.14956344e-05, 3.17902306e-05, ...,
        3.84050830e-03, 0.00000000e+00, 1.75873088e-02],
       [2.59638817e-03, 1.39653645e-03, 1.20044551e-03, ...,
        2.20532904e-02, 1.75873088e-02, 0.00000000e+00]], shape=(45, 45))}
{'bond-orders': array([[0.00000000e+00, 3.07593610e-01, 2.03014632e-02, ...,
        6.56900022e-05, 1.50619554e-04, 2.59638817e-03],
       [3.07593610e-01, 0.00000000e+00, 1.66330211e-02, ...,
        1.12619135e-04, 3.14956344e-05, 1.39653645e-03],
       [2.03014632e-02, 1.66330211e-02, 0.00000000e+00, ...,
        9.51820712e-05, 3.17902306e-05, 1.20044551e-03],
       ...,
       [6.56900022e-05, 1.12619135e-04, 9.51820712e-05, ...,
        0.00000000e+00, 3.84050830e-03, 2.20532904e-02],
       [1.50619554e-04, 3.14956344e-05, 3.17902306e-05, ...,
        3.84050830e-03, 0.00000000e+00, 1.75873088e-02],
       [2.59638817e-03, 1.39653645e-03, 1.20044551e-03, ...,
        2.20532904e-02, 1.75873088e-02, 0.00000000e+00]], shape=(45, 45)), 'molecular-dipole': array([ 1.29409997,  1.74875566, -1.39066591])}
{'bond-orders': array([[0.00000000e+00, 3.07593610e-01, 2.03014632e-02, ...,
        6.56900022e-05, 1.50619554e-04, 2.59638817e-03],
       [3.07593610e-01, 0.00000000e+00, 1.66330211e-02, ...,
        1.12619135e-04, 3.14956344e-05, 1.39653645e-03],
       [2.03014632e-02, 1.66330211e-02, 0.00000000e+00, ...,
        9.51820712e-05, 3.17902306e-05, 1.20044551e-03],
       ...,
       [6.56900022e-05, 1.12619135e-04, 9.51820712e-05, ...,
        0.00000000e+00, 3.84050830e-03, 2.20532904e-02],
       [1.50619554e-04, 3.14956344e-05, 3.17902306e-05, ...,
        3.84050830e-03, 0.00000000e+00, 1.75873088e-02],
       [2.59638817e-03, 1.39653645e-03, 1.20044551e-03, ...,
        2.20532904e-02, 1.75873088e-02, 0.00000000e+00]], shape=(45, 45)), 'molecular-dipole': array([ 1.29409997,  1.74875566, -1.39066591]), 'molecular-quadrupole': array([ 55.20304459, 110.29357022,  31.23407293, 150.77220887,
       194.36150349, -86.43711751])}
------------------------------------------------------------
  cycle        total energy    energy error   density error
------------------------------------------------------------
      1     -163.5611262574  -1.6331946E+02   1.3376965E-03
      2     -163.5484101049   1.2716152E-02   6.4395786E-03
      3     -163.5592377508  -1.0827646E-02   2.8842263E-03
      4     -163.5611208493  -1.8830985E-03   1.0106028E-03
      5     -163.5612674105  -1.4656117E-04   5.8393075E-04
      6     -163.5612797262  -1.2315751E-05   3.7225888E-04
      7     -163.5612820316  -2.3054268E-06   3.0040754E-04
      8     -163.5612868528  -4.8211647E-06   1.0874541E-04
      9     -163.5612874339  -5.8108060E-07   3.5209307E-05
     10     -163.5612874879  -5.3991641E-08   2.7965394E-05
     11     -163.5612875356  -4.7738411E-08   1.0905250E-05
------------------------------------------------------------

 total:                                  13.189 sec
3
{'bond-orders': array([[0.00000000e+00, 3.07647430e-01, 2.03070998e-02, ...,
        6.41249123e-05, 1.54318375e-04, 2.52591191e-03],
       [3.07647430e-01, 0.00000000e+00, 1.66342444e-02, ...,
        1.06705084e-04, 3.19748278e-05, 1.33705721e-03],
       [2.03070998e-02, 1.66342444e-02, 0.00000000e+00, ...,
        9.17064866e-05, 3.20870079e-05, 1.15506810e-03],
       ...,
       [6.41249123e-05, 1.06705084e-04, 9.17064866e-05, ...,
        0.00000000e+00, 4.09304219e-03, 2.22369738e-02],
       [1.54318375e-04, 3.19748278e-05, 3.20870079e-05, ...,
        4.09304219e-03, 0.00000000e+00, 1.81189060e-02],
       [2.52591191e-03, 1.33705721e-03, 1.15506810e-03, ...,
        2.22369738e-02, 1.81189060e-02, 0.00000000e+00]], shape=(45, 45))}
{'bond-orders': array([[0.00000000e+00, 3.07647430e-01, 2.03070998e-02, ...,
        6.41249123e-05, 1.54318375e-04, 2.52591191e-03],
       [3.07647430e-01, 0.00000000e+00, 1.66342444e-02, ...,
        1.06705084e-04, 3.19748278e-05, 1.33705721e-03],
       [2.03070998e-02, 1.66342444e-02, 0.00000000e+00, ...,
        9.17064866e-05, 3.20870079e-05, 1.15506810e-03],
       ...,
       [6.41249123e-05, 1.06705084e-04, 9.17064866e-05, ...,
        0.00000000e+00, 4.09304219e-03, 2.22369738e-02],
       [1.54318375e-04, 3.19748278e-05, 3.20870079e-05, ...,
        4.09304219e-03, 0.00000000e+00, 1.81189060e-02],
       [2.52591191e-03, 1.33705721e-03, 1.15506810e-03, ...,
        2.22369738e-02, 1.81189060e-02, 0.00000000e+00]], shape=(45, 45)), 'molecular-dipole': array([ 1.27673356,  1.70623865, -1.34022874])}
{'bond-orders': array([[0.00000000e+00, 3.07647430e-01, 2.03070998e-02, ...,
        6.41249123e-05, 1.54318375e-04, 2.52591191e-03],
       [3.07647430e-01, 0.00000000e+00, 1.66342444e-02, ...,
        1.06705084e-04, 3.19748278e-05, 1.33705721e-03],
       [2.03070998e-02, 1.66342444e-02, 0.00000000e+00, ...,
        9.17064866e-05, 3.20870079e-05, 1.15506810e-03],
       ...,
       [6.41249123e-05, 1.06705084e-04, 9.17064866e-05, ...,
        0.00000000e+00, 4.09304219e-03, 2.22369738e-02],
       [1.54318375e-04, 3.19748278e-05, 3.20870079e-05, ...,
        4.09304219e-03, 0.00000000e+00, 1.81189060e-02],
       [2.52591191e-03, 1.33705721e-03, 1.15506810e-03, ...,
        2.22369738e-02, 1.81189060e-02, 0.00000000e+00]], shape=(45, 45)), 'molecular-dipole': array([ 1.27673356,  1.70623865, -1.34022874]), 'molecular-quadrupole': array([ 52.75021734, 107.94042646,  29.02124927, 150.39695869,
       189.94621075, -81.77146662])}
------------------------------------------------------------
  cycle        total energy    energy error   density error
------------------------------------------------------------
      1     -163.5618749809  -1.6332212E+02   1.5117484E-03
      2     -163.5469309979   1.4943983E-02   7.0814610E-03
      3     -163.5595142132  -1.2583215E-02   3.2832156E-03
      4     -163.5616123536  -2.0981405E-03   1.4842108E-03
      5     -163.5620314983  -4.1914470E-04   7.7334754E-04
      6     -163.5620646746  -3.3176291E-05   5.1384483E-04
      7     -163.5620699236  -5.2489213E-06   4.1318321E-04
      8     -163.5620802700  -1.0346425E-05   1.3261460E-04
      9     -163.5620810522  -7.8220495E-07   3.8210074E-05
     10     -163.5620810715  -1.9267418E-08   3.0357347E-05
     11     -163.5620811227  -5.1282001E-08   1.0391980E-05
------------------------------------------------------------

 total:                                  13.133 sec
3
{'bond-orders': array([[0.00000000e+00, 3.07743682e-01, 2.03319062e-02, ...,
        6.15391893e-05, 1.64773856e-04, 2.46683830e-03],
       [3.07743682e-01, 0.00000000e+00, 1.66184311e-02, ...,
        9.90166481e-05, 3.37533614e-05, 1.27213468e-03],
       [2.03319062e-02, 1.66184311e-02, 0.00000000e+00, ...,
        8.64796559e-05, 3.29955653e-05, 1.10136225e-03],
       ...,
       [6.15391893e-05, 9.90166481e-05, 8.64796559e-05, ...,
        0.00000000e+00, 4.33280669e-03, 2.24648609e-02],
       [1.64773856e-04, 3.37533614e-05, 3.29955653e-05, ...,
        4.33280669e-03, 0.00000000e+00, 1.86502206e-02],
       [2.46683830e-03, 1.27213468e-03, 1.10136225e-03, ...,
        2.24648609e-02, 1.86502206e-02, 0.00000000e+00]], shape=(45, 45))}
{'bond-orders': array([[0.00000000e+00, 3.07743682e-01, 2.03319062e-02, ...,
        6.15391893e-05, 1.64773856e-04, 2.46683830e-03],
       [3.07743682e-01, 0.00000000e+00, 1.66184311e-02, ...,
        9.90166481e-05, 3.37533614e-05, 1.27213468e-03],
       [2.03319062e-02, 1.66184311e-02, 0.00000000e+00, ...,
        8.64796559e-05, 3.29955653e-05, 1.10136225e-03],
       ...,
       [6.15391893e-05, 9.90166481e-05, 8.64796559e-05, ...,
        0.00000000e+00, 4.33280669e-03, 2.24648609e-02],
       [1.64773856e-04, 3.37533614e-05, 3.29955653e-05, ...,
        4.33280669e-03, 0.00000000e+00, 1.86502206e-02],
       [2.46683830e-03, 1.27213468e-03, 1.10136225e-03, ...,
        2.24648609e-02, 1.86502206e-02, 0.00000000e+00]], shape=(45, 45)), 'molecular-dipole': array([ 1.25589979,  1.64136126, -1.2782678 ])}
{'bond-orders': array([[0.00000000e+00, 3.07743682e-01, 2.03319062e-02, ...,
        6.15391893e-05, 1.64773856e-04, 2.46683830e-03],
       [3.07743682e-01, 0.00000000e+00, 1.66184311e-02, ...,
        9.90166481e-05, 3.37533614e-05, 1.27213468e-03],
       [2.03319062e-02, 1.66184311e-02, 0.00000000e+00, ...,
        8.64796559e-05, 3.29955653e-05, 1.10136225e-03],
       ...,
       [6.15391893e-05, 9.90166481e-05, 8.64796559e-05, ...,
        0.00000000e+00, 4.33280669e-03, 2.24648609e-02],
       [1.64773856e-04, 3.37533614e-05, 3.29955653e-05, ...,
        4.33280669e-03, 0.00000000e+00, 1.86502206e-02],
       [2.46683830e-03, 1.27213468e-03, 1.10136225e-03, ...,
        2.24648609e-02, 1.86502206e-02, 0.00000000e+00]], shape=(45, 45)), 'molecular-dipole': array([ 1.25589979,  1.64136126, -1.2782678 ]), 'molecular-quadrupole': array([ 49.83103938, 104.55367408,  26.19574187, 150.08395093,
       182.95137094, -76.02678124])}
------------------------------------------------------------
  cycle        total energy    energy error   density error
------------------------------------------------------------
      1     -163.5628348165  -1.6332579E+02   1.7678547E-03
      2     -163.5464547048   1.6380112E-02   7.6220844E-03
      3     -163.5578091193  -1.1354415E-02   4.5572909E-03
      4     -163.5619700567  -4.1609374E-03   2.1189523E-03
      5     -163.5629729128  -1.0028560E-03   1.0191878E-03
      6     -163.5630725369  -9.9624191E-05   6.1051670E-04
      7     -163.5630924526  -1.9915608E-05   4.7397039E-04
      8     -163.5631068469  -1.4394349E-05   1.6127761E-04
      9     -163.5631079802  -1.1332671E-06   5.4050020E-05
     10     -163.5631081317  -1.5154691E-07   3.7807766E-05
     11     -163.5631083006  -1.6884903E-07   1.6504766E-05
------------------------------------------------------------

 total:                                  13.172 sec
3
{'bond-orders': array([[0.00000000e+00, 3.07921572e-01, 2.03855415e-02, ...,
        5.66372627e-05, 1.78766460e-04, 2.41195591e-03],
       [3.07921572e-01, 0.00000000e+00, 1.65842792e-02, ...,
        8.78292833e-05, 3.62398295e-05, 1.19856658e-03],
       [2.03855415e-02, 1.65842792e-02, 0.00000000e+00, ...,
        7.79034032e-05, 3.34206726e-05, 1.03677318e-03],
       ...,
       [5.66372627e-05, 8.78292833e-05, 7.79034032e-05, ...,
        0.00000000e+00, 4.45439304e-03, 2.26560158e-02],
       [1.78766460e-04, 3.62398295e-05, 3.34206726e-05, ...,
        4.45439304e-03, 0.00000000e+00, 1.87896617e-02],
       [2.41195591e-03, 1.19856658e-03, 1.03677318e-03, ...,
        2.26560158e-02, 1.87896617e-02, 0.00000000e+00]], shape=(45, 45))}
{'bond-orders': array([[0.00000000e+00, 3.07921572e-01, 2.03855415e-02, ...,
        5.66372627e-05, 1.78766460e-04, 2.41195591e-03],
       [3.07921572e-01, 0.00000000e+00, 1.65842792e-02, ...,
        8.78292833e-05, 3.62398295e-05, 1.19856658e-03],
       [2.03855415e-02, 1.65842792e-02, 0.00000000e+00, ...,
        7.79034032e-05, 3.34206726e-05, 1.03677318e-03],
       ...,
       [5.66372627e-05, 8.78292833e-05, 7.79034032e-05, ...,
        0.00000000e+00, 4.45439304e-03, 2.26560158e-02],
       [1.78766460e-04, 3.62398295e-05, 3.34206726e-05, ...,
        4.45439304e-03, 0.00000000e+00, 1.87896617e-02],
       [2.41195591e-03, 1.19856658e-03, 1.03677318e-03, ...,
        2.26560158e-02, 1.87896617e-02, 0.00000000e+00]], shape=(45, 45)), 'molecular-dipole': array([ 1.2248476 ,  1.54935186, -1.1899752 ])}
{'bond-orders': array([[0.00000000e+00, 3.07921572e-01, 2.03855415e-02, ...,
        5.66372627e-05, 1.78766460e-04, 2.41195591e-03],
       [3.07921572e-01, 0.00000000e+00, 1.65842792e-02, ...,
        8.78292833e-05, 3.62398295e-05, 1.19856658e-03],
       [2.03855415e-02, 1.65842792e-02, 0.00000000e+00, ...,
        7.79034032e-05, 3.34206726e-05, 1.03677318e-03],
       ...,
       [5.66372627e-05, 8.78292833e-05, 7.79034032e-05, ...,
        0.00000000e+00, 4.45439304e-03, 2.26560158e-02],
       [1.78766460e-04, 3.62398295e-05, 3.34206726e-05, ...,
        4.45439304e-03, 0.00000000e+00, 1.87896617e-02],
       [2.41195591e-03, 1.19856658e-03, 1.03677318e-03, ...,
        2.26560158e-02, 1.87896617e-02, 0.00000000e+00]], shape=(45, 45)), 'molecular-dipole': array([ 1.2248476 ,  1.54935186, -1.1899752 ]), 'molecular-quadrupole': array([ 45.78063085,  99.76064261,  22.18278256, 149.51404617,
       173.1101609 , -67.96341342])}
------------------------------------------------------------
  cycle        total energy    energy error   density error
------------------------------------------------------------
      1     -163.5641048942  -1.6332942E+02   2.6279565E-03
      2     -163.5506683198   1.3436574E-02   7.7579011E-03
      3     -163.5378290068   1.2839313E-02   9.5137431E-03
      4     -163.5608489357  -2.3019929E-02   3.6405019E-03
      5     -163.5642559484  -3.4070126E-03   1.5211534E-03
      6     -163.5644707920  -2.1484369E-04   8.7631517E-04
      7     -163.5645328373  -6.2045293E-05   6.0949034E-04
      8     -163.5645563959  -2.3558548E-05   2.1693910E-04
      9     -163.5645581690  -1.7731607E-06   9.5580969E-05
     10     -163.5645588264  -6.5733155E-07   6.6914558E-05
     11     -163.5645594818  -6.5539322E-07   3.3061343E-05
     12     -163.5645596584  -1.7659156E-07   1.1296010E-05
------------------------------------------------------------

 total:                                  13.424 sec
3
{'bond-orders': array([[0.00000000e+00, 3.08249525e-01, 2.04851835e-02, ...,
        4.79757110e-05, 1.92441571e-04, 2.34315930e-03],
       [3.08249525e-01, 0.00000000e+00, 1.65387071e-02, ...,
        7.06511154e-05, 3.90840093e-05, 1.10748814e-03],
       [2.04851835e-02, 1.65387071e-02, 0.00000000e+00, ...,
        6.32111216e-05, 3.20543659e-05, 9.50255187e-04],
       ...,
       [4.79757110e-05, 7.06511154e-05, 6.32111216e-05, ...,
        0.00000000e+00, 4.36210321e-03, 2.26461124e-02],
       [1.92441571e-04, 3.90840093e-05, 3.20543659e-05, ...,
        4.36210321e-03, 0.00000000e+00, 1.81042436e-02],
       [2.34315930e-03, 1.10748814e-03, 9.50255187e-04, ...,
        2.26461124e-02, 1.81042436e-02, 0.00000000e+00]], shape=(45, 45))}
{'bond-orders': array([[0.00000000e+00, 3.08249525e-01, 2.04851835e-02, ...,
        4.79757110e-05, 1.92441571e-04, 2.34315930e-03],
       [3.08249525e-01, 0.00000000e+00, 1.65387071e-02, ...,
        7.06511154e-05, 3.90840093e-05, 1.10748814e-03],
       [2.04851835e-02, 1.65387071e-02, 0.00000000e+00, ...,
        6.32111216e-05, 3.20543659e-05, 9.50255187e-04],
       ...,
       [4.79757110e-05, 7.06511154e-05, 6.32111216e-05, ...,
        0.00000000e+00, 4.36210321e-03, 2.26461124e-02],
       [1.92441571e-04, 3.90840093e-05, 3.20543659e-05, ...,
        4.36210321e-03, 0.00000000e+00, 1.81042436e-02],
       [2.34315930e-03, 1.10748814e-03, 9.50255187e-04, ...,
        2.26461124e-02, 1.81042436e-02, 0.00000000e+00]], shape=(45, 45)), 'molecular-dipole': array([ 1.16181068,  1.39873723, -1.05618826])}
{'bond-orders': array([[0.00000000e+00, 3.08249525e-01, 2.04851835e-02, ...,
        4.79757110e-05, 1.92441571e-04, 2.34315930e-03],
       [3.08249525e-01, 0.00000000e+00, 1.65387071e-02, ...,
        7.06511154e-05, 3.90840093e-05, 1.10748814e-03],
       [2.04851835e-02, 1.65387071e-02, 0.00000000e+00, ...,
        6.32111216e-05, 3.20543659e-05, 9.50255187e-04],
       ...,
       [4.79757110e-05, 7.06511154e-05, 6.32111216e-05, ...,
        0.00000000e+00, 4.36210321e-03, 2.26461124e-02],
       [1.92441571e-04, 3.90840093e-05, 3.20543659e-05, ...,
        4.36210321e-03, 0.00000000e+00, 1.81042436e-02],
       [2.34315930e-03, 1.10748814e-03, 9.50255187e-04, ...,
        2.26461124e-02, 1.81042436e-02, 0.00000000e+00]], shape=(45, 45)), 'molecular-dipole': array([ 1.16181068,  1.39873723, -1.05618826]), 'molecular-quadrupole': array([ 39.33334103,  91.63224635,  16.01684925, 146.50767222,
       156.88515066, -55.35019027])}
------------------------------------------------------------
  cycle        total energy    energy error   density error
------------------------------------------------------------
      1     -163.5650603592  -1.6332975E+02   3.0893106E-03
      2     -163.5376648849   2.7395474E-02   1.0435452E-02
      3     -163.5368291508   8.3573405E-04   1.0014299E-02
      4     -163.5617060910  -2.4876940E-02   3.8555482E-03
      5     -163.5653946307  -3.6885397E-03   1.7838104E-03
      6     -163.5656102259  -2.1559513E-04   1.0899740E-03
      7     -163.5656681055  -5.7879584E-05   5.9932195E-04
      8     -163.5656799714  -1.1865972E-05   2.4228500E-04
      9     -163.5656852217  -5.2502298E-06   1.0667029E-04
     10     -163.5656862979  -1.0762612E-06   7.2025537E-05
     11     -163.5656870171  -7.1919115E-07   3.7811341E-05
     12     -163.5656871503  -1.3314755E-07   1.1832504E-05
------------------------------------------------------------

 total:                                  13.434 sec
3
{'bond-orders': array([[0.00000000e+00, 3.08649895e-01, 2.05987965e-02, ...,
        3.95266898e-05, 1.94710980e-04, 2.28220750e-03],
       [3.08649895e-01, 0.00000000e+00, 1.65120349e-02, ...,
        5.49831027e-05, 4.06790128e-05, 1.04003513e-03],
       [2.05987965e-02, 1.65120349e-02, 0.00000000e+00, ...,
        4.81411145e-05, 2.90777932e-05, 8.77442432e-04],
       ...,
       [3.95266898e-05, 5.49831027e-05, 4.81411145e-05, ...,
        0.00000000e+00, 4.05650845e-03, 2.22050449e-02],
       [1.94710980e-04, 4.06790128e-05, 2.90777932e-05, ...,
        4.05650845e-03, 0.00000000e+00, 1.66662145e-02],
       [2.28220750e-03, 1.04003513e-03, 8.77442432e-04, ...,
        2.22050449e-02, 1.66662145e-02, 0.00000000e+00]], shape=(45, 45))}
{'bond-orders': array([[0.00000000e+00, 3.08649895e-01, 2.05987965e-02, ...,
        3.95266898e-05, 1.94710980e-04, 2.28220750e-03],
       [3.08649895e-01, 0.00000000e+00, 1.65120349e-02, ...,
        5.49831027e-05, 4.06790128e-05, 1.04003513e-03],
       [2.05987965e-02, 1.65120349e-02, 0.00000000e+00, ...,
        4.81411145e-05, 2.90777932e-05, 8.77442432e-04],
       ...,
       [3.95266898e-05, 5.49831027e-05, 4.81411145e-05, ...,
        0.00000000e+00, 4.05650845e-03, 2.22050449e-02],
       [1.94710980e-04, 4.06790128e-05, 2.90777932e-05, ...,
        4.05650845e-03, 0.00000000e+00, 1.66662145e-02],
       [2.28220750e-03, 1.04003513e-03, 8.77442432e-04, ...,
        2.22050449e-02, 1.66662145e-02, 0.00000000e+00]], shape=(45, 45)), 'molecular-dipole': array([ 1.07957056,  1.23418981, -0.90479002])}
{'bond-orders': array([[0.00000000e+00, 3.08649895e-01, 2.05987965e-02, ...,
        3.95266898e-05, 1.94710980e-04, 2.28220750e-03],
       [3.08649895e-01, 0.00000000e+00, 1.65120349e-02, ...,
        5.49831027e-05, 4.06790128e-05, 1.04003513e-03],
       [2.05987965e-02, 1.65120349e-02, 0.00000000e+00, ...,
        4.81411145e-05, 2.90777932e-05, 8.77442432e-04],
       ...,
       [3.95266898e-05, 5.49831027e-05, 4.81411145e-05, ...,
        0.00000000e+00, 4.05650845e-03, 2.22050449e-02],
       [1.94710980e-04, 4.06790128e-05, 2.90777932e-05, ...,
        4.05650845e-03, 0.00000000e+00, 1.66662145e-02],
       [2.28220750e-03, 1.04003513e-03, 8.77442432e-04, ...,
        2.22050449e-02, 1.66662145e-02, 0.00000000e+00]], shape=(45, 45)), 'molecular-dipole': array([ 1.07957056,  1.23418981, -0.90479002]), 'molecular-quadrupole': array([ 31.83890035,  82.37056524,   9.11832172, 141.70021868,
       139.34350382, -40.95722207])}
------------------------------------------------------------
  cycle        total energy    energy error   density error
------------------------------------------------------------
      1     -163.5658639182  -1.6332873E+02   9.6261587E-04
      2     -163.5632811760   2.5827422E-03   3.1384610E-03
      3     -163.5637992818  -5.1810588E-04   2.7233557E-03
      4     -163.5656913577  -1.8920758E-03   1.0020535E-03
      5     -163.5658861784  -1.9482080E-04   6.4140511E-04
      6     -163.5658873110  -1.1325823E-06   5.1896631E-04
      7     -163.5659058011  -1.8490093E-05   1.9516916E-04
      8     -163.5659085737  -2.7725762E-06   7.2300897E-05
      9     -163.5659092870  -7.1331201E-07   3.5436970E-05
     10     -163.5659094121  -1.2512183E-07   2.3946396E-05
     11     -163.5659094552  -4.3111953E-08   8.8508699E-06
------------------------------------------------------------

 total:                                  13.085 sec
3
{'bond-orders': array([[0.00000000e+00, 3.08774871e-01, 2.06367779e-02, ...,
        3.70389244e-05, 1.92487784e-04, 2.27243277e-03],
       [3.08774871e-01, 0.00000000e+00, 1.65120326e-02, ...,
        5.08999548e-05, 4.07058961e-05, 1.02648816e-03],
       [2.06367779e-02, 1.65120326e-02, 0.00000000e+00, ...,
        4.42420763e-05, 2.79676472e-05, 8.62767484e-04],
       ...,
       [3.70389244e-05, 5.08999548e-05, 4.42420763e-05, ...,
        0.00000000e+00, 3.87488598e-03, 2.19820342e-02],
       [1.92487784e-04, 4.07058961e-05, 2.79676472e-05, ...,
        3.87488598e-03, 0.00000000e+00, 1.60941025e-02],
       [2.27243277e-03, 1.02648816e-03, 8.62767484e-04, ...,
