/home/ans819/.conda/envs/autoflow/lib/python3.13/site-packages/e3nn/o3/_wigner.py:10: UserWarning: Environment variable TORCH_FORCE_NO_WEIGHTS_ONLY_LOAD detected, since the`weights_only` argument was not explicitly passed to `torch.load`, forcing weights_only=False.
  _Jd, _W3j_flat, _W3j_indices = torch.load(os.path.join(os.path.dirname(__file__), 'constants.pt'))

          ==================== Thresholds ====================
          CN  :   150.00000
          rep :   500.00000
          disp:  2500.00000
          HB1 :   250.00000
          HB2 :   450.00000

          Pauling EN used:
          Z : 1  EN :  2.20
          Z : 6  EN :  2.55
          Z : 8  EN :  3.44
          Z :47  EN :  1.93
          electric field strengths (au): 0.000

           ------------------------------------------------- 
          |           Force Field Initialization            |
           ------------------------------------------------- 

          distances ...
          ----------------------------------------
          generating topology and atomic info file ...
          pair mat ...
          computing topology distances matrix with Floyd-Warshall algo ...
          making topology EEQ charges ...
          #fragments for EEQ constrain: 1
          ----------------------------------------
          generating topology and atomic info file ...
          pair mat ...
          computing topology distances matrix with Floyd-Warshall algo ...
          making topology EEQ charges ...
          #fragments for EEQ constrain: 1
          rings ...
          # BATM   3547
          # H in HB   0

  atom   neighbors  erfCN metchar sp-hybrid imet pi  qest     coordinates
    1  Ag      2    1.35   0.37         2    2    0  -0.000    1.677205    0.356229   26.980573
    2  Ag      5    3.15   0.31         0    2    0   0.015    5.167514    4.630967   26.980573
    3  Ag      9    4.27   0.07         0    2    0   0.007   13.893287    8.193249   28.573674
    4  Ag      7    3.92   0.19         0    2    0   0.012   10.402978    3.918511   28.573674
    5  Ag      7    3.92   0.19         0    2    0   0.015   19.128751    7.480793   30.166775
    6  Ag      6    3.59   0.27         0    2    0   0.016   15.638442    3.206054   30.166775
    7  Ag      9    4.27   0.07         0    2    0   0.007    6.912669    6.768336   31.759876
    8  Ag      6    3.59   0.23         0    2    0   0.017    3.422360    2.493598   31.759876
    9  Ag     12    4.39   0.01         0    2    0   0.005   12.148133    6.055880   33.352977
   10  Ag      7    3.92   0.19         0    2    0   0.017    8.657824    1.781141   33.352977
   11  Ag      9    4.27   0.07         0    2    0   0.020   17.383597    5.343423   34.946078
   12  Ag      6    3.59   0.27         0    2    0   0.033   13.893287    1.068685   34.946078
   13  Ag      8    4.14   0.11         0    2    0   0.018    5.167514    4.630967   36.539179
   14  Ag      3    2.00   0.37         2    2    0   0.011    1.677205    0.356229   36.539179
   15  Ag      8    4.14   0.12         0    2    0   0.029   10.402978    3.918511   38.132280
   16  Ag     10    4.34   0.04         0    2    0   0.018   13.893287    8.193249   38.132280
   17  Ag      9    4.30   0.05         0    2    0   0.141   15.638442    3.206054   39.725381
   18  Ag      7    3.83   0.24         0    2    0   0.089   19.128751    7.480793   39.725381
   19  Ag      3    2.00   0.37         2    2    0   0.011    3.422360    2.493598   41.318482
   20  Ag      5    3.15   0.32         0    2    0   0.022    6.912669    6.768336   41.318482
   21  Ag      6    3.59   0.26         0    2    0   0.011    8.657824    8.905705   26.980573
   22  Ag      5    3.15   0.34         0    2    0   0.012   12.148133   13.180444   26.980573
   23  Ag      4    2.61   0.38         3    2    0   0.014   20.873906   16.742726   28.573674
   24  Ag      8    4.14   0.12         0    2    0   0.010   17.383597   12.467987   28.573674
   25  Ag      3    2.00   0.39         2    2    0   0.008   26.109370   16.030269   30.166775
   26  Ag      7    3.92   0.19         0    2    0   0.017   22.619061   11.755531   30.166775
   27  Ag      6    3.59   0.27         0    2    0   0.012   13.893287   15.317813   31.759876
   28  Ag      9    4.27   0.07         0    2    0   0.006   10.402978   11.043075   31.759876
   29  Ag      9    4.27   0.07         0    2    0   0.011   19.128751   14.605357   33.352977
/home/ans819/.conda/envs/autoflow/lib/python3.13/site-packages/mace/calculators/mace.py:197: UserWarning: Environment variable TORCH_FORCE_NO_WEIGHTS_ONLY_LOAD detected, since the`weights_only` argument was not explicitly passed to `torch.load`, forcing weights_only=False.
  torch.load(f=model_path, map_location=device)
/home/ans819/.conda/envs/autoflow/lib/python3.13/site-packages/chgnet/model/model.py:898: UserWarning: Converting a tensor with requires_grad=True to a scalar may lead to unexpected behavior.
Consider using tensor.detach() first. (Triggered internally at /pytorch/torch/csrc/autograd/generated/python_variable_methods.cpp:836.)
  volumes = torch.tensor(volumes, dtype=TORCH_DTYPE, device=atomic_numbers.device)
cuequivariance or cuequivariance_torch is not available. Cuequivariance acceleration will be disabled.
------------------------------------------------------------
  cycle        total energy    energy error   density error
------------------------------------------------------------
      1     -162.9889033605  -1.6275548E+02   1.0023412E+00
      2     -162.4466245069   5.4227885E-01   6.1755203E-01
      3     -70.92966463809   9.1516960E+01   1.4113702E+00
      4     -157.7313340965  -8.6801669E+01   3.1171552E-01
      5     -162.4147541957  -4.6834201E+00   1.1711884E-01
      6     -153.1525785551   9.2621756E+00   1.8641470E-01
      7     -157.7572017231  -4.6046232E+00   1.4344657E-01
      8     -163.0773805552  -5.3201788E+00   5.6575210E-02
      9     -163.2997623809  -2.2238183E-01   3.7830233E-02
     10     -163.3553731066  -5.5610726E-02   3.3497449E-02
     11     -163.3574144194  -2.0413128E-03   3.1596921E-02
     12     -163.3693263486  -1.1911929E-02   2.5026519E-02
     13     -163.3778583015  -8.5319530E-03   1.9895083E-02
     14     -163.3790624662  -1.2041647E-03   1.9105146E-02
     15     -163.3790553384   7.1278300E-06   1.9162648E-02
     16     -163.3830645537  -4.0092154E-03   1.1597502E-02
     17     -163.3844956028  -1.4310491E-03   7.3665923E-03
     18     -163.3849723020  -4.7669921E-04   5.4722920E-03
     19     -163.3852264180  -2.5411600E-04   3.3636369E-03
     20     -163.3855592599  -3.3284191E-04   1.0780207E-03
     21     -163.3855986849  -3.9424954E-05   3.7704979E-04
     22     -163.3856002684  -1.5835318E-06   2.6342911E-04
     23     -163.3856014969  -1.2284509E-06   2.2745800E-04
     24     -163.3856024502  -9.5333922E-07   7.2378763E-05
     25     -163.3856032197  -7.6947524E-07   5.6110992E-05
     26     -163.3856033082  -8.8541526E-08   1.0175760E-05
------------------------------------------------------------

 total:                                  18.267 sec
3
{'bond-orders': array([[0.00000000e+00, 3.04334150e-01, 2.14110411e-02, ...,
        6.13308432e-04, 1.52983604e-04, 2.84172294e-03],
       [3.04334150e-01, 0.00000000e+00, 2.43815571e-02, ...,
        6.35361247e-04, 1.38174718e-04, 2.94791086e-03],
       [2.14110411e-02, 2.43815571e-02, 0.00000000e+00, ...,
        2.75585036e-04, 3.24869718e-04, 1.71344144e-03],
       ...,
       [6.13308432e-04, 6.35361247e-04, 2.75585036e-04, ...,
        0.00000000e+00, 7.56352360e-03, 1.58406578e-02],
       [1.52983604e-04, 1.38174718e-04, 3.24869718e-04, ...,
        7.56352360e-03, 0.00000000e+00, 2.27928218e-02],
       [2.84172294e-03, 2.94791086e-03, 1.71344144e-03, ...,
        1.58406578e-02, 2.27928218e-02, 0.00000000e+00]], shape=(45, 45))}
{'bond-orders': array([[0.00000000e+00, 3.04334150e-01, 2.14110411e-02, ...,
        6.13308432e-04, 1.52983604e-04, 2.84172294e-03],
       [3.04334150e-01, 0.00000000e+00, 2.43815571e-02, ...,
        6.35361247e-04, 1.38174718e-04, 2.94791086e-03],
       [2.14110411e-02, 2.43815571e-02, 0.00000000e+00, ...,
        2.75585036e-04, 3.24869718e-04, 1.71344144e-03],
       ...,
       [6.13308432e-04, 6.35361247e-04, 2.75585036e-04, ...,
        0.00000000e+00, 7.56352360e-03, 1.58406578e-02],
       [1.52983604e-04, 1.38174718e-04, 3.24869718e-04, ...,
        7.56352360e-03, 0.00000000e+00, 2.27928218e-02],
       [2.84172294e-03, 2.94791086e-03, 1.71344144e-03, ...,
        1.58406578e-02, 2.27928218e-02, 0.00000000e+00]], shape=(45, 45)), 'molecular-dipole': array([-2.74339949, -0.67370905,  0.41556993])}
{'bond-orders': array([[0.00000000e+00, 3.04334150e-01, 2.14110411e-02, ...,
        6.13308432e-04, 1.52983604e-04, 2.84172294e-03],
       [3.04334150e-01, 0.00000000e+00, 2.43815571e-02, ...,
        6.35361247e-04, 1.38174718e-04, 2.94791086e-03],
       [2.14110411e-02, 2.43815571e-02, 0.00000000e+00, ...,
        2.75585036e-04, 3.24869718e-04, 1.71344144e-03],
       ...,
       [6.13308432e-04, 6.35361247e-04, 2.75585036e-04, ...,
        0.00000000e+00, 7.56352360e-03, 1.58406578e-02],
       [1.52983604e-04, 1.38174718e-04, 3.24869718e-04, ...,
        7.56352360e-03, 0.00000000e+00, 2.27928218e-02],
       [2.84172294e-03, 2.94791086e-03, 1.71344144e-03, ...,
        1.58406578e-02, 2.27928218e-02, 0.00000000e+00]], shape=(45, 45)), 'molecular-dipole': array([-2.74339949, -0.67370905,  0.41556993]), 'molecular-quadrupole': array([ -75.3962929 , -102.1917867 ,  -28.27198095, -291.73596799,
        -83.18029543,  103.66827385])}
------------------------------------------------------------
  cycle        total energy    energy error   density error
------------------------------------------------------------
      1     -163.3916469191  -1.6316526E+02   1.4890814E-02
      2     -163.1902397473   2.0140717E-01   3.0025389E-02
      3     -161.7016825442   1.4885572E+00   7.3535696E-02
      4     -163.3815452140  -1.6798627E+00   1.4078392E-02
      5     -163.4001249635  -1.8579749E-02   4.3894669E-03
      6     -163.4012244943  -1.0995309E-03   2.4382560E-03
      7     -163.4007220121   5.0248229E-04   2.1231868E-03
      8     -163.4011521273  -4.3011529E-04   1.6716828E-03
      9     -163.4012130107  -6.0883329E-05   9.9637083E-04
     10     -163.4013340422  -1.2103156E-04   5.4511065E-04
     11     -163.4013738139  -3.9771684E-05   3.1353609E-04
     12     -163.4013940461  -2.0232182E-05   1.0751719E-04
     13     -163.4013950488  -1.0026679E-06   7.3887860E-05
     14     -163.4013960752  -1.0264812E-06   4.0600600E-05
     15     -163.4013963559  -2.8069798E-07   2.0150332E-05
     16     -163.4013964119  -5.5946998E-08   1.0810761E-05
------------------------------------------------------------

 total:                                  14.890 sec
3
{'bond-orders': array([[0.00000000e+00, 3.03880341e-01, 2.15759220e-02, ...,
        9.09589680e-04, 1.72862685e-04, 3.02226818e-03],
       [3.03880341e-01, 0.00000000e+00, 2.41387809e-02, ...,
        8.71660583e-04, 1.67349597e-04, 2.58668967e-03],
       [2.15759220e-02, 2.41387809e-02, 0.00000000e+00, ...,
        4.75506267e-04, 3.71252199e-04, 1.83793217e-03],
       ...,
       [9.09589680e-04, 8.71660583e-04, 4.75506267e-04, ...,
        0.00000000e+00, 8.07495199e-03, 1.76341880e-02],
       [1.72862685e-04, 1.67349597e-04, 3.71252199e-04, ...,
        8.07495199e-03, 0.00000000e+00, 2.88041560e-02],
       [3.02226818e-03, 2.58668967e-03, 1.83793217e-03, ...,
        1.76341880e-02, 2.88041560e-02, 0.00000000e+00]], shape=(45, 45))}
{'bond-orders': array([[0.00000000e+00, 3.03880341e-01, 2.15759220e-02, ...,
        9.09589680e-04, 1.72862685e-04, 3.02226818e-03],
       [3.03880341e-01, 0.00000000e+00, 2.41387809e-02, ...,
        8.71660583e-04, 1.67349597e-04, 2.58668967e-03],
       [2.15759220e-02, 2.41387809e-02, 0.00000000e+00, ...,
        4.75506267e-04, 3.71252199e-04, 1.83793217e-03],
       ...,
       [9.09589680e-04, 8.71660583e-04, 4.75506267e-04, ...,
        0.00000000e+00, 8.07495199e-03, 1.76341880e-02],
       [1.72862685e-04, 1.67349597e-04, 3.71252199e-04, ...,
        8.07495199e-03, 0.00000000e+00, 2.88041560e-02],
       [3.02226818e-03, 2.58668967e-03, 1.83793217e-03, ...,
        1.76341880e-02, 2.88041560e-02, 0.00000000e+00]], shape=(45, 45)), 'molecular-dipole': array([-2.72681632, -0.6766445 ,  0.54838563])}
{'bond-orders': array([[0.00000000e+00, 3.03880341e-01, 2.15759220e-02, ...,
        9.09589680e-04, 1.72862685e-04, 3.02226818e-03],
       [3.03880341e-01, 0.00000000e+00, 2.41387809e-02, ...,
        8.71660583e-04, 1.67349597e-04, 2.58668967e-03],
       [2.15759220e-02, 2.41387809e-02, 0.00000000e+00, ...,
        4.75506267e-04, 3.71252199e-04, 1.83793217e-03],
       ...,
       [9.09589680e-04, 8.71660583e-04, 4.75506267e-04, ...,
        0.00000000e+00, 8.07495199e-03, 1.76341880e-02],
       [1.72862685e-04, 1.67349597e-04, 3.71252199e-04, ...,
        8.07495199e-03, 0.00000000e+00, 2.88041560e-02],
       [3.02226818e-03, 2.58668967e-03, 1.83793217e-03, ...,
        1.76341880e-02, 2.88041560e-02, 0.00000000e+00]], shape=(45, 45)), 'molecular-dipole': array([-2.72681632, -0.6766445 ,  0.54838563]), 'molecular-quadrupole': array([ -81.8666807 , -103.88141913,  -34.86125849, -282.03532546,
        -81.53379949,  116.72793919])}
------------------------------------------------------------
  cycle        total energy    energy error   density error
------------------------------------------------------------
      1     -163.4028932532  -1.6319414E+02   1.4441654E-02
      2     -163.1691620360   2.3373122E-01   3.0871782E-02
      3     -161.7690147856   1.4001473E+00   7.2373294E-02
      4     -163.3908544083  -1.6218396E+00   1.4216012E-02
      5     -163.4116742765  -2.0819868E-02   4.6825840E-03
      6     -163.4126583557  -9.8407926E-04   2.4421915E-03
      7     -163.4122933101   3.6504563E-04   2.0721880E-03
      8     -163.4125361097  -2.4279958E-04   1.7607679E-03
      9     -163.4126290691  -9.2959473E-05   9.9455499E-04
     10     -163.4127405346  -1.1146543E-04   4.9640230E-04
     11     -163.4127662428  -2.5708201E-05   2.9556609E-04
     12     -163.4127835731  -1.7330372E-05   9.8881505E-05
     13     -163.4127844790  -9.0585542E-07   5.4985258E-05
     14     -163.4127848361  -3.5715703E-07   2.6372883E-05
     15     -163.4127848798  -4.3688573E-08   1.6173487E-05
------------------------------------------------------------

 total:                                  14.730 sec
3
{'bond-orders': array([[0.00000000e+00, 3.04274988e-01, 2.18108481e-02, ...,
        1.31913025e-03, 1.67653445e-04, 3.02031589e-03],
       [3.04274988e-01, 0.00000000e+00, 2.39630714e-02, ...,
        1.17436123e-03, 1.63106746e-04, 2.11829491e-03],
       [2.18108481e-02, 2.39630714e-02, 0.00000000e+00, ...,
        8.47816619e-04, 3.76280016e-04, 1.99042502e-03],
       ...,
       [1.31913025e-03, 1.17436123e-03, 8.47816619e-04, ...,
        0.00000000e+00, 9.21829837e-03, 1.75089760e-02],
       [1.67653445e-04, 1.63106746e-04, 3.76280016e-04, ...,
        9.21829837e-03, 0.00000000e+00, 3.71879662e-02],
       [3.02031589e-03, 2.11829491e-03, 1.99042502e-03, ...,
        1.75089760e-02, 3.71879662e-02, 0.00000000e+00]], shape=(45, 45))}
{'bond-orders': array([[0.00000000e+00, 3.04274988e-01, 2.18108481e-02, ...,
        1.31913025e-03, 1.67653445e-04, 3.02031589e-03],
       [3.04274988e-01, 0.00000000e+00, 2.39630714e-02, ...,
        1.17436123e-03, 1.63106746e-04, 2.11829491e-03],
       [2.18108481e-02, 2.39630714e-02, 0.00000000e+00, ...,
        8.47816619e-04, 3.76280016e-04, 1.99042502e-03],
       ...,
       [1.31913025e-03, 1.17436123e-03, 8.47816619e-04, ...,
        0.00000000e+00, 9.21829837e-03, 1.75089760e-02],
       [1.67653445e-04, 1.63106746e-04, 3.76280016e-04, ...,
        9.21829837e-03, 0.00000000e+00, 3.71879662e-02],
       [3.02031589e-03, 2.11829491e-03, 1.99042502e-03, ...,
        1.75089760e-02, 3.71879662e-02, 0.00000000e+00]], shape=(45, 45)), 'molecular-dipole': array([-2.73907351, -0.75573276,  0.6867138 ])}
{'bond-orders': array([[0.00000000e+00, 3.04274988e-01, 2.18108481e-02, ...,
        1.31913025e-03, 1.67653445e-04, 3.02031589e-03],
       [3.04274988e-01, 0.00000000e+00, 2.39630714e-02, ...,
        1.17436123e-03, 1.63106746e-04, 2.11829491e-03],
       [2.18108481e-02, 2.39630714e-02, 0.00000000e+00, ...,
        8.47816619e-04, 3.76280016e-04, 1.99042502e-03],
       ...,
       [1.31913025e-03, 1.17436123e-03, 8.47816619e-04, ...,
        0.00000000e+00, 9.21829837e-03, 1.75089760e-02],
       [1.67653445e-04, 1.63106746e-04, 3.76280016e-04, ...,
        9.21829837e-03, 0.00000000e+00, 3.71879662e-02],
       [3.02031589e-03, 2.11829491e-03, 1.99042502e-03, ...,
        1.75089760e-02, 3.71879662e-02, 0.00000000e+00]], shape=(45, 45)), 'molecular-dipole': array([-2.73907351, -0.75573276,  0.6867138 ]), 'molecular-quadrupole': array([ -89.57827806, -109.2817159 ,  -41.96613488, -275.8893007 ,
        -89.23244415,  131.54441294])}
------------------------------------------------------------
  cycle        total energy    energy error   density error
------------------------------------------------------------
      1     -163.4195189995  -1.6321117E+02   6.2208878E-03
      2     -163.3992235107   2.0295489E-02   1.1047872E-02
      3     -163.2153918567   1.8383165E-01   2.5728340E-02
      4     -163.4143813379  -1.9898948E-01   5.9090313E-03
      5     -163.4183718505  -3.9905126E-03   3.3943038E-03
      6     -163.4205276733  -2.1558228E-03   1.9288791E-03
      7     -163.4204884247   3.9248530E-05   1.1397624E-03
      8     -163.4206151292  -1.2670446E-04   7.6765573E-04
      9     -163.4207084325  -9.3303280E-05   4.6349621E-04
     10     -163.4207438322  -3.5399722E-05   2.0548988E-04
     11     -163.4207510949  -7.2626756E-06   6.8013149E-05
     12     -163.4207515572  -4.6227723E-07   2.9639417E-05
     13     -163.4207515912  -3.4019848E-08   1.5711994E-05
------------------------------------------------------------

 total:                                  14.098 sec
3
{'bond-orders': array([[0.00000000e+00, 3.04557260e-01, 2.16728646e-02, ...,
        1.31886197e-03, 1.30681454e-04, 3.17407583e-03],
       [3.04557260e-01, 0.00000000e+00, 2.35501920e-02, ...,
        1.20052515e-03, 1.23478839e-04, 2.13340697e-03],
       [2.16728646e-02, 2.35501920e-02, 0.00000000e+00, ...,
        9.27861528e-04, 3.06289399e-04, 2.22777061e-03],
       ...,
       [1.31886197e-03, 1.20052515e-03, 9.27861528e-04, ...,
        0.00000000e+00, 9.97421792e-03, 1.65244752e-02],
       [1.30681454e-04, 1.23478839e-04, 3.06289399e-04, ...,
        9.97421792e-03, 0.00000000e+00, 3.64352814e-02],
       [3.17407583e-03, 2.13340697e-03, 2.22777061e-03, ...,
        1.65244752e-02, 3.64352814e-02, 0.00000000e+00]], shape=(45, 45))}
{'bond-orders': array([[0.00000000e+00, 3.04557260e-01, 2.16728646e-02, ...,
        1.31886197e-03, 1.30681454e-04, 3.17407583e-03],
       [3.04557260e-01, 0.00000000e+00, 2.35501920e-02, ...,
        1.20052515e-03, 1.23478839e-04, 2.13340697e-03],
       [2.16728646e-02, 2.35501920e-02, 0.00000000e+00, ...,
        9.27861528e-04, 3.06289399e-04, 2.22777061e-03],
       ...,
       [1.31886197e-03, 1.20052515e-03, 9.27861528e-04, ...,
        0.00000000e+00, 9.97421792e-03, 1.65244752e-02],
       [1.30681454e-04, 1.23478839e-04, 3.06289399e-04, ...,
        9.97421792e-03, 0.00000000e+00, 3.64352814e-02],
       [3.17407583e-03, 2.13340697e-03, 2.22777061e-03, ...,
        1.65244752e-02, 3.64352814e-02, 0.00000000e+00]], shape=(45, 45)), 'molecular-dipole': array([-2.76525017, -0.83863465,  0.6001058 ])}
{'bond-orders': array([[0.00000000e+00, 3.04557260e-01, 2.16728646e-02, ...,
        1.31886197e-03, 1.30681454e-04, 3.17407583e-03],
       [3.04557260e-01, 0.00000000e+00, 2.35501920e-02, ...,
        1.20052515e-03, 1.23478839e-04, 2.13340697e-03],
       [2.16728646e-02, 2.35501920e-02, 0.00000000e+00, ...,
        9.27861528e-04, 3.06289399e-04, 2.22777061e-03],
       ...,
       [1.31886197e-03, 1.20052515e-03, 9.27861528e-04, ...,
        0.00000000e+00, 9.97421792e-03, 1.65244752e-02],
       [1.30681454e-04, 1.23478839e-04, 3.06289399e-04, ...,
        9.97421792e-03, 0.00000000e+00, 3.64352814e-02],
       [3.17407583e-03, 2.13340697e-03, 2.22777061e-03, ...,
        1.65244752e-02, 3.64352814e-02, 0.00000000e+00]], shape=(45, 45)), 'molecular-dipole': array([-2.76525017, -0.83863465,  0.6001058 ]), 'molecular-quadrupole': array([ -87.28281697, -113.45778674,  -38.59543716, -282.77713746,
       -100.70055184,  125.87825414])}
------------------------------------------------------------
  cycle        total energy    energy error   density error
------------------------------------------------------------
      1     -163.4265200159  -1.6321402E+02   4.6802108E-03
      2     -163.3902662985   3.6253717E-02   1.2808028E-02
      3     -163.2879024677   1.0236383E-01   2.1283165E-02
      4     -163.4242141537  -1.3631169E-01   3.9119841E-03
      5     -163.4274152819  -3.2011283E-03   1.9934835E-03
      6     -163.4272679867   1.4729524E-04   1.8693693E-03
      7     -163.4274472439  -1.7925721E-04   9.8036964E-04
      8     -163.4276046421  -1.5739816E-04   5.0968556E-04
      9     -163.4276472437  -4.2601606E-05   2.4917784E-04
     10     -163.4276568337  -9.5899953E-06   1.1523457E-04
     11     -163.4276590229  -2.1891697E-06   4.9732380E-05
     12     -163.4276594564  -4.3355314E-07   2.5180226E-05
     13     -163.4276594756  -1.9166947E-08   1.2017340E-05
------------------------------------------------------------

 total:                                  14.017 sec
3
{'bond-orders': array([[0.00000000e+00, 3.04298945e-01, 2.14132768e-02, ...,
        1.25199989e-03, 1.01671241e-04, 3.14055926e-03],
       [3.04298945e-01, 0.00000000e+00, 2.32559239e-02, ...,
        1.17017853e-03, 1.04261300e-04, 2.08745582e-03],
       [2.14132768e-02, 2.32559239e-02, 0.00000000e+00, ...,
        9.42012502e-04, 2.65584465e-04, 2.34314482e-03],
       ...,
       [1.25199989e-03, 1.17017853e-03, 9.42012502e-04, ...,
        0.00000000e+00, 1.01524486e-02, 1.67304583e-02],
       [1.01671241e-04, 1.04261300e-04, 2.65584465e-04, ...,
        1.01524486e-02, 0.00000000e+00, 3.46072750e-02],
       [3.14055926e-03, 2.08745582e-03, 2.34314482e-03, ...,
        1.67304583e-02, 3.46072750e-02, 0.00000000e+00]], shape=(45, 45))}
{'bond-orders': array([[0.00000000e+00, 3.04298945e-01, 2.14132768e-02, ...,
        1.25199989e-03, 1.01671241e-04, 3.14055926e-03],
       [3.04298945e-01, 0.00000000e+00, 2.32559239e-02, ...,
        1.17017853e-03, 1.04261300e-04, 2.08745582e-03],
       [2.14132768e-02, 2.32559239e-02, 0.00000000e+00, ...,
        9.42012502e-04, 2.65584465e-04, 2.34314482e-03],
       ...,
       [1.25199989e-03, 1.17017853e-03, 9.42012502e-04, ...,
        0.00000000e+00, 1.01524486e-02, 1.67304583e-02],
       [1.01671241e-04, 1.04261300e-04, 2.65584465e-04, ...,
        1.01524486e-02, 0.00000000e+00, 3.46072750e-02],
       [3.14055926e-03, 2.08745582e-03, 2.34314482e-03, ...,
        1.67304583e-02, 3.46072750e-02, 0.00000000e+00]], shape=(45, 45)), 'molecular-dipole': array([-2.74562609, -0.86249229,  0.49071864])}
{'bond-orders': array([[0.00000000e+00, 3.04298945e-01, 2.14132768e-02, ...,
        1.25199989e-03, 1.01671241e-04, 3.14055926e-03],
       [3.04298945e-01, 0.00000000e+00, 2.32559239e-02, ...,
        1.17017853e-03, 1.04261300e-04, 2.08745582e-03],
       [2.14132768e-02, 2.32559239e-02, 0.00000000e+00, ...,
        9.42012502e-04, 2.65584465e-04, 2.34314482e-03],
       ...,
       [1.25199989e-03, 1.17017853e-03, 9.42012502e-04, ...,
        0.00000000e+00, 1.01524486e-02, 1.67304583e-02],
       [1.01671241e-04, 1.04261300e-04, 2.65584465e-04, ...,
        1.01524486e-02, 0.00000000e+00, 3.46072750e-02],
       [3.14055926e-03, 2.08745582e-03, 2.34314482e-03, ...,
        1.67304583e-02, 3.46072750e-02, 0.00000000e+00]], shape=(45, 45)), 'molecular-dipole': array([-2.74562609, -0.86249229,  0.49071864]), 'molecular-quadrupole': array([ -82.85756538, -113.61534832,  -34.46763452, -284.56596529,
       -105.18761716,  117.3251999 ])}
------------------------------------------------------------
  cycle        total energy    energy error   density error
------------------------------------------------------------
      1     -163.4382745530  -1.6321605E+02   7.9333479E-03
      2     -163.3463438231   9.1930730E-02   2.1065257E-02
      3     -163.0612203002   2.8512352E-01   3.4840431E-02
      4     -163.4307999811  -3.6957968E-01   6.7354217E-03
      5     -163.4388601491  -8.0601680E-03   3.9016648E-03
      6     -163.4383789383   4.8121088E-04   3.6718846E-03
      7     -163.4409306098  -2.5516716E-03   1.6859659E-03
      8     -163.4413024607  -3.7185084E-04   7.6448686E-04
      9     -163.4413544511  -5.1990491E-05   4.8343624E-04
     10     -163.4413673983  -1.2947117E-05   1.8234965E-04
     11     -163.4413690173  -1.6190772E-06   9.7380686E-05
     12     -163.4413692561  -2.3878681E-07   8.0706658E-05
     13     -163.4413697361  -4.7993080E-07   2.5471782E-05
     14     -163.4413697622  -2.6143738E-08   1.1382653E-05
------------------------------------------------------------

 total:                                  14.416 sec
3
{'bond-orders': array([[0.00000000e+00, 3.03252754e-01, 2.07163185e-02, ...,
        1.13291987e-03, 6.55256720e-05, 2.73798664e-03],
       [3.03252754e-01, 0.00000000e+00, 2.29105926e-02, ...,
        1.07518590e-03, 8.19177071e-05, 1.62453043e-03],
       [2.07163185e-02, 2.29105926e-02, 0.00000000e+00, ...,
        1.04212399e-03, 2.05230817e-04, 2.23774708e-03],
       ...,
       [1.13291987e-03, 1.07518590e-03, 1.04212399e-03, ...,
        0.00000000e+00, 1.02470258e-02, 1.82761572e-02],
       [6.55256720e-05, 8.19177071e-05, 2.05230817e-04, ...,
        1.02470258e-02, 0.00000000e+00, 3.55025760e-02],
       [2.73798664e-03, 1.62453043e-03, 2.23774708e-03, ...,
        1.82761572e-02, 3.55025760e-02, 0.00000000e+00]], shape=(45, 45))}
{'bond-orders': array([[0.00000000e+00, 3.03252754e-01, 2.07163185e-02, ...,
        1.13291987e-03, 6.55256720e-05, 2.73798664e-03],
       [3.03252754e-01, 0.00000000e+00, 2.29105926e-02, ...,
        1.07518590e-03, 8.19177071e-05, 1.62453043e-03],
       [2.07163185e-02, 2.29105926e-02, 0.00000000e+00, ...,
        1.04212399e-03, 2.05230817e-04, 2.23774708e-03],
       ...,
       [1.13291987e-03, 1.07518590e-03, 1.04212399e-03, ...,
        0.00000000e+00, 1.02470258e-02, 1.82761572e-02],
       [6.55256720e-05, 8.19177071e-05, 2.05230817e-04, ...,
        1.02470258e-02, 0.00000000e+00, 3.55025760e-02],
       [2.73798664e-03, 1.62453043e-03, 2.23774708e-03, ...,
        1.82761572e-02, 3.55025760e-02, 0.00000000e+00]], shape=(45, 45)), 'molecular-dipole': array([-2.68105589, -0.88978776,  0.24199768])}
{'bond-orders': array([[0.00000000e+00, 3.03252754e-01, 2.07163185e-02, ...,
        1.13291987e-03, 6.55256720e-05, 2.73798664e-03],
       [3.03252754e-01, 0.00000000e+00, 2.29105926e-02, ...,
        1.07518590e-03, 8.19177071e-05, 1.62453043e-03],
       [2.07163185e-02, 2.29105926e-02, 0.00000000e+00, ...,
        1.04212399e-03, 2.05230817e-04, 2.23774708e-03],
       ...,
       [1.13291987e-03, 1.07518590e-03, 1.04212399e-03, ...,
        0.00000000e+00, 1.02470258e-02, 1.82761572e-02],
       [6.55256720e-05, 8.19177071e-05, 2.05230817e-04, ...,
        1.02470258e-02, 0.00000000e+00, 3.55025760e-02],
       [2.73798664e-03, 1.62453043e-03, 2.23774708e-03, ...,
        1.82761572e-02, 3.55025760e-02, 0.00000000e+00]], shape=(45, 45)), 'molecular-dipole': array([-2.68105589, -0.88978776,  0.24199768]), 'molecular-quadrupole': array([ -73.3812255 , -111.99877454,  -24.83469049, -283.76942641,
       -111.3790024 ,   98.21591599])}
------------------------------------------------------------
  cycle        total energy    energy error   density error
------------------------------------------------------------
      1     -163.4496480996  -1.6321958E+02   1.0981457E-02
      2     -163.4321402440   1.7507856E-02   1.6753747E-02
      3     -163.2943576520   1.3778259E-01   2.2932386E-02
      4     -163.3249179031  -3.0560251E-02   2.0848922E-02
      5     -163.4514894310  -1.2657153E-01   4.3046123E-03
      6     -163.4503180303   1.1714007E-03   4.0903031E-03
      7     -163.4529938847  -2.6758545E-03   2.1017992E-03
      8     -163.4536722896  -6.7840488E-04   7.6711965E-04
      9     -163.4537204094  -4.8119762E-05   4.6021798E-04
     10     -163.4537221546  -1.7452921E-06   2.5846586E-04
     11     -163.4537293059  -7.1512594E-06   1.4468049E-04
     12     -163.4537327244  -3.4184684E-06   8.6862933E-05
     13     -163.4537340412  -1.3167845E-06   3.4095390E-05
     14     -163.4537342717  -2.3050313E-07   1.3390837E-05
------------------------------------------------------------

 total:                                  14.400 sec
3
{'bond-orders': array([[0.00000000e+00, 3.01682535e-01, 2.02617227e-02, ...,
        9.83500162e-04, 4.93638626e-05, 2.10870760e-03],
       [3.01682535e-01, 0.00000000e+00, 2.28632595e-02, ...,
        8.62611782e-04, 6.87846846e-05, 9.24040811e-04],
       [2.02617227e-02, 2.28632595e-02, 0.00000000e+00, ...,
        1.17811274e-03, 1.61081503e-04, 1.69360220e-03],
       ...,
       [9.83500162e-04, 8.62611782e-04, 1.17811274e-03, ...,
        0.00000000e+00, 1.02120677e-02, 1.99817012e-02],
       [4.93638626e-05, 6.87846846e-05, 1.61081503e-04, ...,
        1.02120677e-02, 0.00000000e+00, 4.08153960e-02],
       [2.10870760e-03, 9.24040811e-04, 1.69360220e-03, ...,
        1.99817012e-02, 4.08153960e-02, 0.00000000e+00]], shape=(45, 45))}
{'bond-orders': array([[0.00000000e+00, 3.01682535e-01, 2.02617227e-02, ...,
        9.83500162e-04, 4.93638626e-05, 2.10870760e-03],
       [3.01682535e-01, 0.00000000e+00, 2.28632595e-02, ...,
        8.62611782e-04, 6.87846846e-05, 9.24040811e-04],
       [2.02617227e-02, 2.28632595e-02, 0.00000000e+00, ...,
        1.17811274e-03, 1.61081503e-04, 1.69360220e-03],
       ...,
       [9.83500162e-04, 8.62611782e-04, 1.17811274e-03, ...,
        0.00000000e+00, 1.02120677e-02, 1.99817012e-02],
       [4.93638626e-05, 6.87846846e-05, 1.61081503e-04, ...,
        1.02120677e-02, 0.00000000e+00, 4.08153960e-02],
       [2.10870760e-03, 9.24040811e-04, 1.69360220e-03, ...,
        1.99817012e-02, 4.08153960e-02, 0.00000000e+00]], shape=(45, 45)), 'molecular-dipole': array([-2.5869714 , -0.89648535,  0.02625398])}
{'bond-orders': array([[0.00000000e+00, 3.01682535e-01, 2.02617227e-02, ...,
        9.83500162e-04, 4.93638626e-05, 2.10870760e-03],
       [3.01682535e-01, 0.00000000e+00, 2.28632595e-02, ...,
        8.62611782e-04, 6.87846846e-05, 9.24040811e-04],
       [2.02617227e-02, 2.28632595e-02, 0.00000000e+00, ...,
        1.17811274e-03, 1.61081503e-04, 1.69360220e-03],
       ...,
       [9.83500162e-04, 8.62611782e-04, 1.17811274e-03, ...,
        0.00000000e+00, 1.02120677e-02, 1.99817012e-02],
       [4.93638626e-05, 6.87846846e-05, 1.61081503e-04, ...,
        1.02120677e-02, 0.00000000e+00, 4.08153960e-02],
       [2.10870760e-03, 9.24040811e-04, 1.69360220e-03, ...,
        1.99817012e-02, 4.08153960e-02, 0.00000000e+00]], shape=(45, 45)), 'molecular-dipole': array([-2.5869714 , -0.89648535,  0.02625398]), 'molecular-quadrupole': array([ -65.60373023, -108.83417329,  -15.87297396, -275.55486965,
       -113.49436957,   81.47670419])}
------------------------------------------------------------
  cycle        total energy    energy error   density error
------------------------------------------------------------
      1     -163.4593557316  -1.6322534E+02   1.2071947E-02
      2     -163.4472674473   1.2088284E-02   1.7643572E-02
      3     -163.4479711759  -7.0372854E-04   1.2524471E-02
      4     -163.3850435045   6.2927671E-02   1.5811214E-02
      5     -163.4486731543  -6.3629650E-02   7.8107885E-03
      6     -163.4630869024  -1.4413748E-02   2.6474557E-03
      7     -163.4634902163  -4.0331384E-04   1.9376887E-03
      8     -163.4640797831  -5.8956685E-04   9.9655654E-04
      9     -163.4642066846  -1.2690152E-04   3.6839947E-04
     10     -163.4642171141  -1.0429424E-05   1.5379953E-04
     11     -163.4642183306  -1.2165517E-06   8.3984501E-05
     12     -163.4642181783   1.5227394E-07   7.0342494E-05
     13     -163.4642185358  -3.5742494E-07   2.8755185E-05
     14     -163.4642186247  -8.8946877E-08   1.6199385E-05
------------------------------------------------------------

 total:                                  14.388 sec
3
{'bond-orders': array([[0.00000000e+00, 2.99530136e-01, 2.00299816e-02, ...,
        7.88273390e-04, 4.33942846e-05, 1.57223919e-03],
       [2.99530136e-01, 0.00000000e+00, 2.28219718e-02, ...,
        5.63736101e-04, 6.18060709e-05, 4.36394767e-04],
       [2.00299816e-02, 2.28219718e-02, 0.00000000e+00, ...,
        1.14805984e-03, 1.19925315e-04, 1.13752879e-03],
       ...,
       [7.88273390e-04, 5.63736101e-04, 1.14805984e-03, ...,
        0.00000000e+00, 9.81769629e-03, 2.10850578e-02],
       [4.33942846e-05, 6.18060709e-05, 1.19925315e-04, ...,
        9.81769629e-03, 0.00000000e+00, 4.68098874e-02],
       [1.57223919e-03, 4.36394767e-04, 1.13752879e-03, ...,
        2.10850578e-02, 4.68098874e-02, 0.00000000e+00]], shape=(45, 45))}
{'bond-orders': array([[0.00000000e+00, 2.99530136e-01, 2.00299816e-02, ...,
        7.88273390e-04, 4.33942846e-05, 1.57223919e-03],
       [2.99530136e-01, 0.00000000e+00, 2.28219718e-02, ...,
        5.63736101e-04, 6.18060709e-05, 4.36394767e-04],
       [2.00299816e-02, 2.28219718e-02, 0.00000000e+00, ...,
        1.14805984e-03, 1.19925315e-04, 1.13752879e-03],
       ...,
       [7.88273390e-04, 5.63736101e-04, 1.14805984e-03, ...,
        0.00000000e+00, 9.81769629e-03, 2.10850578e-02],
       [4.33942846e-05, 6.18060709e-05, 1.19925315e-04, ...,
        9.81769629e-03, 0.00000000e+00, 4.68098874e-02],
       [1.57223919e-03, 4.36394767e-04, 1.13752879e-03, ...,
        2.10850578e-02, 4.68098874e-02, 0.00000000e+00]], shape=(45, 45)), 'molecular-dipole': array([-2.44086509, -0.86667507, -0.1102264 ])}
{'bond-orders': array([[0.00000000e+00, 2.99530136e-01, 2.00299816e-02, ...,
        7.88273390e-04, 4.33942846e-05, 1.57223919e-03],
       [2.99530136e-01, 0.00000000e+00, 2.28219718e-02, ...,
        5.63736101e-04, 6.18060709e-05, 4.36394767e-04],
       [2.00299816e-02, 2.28219718e-02, 0.00000000e+00, ...,
        1.14805984e-03, 1.19925315e-04, 1.13752879e-03],
       ...,
       [7.88273390e-04, 5.63736101e-04, 1.14805984e-03, ...,
        0.00000000e+00, 9.81769629e-03, 2.10850578e-02],
       [4.33942846e-05, 6.18060709e-05, 1.19925315e-04, ...,
        9.81769629e-03, 0.00000000e+00, 4.68098874e-02],
       [1.57223919e-03, 4.36394767e-04, 1.13752879e-03, ...,
        2.10850578e-02, 4.68098874e-02, 0.00000000e+00]], shape=(45, 45)), 'molecular-dipole': array([-2.44086509, -0.86667507, -0.1102264 ]), 'molecular-quadrupole': array([ -59.51281975, -103.03874419,   -9.48152325, -258.12662675,
       -109.84048341,   68.99434299])}
------------------------------------------------------------
  cycle        total energy    energy error   density error
------------------------------------------------------------
      1     -163.4690755785  -1.6323508E+02   1.0811715E-02
      2     -163.4257796388   4.3295940E-02   1.8705319E-02
      3     -163.0210496387   4.0473000E-01   3.7935793E-02
      4     -163.4314553802  -4.1040574E-01   1.3608494E-02
      5     -163.4717475086  -4.0292128E-02   4.4201210E-03
      6     -163.4727870965  -1.0395879E-03   1.9612717E-03
      7     -163.4729736895  -1.8659302E-04   1.4561796E-03
      8     -163.4731427322  -1.6904274E-04   9.2969122E-04
      9     -163.4732064379  -6.3705610E-05   4.8850807E-04
     10     -163.4732155028  -9.0648999E-06   2.1502979E-04
     11     -163.4732172072  -1.7044360E-06   8.4980997E-05
     12     -163.4732175793  -3.7208184E-07   5.7860356E-05
     13     -163.4732177471  -1.6787385E-07   2.0600084E-05
     14     -163.4732177637  -1.6553685E-08   9.0485067E-06
------------------------------------------------------------

 total:                                  14.356 sec
3
{'bond-orders': array([[0.00000000e+00, 2.97982453e-01, 1.96926829e-02, ...,
        6.69470646e-04, 4.16532091e-05, 1.18431873e-03],
       [2.97982453e-01, 0.00000000e+00, 2.23903238e-02, ...,
        3.90952844e-04, 5.26668114e-05, 2.82738169e-04],
       [1.96926829e-02, 2.23903238e-02, 0.00000000e+00, ...,
        9.23202959e-04, 7.97438357e-05, 7.29255014e-04],
       ...,
       [6.69470646e-04, 3.90952844e-04, 9.23202959e-04, ...,
        0.00000000e+00, 8.97079888e-03, 2.14239447e-02],
       [4.16532091e-05, 5.26668114e-05, 7.97438357e-05, ...,
        8.97079888e-03, 0.00000000e+00, 5.19911383e-02],
       [1.18431873e-03, 2.82738169e-04, 7.29255014e-04, ...,
        2.14239447e-02, 5.19911383e-02, 0.00000000e+00]], shape=(45, 45))}
{'bond-orders': array([[0.00000000e+00, 2.97982453e-01, 1.96926829e-02, ...,
        6.69470646e-04, 4.16532091e-05, 1.18431873e-03],
       [2.97982453e-01, 0.00000000e+00, 2.23903238e-02, ...,
        3.90952844e-04, 5.26668114e-05, 2.82738169e-04],
       [1.96926829e-02, 2.23903238e-02, 0.00000000e+00, ...,
        9.23202959e-04, 7.97438357e-05, 7.29255014e-04],
       ...,
       [6.69470646e-04, 3.90952844e-04, 9.23202959e-04, ...,
        0.00000000e+00, 8.97079888e-03, 2.14239447e-02],
       [4.16532091e-05, 5.26668114e-05, 7.97438357e-05, ...,
        8.97079888e-03, 0.00000000e+00, 5.19911383e-02],
       [1.18431873e-03, 2.82738169e-04, 7.29255014e-04, ...,
        2.14239447e-02, 5.19911383e-02, 0.00000000e+00]], shape=(45, 45)), 'molecular-dipole': array([-2.25058718, -0.79121892, -0.24043217])}
{'bond-orders': array([[0.00000000e+00, 2.97982453e-01, 1.96926829e-02, ...,
        6.69470646e-04, 4.16532091e-05, 1.18431873e-03],
       [2.97982453e-01, 0.00000000e+00, 2.23903238e-02, ...,
        3.90952844e-04, 5.26668114e-05, 2.82738169e-04],
       [1.96926829e-02, 2.23903238e-02, 0.00000000e+00, ...,
        9.23202959e-04, 7.97438357e-05, 7.29255014e-04],
       ...,
       [6.69470646e-04, 3.90952844e-04, 9.23202959e-04, ...,
        0.00000000e+00, 8.97079888e-03, 2.14239447e-02],
       [4.16532091e-05, 5.26668114e-05, 7.97438357e-05, ...,
        8.97079888e-03, 0.00000000e+00, 5.19911383e-02],
       [1.18431873e-03, 2.82738169e-04, 7.29255014e-04, ...,
        2.14239447e-02, 5.19911383e-02, 0.00000000e+00]], shape=(45, 45)), 'molecular-dipole': array([-2.25058718, -0.79121892, -0.24043217]), 'molecular-quadrupole': array([ -52.39553739,  -94.20296039,   -3.28741912, -238.28120465,
       -102.71009629,   55.6829565 ])}
------------------------------------------------------------
  cycle        total energy    energy error   density error
------------------------------------------------------------
      1     -163.4791960072  -1.6324645E+02   7.4894791E-03
      2     -163.4121583540   6.7037653E-02   1.8626793E-02
      3     -163.1654359680   2.4672239E-01   3.1730961E-02
      4     -163.4741854849  -3.0874952E-01   6.9865332E-03
      5     -163.4806036113  -6.4181264E-03   3.5172054E-03
      6     -163.4813386771  -7.3506580E-04   1.6530342E-03
      7     -163.4814760614  -1.3738430E-04   1.1464829E-03
      8     -163.4815501775  -7.4116132E-05   8.8579675E-04
      9     -163.4816024666  -5.2289030E-05   3.5544721E-04
     10     -163.4816073447  -4.8780941E-06   1.4515964E-04
     11     -163.4816082411  -8.9648688E-07   6.0035577E-05
     12     -163.4816083228  -8.1678991E-08   3.8111842E-05
