/home/ans819/.conda/envs/autoflow/lib/python3.13/site-packages/e3nn/o3/_wigner.py:10: UserWarning: Environment variable TORCH_FORCE_NO_WEIGHTS_ONLY_LOAD detected, since the`weights_only` argument was not explicitly passed to `torch.load`, forcing weights_only=False.
  _Jd, _W3j_flat, _W3j_indices = torch.load(os.path.join(os.path.dirname(__file__), 'constants.pt'))

          ==================== Thresholds ====================
          CN  :   150.00000
          rep :   500.00000
          disp:  2500.00000
          HB1 :   250.00000
          HB2 :   450.00000

          Pauling EN used:
          Z : 1  EN :  2.20
          Z : 6  EN :  2.55
          Z : 8  EN :  3.44
          Z :47  EN :  1.93
          electric field strengths (au): 0.000

           ------------------------------------------------- 
          |           Force Field Initialization            |
           ------------------------------------------------- 

          distances ...
          ----------------------------------------
          generating topology and atomic info file ...
          pair mat ...
          computing topology distances matrix with Floyd-Warshall algo ...
          making topology EEQ charges ...
          #fragments for EEQ constrain: 1
          ----------------------------------------
          generating topology and atomic info file ...
          pair mat ...
          computing topology distances matrix with Floyd-Warshall algo ...
          making topology EEQ charges ...
          #fragments for EEQ constrain: 1
          rings ...
          # BATM   3101
          # H in HB   0

  atom   neighbors  erfCN metchar sp-hybrid imet pi  qest     coordinates
    1  Ag      2    1.35   0.37         2    2    0   0.006    4.158990    1.531419   26.128708
    2  Ag      5    3.15   0.31         0    2    0   0.020    7.649299    5.806158   26.128708
    3  Ag      9    4.27   0.07         0    2    0   0.008   16.375073    9.368440   27.721809
    4  Ag      7    3.92   0.19         0    2    0   0.015   12.884763    5.093701   27.721809
    5  Ag      7    3.92   0.19         0    2    0   0.014   21.610536    8.655983   29.314910
    6  Ag      6    3.59   0.27         0    2    0   0.013   18.120227    4.381245   29.314910
    7  Ag      9    4.27   0.07         0    2    0   0.016    9.394454    7.943527   30.908011
    8  Ag      6    3.59   0.23         0    2    0   0.024    5.904145    3.668788   30.908011
    9  Ag     12    4.39   0.01         0    2    0   0.006   14.629918    7.231070   32.501112
   10  Ag      7    3.92   0.19         0    2    0   0.021   11.139609    2.956332   32.501112
   11  Ag      9    4.27   0.07         0    2    0   0.008   19.865382    6.518614   34.094213
   12  Ag      6    3.59   0.27         0    2    0   0.016   16.375073    2.243875   34.094213
   13  Ag      8    4.14   0.11         0    2    0   0.031    7.649299    5.806158   35.687314
   14  Ag      3    2.00   0.37         2    2    0   0.035    4.158990    1.531419   35.687314
   15  Ag      8    4.14   0.12         0    2    0   0.017   12.884763    5.093701   37.280415
   16  Ag     10    4.34   0.04         0    2    0   0.009   16.375073    9.368440   37.280415
   17  Ag      5    3.15   0.34         0    2    0   0.019   18.120227    4.381245   38.873516
   18  Ag      6    3.59   0.26         0    2    0   0.013   21.610536    8.655983   38.873516
   19  Ag      6    3.47   0.29         0    2    0   0.147    5.904145    3.668788   40.466617
   20  Ag      5    3.15   0.32         0    2    0   0.039    9.394454    7.943527   40.466617
   21  Ag      6    3.59   0.26         0    2    0   0.018   11.139609   10.080896   26.128708
   22  Ag      5    3.15   0.34         0    2    0   0.016   14.629918   14.355634   26.128708
   23  Ag      4    2.61   0.38         3    2    0   0.019   23.355691   17.917916   27.721809
   24  Ag      8    4.14   0.12         0    2    0   0.013   19.865382   13.643178   27.721809
   25  Ag      3    2.00   0.39         2    2    0   0.014   28.591155   17.205460   29.314910
   26  Ag      7    3.92   0.19         0    2    0   0.016   25.100846   12.930722   29.314910
   27  Ag      6    3.59   0.27         0    2    0   0.013   16.375073   16.493004   30.908011
   28  Ag      9    4.27   0.07         0    2    0   0.010   12.884763   12.218265   30.908011
   29  Ag      9    4.27   0.07         0    2    0   0.011   21.610536   15.780547   32.501112
/home/ans819/.conda/envs/autoflow/lib/python3.13/site-packages/mace/calculators/mace.py:197: UserWarning: Environment variable TORCH_FORCE_NO_WEIGHTS_ONLY_LOAD detected, since the`weights_only` argument was not explicitly passed to `torch.load`, forcing weights_only=False.
  torch.load(f=model_path, map_location=device)
/home/ans819/.conda/envs/autoflow/lib/python3.13/site-packages/chgnet/model/model.py:898: UserWarning: Converting a tensor with requires_grad=True to a scalar may lead to unexpected behavior.
Consider using tensor.detach() first. (Triggered internally at /pytorch/torch/csrc/autograd/generated/python_variable_methods.cpp:836.)
  volumes = torch.tensor(volumes, dtype=TORCH_DTYPE, device=atomic_numbers.device)
cuequivariance or cuequivariance_torch is not available. Cuequivariance acceleration will be disabled.
------------------------------------------------------------
  cycle        total energy    energy error   density error
------------------------------------------------------------
      1     -163.1704280547  -1.6292779E+02   9.9820411E-01
      2     -161.5176005351   1.6528275E+00   6.1844831E-01
      3      392.1922502833   5.5370985E+02   1.8588643E+00
      4     -123.9388121355  -5.1613106E+02   7.9881583E-01
      5     -34.67695315988   8.9261859E+01   8.5650781E-01
      6     -155.2254660514  -1.2054851E+02   2.1845797E-01
      7     -156.1318422138  -9.0637616E-01   1.7422931E-01
      8     -160.1182266348  -3.9863844E+00   1.1559819E-01
      9     -161.5420214650  -1.4237948E+00   8.9240912E-02
     10     -163.3609250147  -1.8189035E+00   4.5217994E-02
     11     -163.4744573405  -1.1353233E-01   3.6095523E-02
     12     -163.4882983148  -1.3840974E-02   3.2710363E-02
     13     -163.5069644039  -1.8666089E-02   2.5763369E-02
     14     -163.5031352941   3.8291098E-03   2.2337284E-02
     15     -163.5058645187  -2.7292247E-03   2.0085042E-02
     16     -163.5087519488  -2.8874301E-03   1.7827011E-02
     17     -163.5106018646  -1.8499158E-03   1.4840611E-02
     18     -163.5128554266  -2.2535620E-03   1.2917995E-02
     19     -163.5144427702  -1.5873436E-03   1.1891706E-02
     20     -163.5157435308  -1.3007606E-03   1.0501583E-02
     21     -163.5168237775  -1.0802466E-03   8.7005000E-03
     22     -163.5170019080  -1.7813056E-04   8.2739354E-03
     23     -163.5172049300  -2.0302203E-04   7.4356461E-03
     24     -163.5175426902  -3.3776011E-04   6.0380934E-03
     25     -163.5176970337  -1.5434358E-04   5.3831936E-03
     26     -163.5178708578  -1.7382404E-04   4.0723999E-03
     27     -163.5179826683  -1.1181052E-04   2.4917664E-03
     28     -163.5179584798   2.4188486E-05   2.1286332E-03
     29     -163.5179730095  -1.4529717E-05   2.0304680E-03
     30     -163.5180134272  -4.0417707E-05   1.7767526E-03
     31     -163.5180220630  -8.6357726E-06   1.6948224E-03
     32     -163.5180412511  -1.9188097E-05   1.5161526E-03
     33     -163.5180689683  -2.7717189E-05   1.1206042E-03
     34     -163.5180827667  -1.3798406E-05   5.7188558E-04
     35     -163.5180894111  -6.6444112E-06   1.2018099E-04
     36     -163.5180896384  -2.2726982E-07   3.1628588E-05
     37     -163.5180896194   1.9023844E-08   3.9430461E-05
     38     -163.5180896714  -5.2058141E-08   1.4706766E-05
------------------------------------------------------------

 total:                                  21.500 sec
3
{'bond-orders': array([[0.00000000e+00, 3.05357350e-01, 1.92280440e-02, ...,
        6.31473476e-05, 2.38665614e-04, 2.32872052e-03],
       [3.05357350e-01, 0.00000000e+00, 1.92748828e-02, ...,
        4.07118279e-05, 1.70069004e-04, 2.89665093e-03],
       [1.92280440e-02, 1.92748828e-02, 0.00000000e+00, ...,
        2.87720933e-05, 7.88519745e-05, 1.51055244e-03],
       ...,
       [6.31473476e-05, 4.07118279e-05, 2.87720933e-05, ...,
        0.00000000e+00, 4.32947116e-03, 2.40375525e-02],
       [2.38665614e-04, 1.70069004e-04, 7.88519745e-05, ...,
        4.32947116e-03, 0.00000000e+00, 1.30113967e-02],
       [2.32872052e-03, 2.89665093e-03, 1.51055244e-03, ...,
        2.40375525e-02, 1.30113967e-02, 0.00000000e+00]], shape=(45, 45))}
{'bond-orders': array([[0.00000000e+00, 3.05357350e-01, 1.92280440e-02, ...,
        6.31473476e-05, 2.38665614e-04, 2.32872052e-03],
       [3.05357350e-01, 0.00000000e+00, 1.92748828e-02, ...,
        4.07118279e-05, 1.70069004e-04, 2.89665093e-03],
       [1.92280440e-02, 1.92748828e-02, 0.00000000e+00, ...,
        2.87720933e-05, 7.88519745e-05, 1.51055244e-03],
       ...,
       [6.31473476e-05, 4.07118279e-05, 2.87720933e-05, ...,
        0.00000000e+00, 4.32947116e-03, 2.40375525e-02],
       [2.38665614e-04, 1.70069004e-04, 7.88519745e-05, ...,
        4.32947116e-03, 0.00000000e+00, 1.30113967e-02],
       [2.32872052e-03, 2.89665093e-03, 1.51055244e-03, ...,
        2.40375525e-02, 1.30113967e-02, 0.00000000e+00]], shape=(45, 45)), 'molecular-dipole': array([ 1.71349734,  0.81137709, -1.53435416])}
{'bond-orders': array([[0.00000000e+00, 3.05357350e-01, 1.92280440e-02, ...,
        6.31473476e-05, 2.38665614e-04, 2.32872052e-03],
       [3.05357350e-01, 0.00000000e+00, 1.92748828e-02, ...,
        4.07118279e-05, 1.70069004e-04, 2.89665093e-03],
       [1.92280440e-02, 1.92748828e-02, 0.00000000e+00, ...,
        2.87720933e-05, 7.88519745e-05, 1.51055244e-03],
       ...,
       [6.31473476e-05, 4.07118279e-05, 2.87720933e-05, ...,
        0.00000000e+00, 4.32947116e-03, 2.40375525e-02],
       [2.38665614e-04, 1.70069004e-04, 7.88519745e-05, ...,
        4.32947116e-03, 0.00000000e+00, 1.30113967e-02],
       [2.32872052e-03, 2.89665093e-03, 1.51055244e-03, ...,
        2.40375525e-02, 1.30113967e-02, 0.00000000e+00]], shape=(45, 45)), 'molecular-dipole': array([ 1.71349734,  0.81137709, -1.53435416]), 'molecular-quadrupole': array([  59.7611497 ,   87.6389459 ,   43.21575334,  223.34567713,
         88.29321563, -102.97690304])}
------------------------------------------------------------
  cycle        total energy    energy error   density error
------------------------------------------------------------
      1     -163.5194031987  -1.6327774E+02   2.5095079E-03
      2     -163.5039131119   1.5490087E-02   7.1666496E-03
      3     -163.4860642295   1.7848882E-02   1.0402831E-02
      4     -163.5193121871  -3.3247958E-02   1.6858919E-03
      5     -163.5194198512  -1.0766413E-04   1.3973273E-03
      6     -163.5195628554  -1.4300419E-04   7.4695446E-04
      7     -163.5196165289  -5.3673523E-05   3.5784866E-04
      8     -163.5196186756  -2.1467172E-06   2.3966814E-04
      9     -163.5196222627  -3.5870405E-06   1.0005526E-04
     10     -163.5196235825  -1.3198279E-06   4.2917595E-05
     11     -163.5196239539  -3.7138207E-07   1.9879273E-05
------------------------------------------------------------

 total:                                  13.474 sec
3
{'bond-orders': array([[0.00000000e+00, 3.05380738e-01, 1.92292957e-02, ...,
        6.54812350e-05, 2.40262596e-04, 2.22015964e-03],
       [3.05380738e-01, 0.00000000e+00, 1.92580148e-02, ...,
        4.46594566e-05, 1.69112857e-04, 2.77074000e-03],
       [1.92292957e-02, 1.92580148e-02, 0.00000000e+00, ...,
        3.23094564e-05, 8.22764228e-05, 1.41864349e-03],
       ...,
       [6.54812350e-05, 4.46594566e-05, 3.23094564e-05, ...,
        0.00000000e+00, 4.61659182e-03, 2.50458278e-02],
       [2.40262596e-04, 1.69112857e-04, 8.22764228e-05, ...,
        4.61659182e-03, 0.00000000e+00, 1.39110887e-02],
       [2.22015964e-03, 2.77074000e-03, 1.41864349e-03, ...,
        2.50458278e-02, 1.39110887e-02, 0.00000000e+00]], shape=(45, 45))}
{'bond-orders': array([[0.00000000e+00, 3.05380738e-01, 1.92292957e-02, ...,
        6.54812350e-05, 2.40262596e-04, 2.22015964e-03],
       [3.05380738e-01, 0.00000000e+00, 1.92580148e-02, ...,
        4.46594566e-05, 1.69112857e-04, 2.77074000e-03],
       [1.92292957e-02, 1.92580148e-02, 0.00000000e+00, ...,
        3.23094564e-05, 8.22764228e-05, 1.41864349e-03],
       ...,
       [6.54812350e-05, 4.46594566e-05, 3.23094564e-05, ...,
        0.00000000e+00, 4.61659182e-03, 2.50458278e-02],
       [2.40262596e-04, 1.69112857e-04, 8.22764228e-05, ...,
        4.61659182e-03, 0.00000000e+00, 1.39110887e-02],
       [2.22015964e-03, 2.77074000e-03, 1.41864349e-03, ...,
        2.50458278e-02, 1.39110887e-02, 0.00000000e+00]], shape=(45, 45)), 'molecular-dipole': array([ 1.73669081,  0.82893756, -1.58474247])}
{'bond-orders': array([[0.00000000e+00, 3.05380738e-01, 1.92292957e-02, ...,
        6.54812350e-05, 2.40262596e-04, 2.22015964e-03],
       [3.05380738e-01, 0.00000000e+00, 1.92580148e-02, ...,
        4.46594566e-05, 1.69112857e-04, 2.77074000e-03],
       [1.92292957e-02, 1.92580148e-02, 0.00000000e+00, ...,
        3.23094564e-05, 8.22764228e-05, 1.41864349e-03],
       ...,
       [6.54812350e-05, 4.46594566e-05, 3.23094564e-05, ...,
        0.00000000e+00, 4.61659182e-03, 2.50458278e-02],
       [2.40262596e-04, 1.69112857e-04, 8.22764228e-05, ...,
        4.61659182e-03, 0.00000000e+00, 1.39110887e-02],
       [2.22015964e-03, 2.77074000e-03, 1.41864349e-03, ...,
        2.50458278e-02, 1.39110887e-02, 0.00000000e+00]], shape=(45, 45)), 'molecular-dipole': array([ 1.73669081,  0.82893756, -1.58474247]), 'molecular-quadrupole': array([  61.9487654 ,   88.30851348,   45.10842091,  224.13503787,
         89.51512143, -107.05718631])}
------------------------------------------------------------
  cycle        total energy    energy error   density error
------------------------------------------------------------
      1     -163.5205677622  -1.6328142E+02   7.5029445E-03
      2     -163.4339903561   8.6577406E-02   1.7769594E-02
      3     -163.1492885258   2.8470183E-01   3.4487911E-02
      4     -163.5205274794  -3.7123895E-01   5.0985486E-03
      5     -163.5209314625  -4.0398311E-04   4.1931045E-03
      6     -163.5220600361  -1.1285737E-03   2.1300488E-03
      7     -163.5224462347  -3.8619858E-04   1.0170170E-03
      8     -163.5224749151  -2.8680341E-05   6.9841796E-04
      9     -163.5224997121  -2.4797024E-05   2.8458907E-04
     10     -163.5225076343  -7.9222563E-06   1.2274712E-04
     11     -163.5225098586  -2.2243029E-06   7.1733800E-05
     12     -163.5225104468  -5.8815905E-07   4.1229015E-05
     13     -163.5225105573  -1.1049460E-07   1.3199387E-05
------------------------------------------------------------

 total:                                  13.993 sec
3
{'bond-orders': array([[0.00000000e+00, 3.05501117e-01, 1.91828118e-02, ...,
        6.80810224e-05, 2.24321188e-04, 1.94023845e-03],
       [3.05501117e-01, 0.00000000e+00, 1.92369170e-02, ...,
        5.11307549e-05, 1.50477358e-04, 2.46047210e-03],
       [1.91828118e-02, 1.92369170e-02, 0.00000000e+00, ...,
        4.65230617e-05, 9.31046113e-05, 1.27904013e-03],
       ...,
       [6.80810224e-05, 5.11307549e-05, 4.65230617e-05, ...,
        0.00000000e+00, 5.46459969e-03, 2.69197903e-02],
       [2.24321188e-04, 1.50477358e-04, 9.31046113e-05, ...,
        5.46459969e-03, 0.00000000e+00, 1.67477406e-02],
       [1.94023845e-03, 2.46047210e-03, 1.27904013e-03, ...,
        2.69197903e-02, 1.67477406e-02, 0.00000000e+00]], shape=(45, 45))}
{'bond-orders': array([[0.00000000e+00, 3.05501117e-01, 1.91828118e-02, ...,
        6.80810224e-05, 2.24321188e-04, 1.94023845e-03],
       [3.05501117e-01, 0.00000000e+00, 1.92369170e-02, ...,
        5.11307549e-05, 1.50477358e-04, 2.46047210e-03],
       [1.91828118e-02, 1.92369170e-02, 0.00000000e+00, ...,
        4.65230617e-05, 9.31046113e-05, 1.27904013e-03],
       ...,
       [6.80810224e-05, 5.11307549e-05, 4.65230617e-05, ...,
        0.00000000e+00, 5.46459969e-03, 2.69197903e-02],
       [2.24321188e-04, 1.50477358e-04, 9.31046113e-05, ...,
        5.46459969e-03, 0.00000000e+00, 1.67477406e-02],
       [1.94023845e-03, 2.46047210e-03, 1.27904013e-03, ...,
        2.69197903e-02, 1.67477406e-02, 0.00000000e+00]], shape=(45, 45)), 'molecular-dipole': array([ 1.21868622,  0.16350276, -1.74448355])}
{'bond-orders': array([[0.00000000e+00, 3.05501117e-01, 1.91828118e-02, ...,
        6.80810224e-05, 2.24321188e-04, 1.94023845e-03],
       [3.05501117e-01, 0.00000000e+00, 1.92369170e-02, ...,
        5.11307549e-05, 1.50477358e-04, 2.46047210e-03],
       [1.91828118e-02, 1.92369170e-02, 0.00000000e+00, ...,
        4.65230617e-05, 9.31046113e-05, 1.27904013e-03],
       ...,
       [6.80810224e-05, 5.11307549e-05, 4.65230617e-05, ...,
        0.00000000e+00, 5.46459969e-03, 2.69197903e-02],
       [2.24321188e-04, 1.50477358e-04, 9.31046113e-05, ...,
        5.46459969e-03, 0.00000000e+00, 1.67477406e-02],
       [1.94023845e-03, 2.46047210e-03, 1.27904013e-03, ...,
        2.69197903e-02, 1.67477406e-02, 0.00000000e+00]], shape=(45, 45)), 'molecular-dipole': array([ 1.21868622,  0.16350276, -1.74448355]), 'molecular-quadrupole': array([  58.70078969,   42.08918909,   46.85598884,  147.36738334,
         -3.5727647 , -105.55677854])}
------------------------------------------------------------
  cycle        total energy    energy error   density error
------------------------------------------------------------
      1     -163.5227940417  -1.6328313E+02   3.2953455E-03
      2     -163.4694534717   5.3340570E-02   1.3213097E-02
      3     -163.4871804376  -1.7726966E-02   1.1129795E-02
      4     -163.5232135319  -3.6033094E-02   2.0163448E-03
      5     -163.5233452334  -1.3170145E-04   1.4709695E-03
      6     -163.5234378631  -9.2629731E-05   8.8232863E-04
      7     -163.5234829209  -4.5057787E-05   2.8515759E-04
      8     -163.5234856850  -2.7641044E-06   1.7714144E-04
      9     -163.5234873268  -1.6418079E-06   6.6768170E-05
     10     -163.5234875589  -2.3209785E-07   3.0217186E-05
     11     -163.5234876696  -1.1063415E-07   1.7808349E-05
------------------------------------------------------------

 total:                                  13.214 sec
3
{'bond-orders': array([[0.00000000e+00, 3.05516292e-01, 1.91230726e-02, ...,
        6.64502767e-05, 2.06964398e-04, 1.87138273e-03],
       [3.05516292e-01, 0.00000000e+00, 1.92455919e-02, ...,
        5.10080365e-05, 1.38159648e-04, 2.41506990e-03],
       [1.91230726e-02, 1.92455919e-02, 0.00000000e+00, ...,
        5.19602718e-05, 9.43381077e-05, 1.28963212e-03],
       ...,
       [6.64502767e-05, 5.10080365e-05, 5.19602718e-05, ...,
        0.00000000e+00, 5.78781686e-03, 2.69506849e-02],
       [2.06964398e-04, 1.38159648e-04, 9.43381077e-05, ...,
        5.78781686e-03, 0.00000000e+00, 1.75970967e-02],
       [1.87138273e-03, 2.41506990e-03, 1.28963212e-03, ...,
        2.69506849e-02, 1.75970967e-02, 0.00000000e+00]], shape=(45, 45))}
{'bond-orders': array([[0.00000000e+00, 3.05516292e-01, 1.91230726e-02, ...,
        6.64502767e-05, 2.06964398e-04, 1.87138273e-03],
       [3.05516292e-01, 0.00000000e+00, 1.92455919e-02, ...,
        5.10080365e-05, 1.38159648e-04, 2.41506990e-03],
       [1.91230726e-02, 1.92455919e-02, 0.00000000e+00, ...,
        5.19602718e-05, 9.43381077e-05, 1.28963212e-03],
       ...,
       [6.64502767e-05, 5.10080365e-05, 5.19602718e-05, ...,
        0.00000000e+00, 5.78781686e-03, 2.69506849e-02],
       [2.06964398e-04, 1.38159648e-04, 9.43381077e-05, ...,
        5.78781686e-03, 0.00000000e+00, 1.75970967e-02],
       [1.87138273e-03, 2.41506990e-03, 1.28963212e-03, ...,
        2.69506849e-02, 1.75970967e-02, 0.00000000e+00]], shape=(45, 45)), 'molecular-dipole': array([ 1.27202712,  0.21998766, -1.84911009])}
{'bond-orders': array([[0.00000000e+00, 3.05516292e-01, 1.91230726e-02, ...,
        6.64502767e-05, 2.06964398e-04, 1.87138273e-03],
       [3.05516292e-01, 0.00000000e+00, 1.92455919e-02, ...,
        5.10080365e-05, 1.38159648e-04, 2.41506990e-03],
       [1.91230726e-02, 1.92455919e-02, 0.00000000e+00, ...,
        5.19602718e-05, 9.43381077e-05, 1.28963212e-03],
       ...,
       [6.64502767e-05, 5.10080365e-05, 5.19602718e-05, ...,
        0.00000000e+00, 5.78781686e-03, 2.69506849e-02],
       [2.06964398e-04, 1.38159648e-04, 9.43381077e-05, ...,
        5.78781686e-03, 0.00000000e+00, 1.75970967e-02],
       [1.87138273e-03, 2.41506990e-03, 1.28963212e-03, ...,
        2.69506849e-02, 1.75970967e-02, 0.00000000e+00]], shape=(45, 45)), 'molecular-dipole': array([ 1.27202712,  0.21998766, -1.84911009]), 'molecular-quadrupole': array([  63.97907706,   44.01572428,   50.81910916,  150.952786  ,
          2.34227409, -114.79818621])}
------------------------------------------------------------
  cycle        total energy    energy error   density error
------------------------------------------------------------
      1     -163.5240426783  -1.6328231E+02   3.6080723E-03
      2     -163.5014323933   2.2610285E-02   9.4349651E-03
      3     -163.4496426180   5.1789775E-02   1.5571227E-02
      4     -163.5237559290  -7.4113311E-02   2.6748886E-03
      5     -163.5245590093  -8.0308036E-04   1.5675642E-03
      6     -163.5246502323  -9.1222954E-05   9.6036398E-04
      7     -163.5246895468  -3.9314502E-05   3.2017801E-04
      8     -163.5246921257  -2.5788648E-06   2.0765936E-04
      9     -163.5246948227  -2.6970008E-06   7.1470531E-05
     10     -163.5246951671  -3.4444011E-07   2.7867875E-05
     11     -163.5246952659  -9.8847210E-08   1.8224867E-05
------------------------------------------------------------

 total:                                  13.286 sec
3
{'bond-orders': array([[0.00000000e+00, 3.05541892e-01, 1.90039978e-02, ...,
        6.38734535e-05, 1.82499137e-04, 1.83079011e-03],
       [3.05541892e-01, 0.00000000e+00, 1.92722767e-02, ...,
        5.13740998e-05, 1.27008143e-04, 2.44004332e-03],
       [1.90039978e-02, 1.92722767e-02, 0.00000000e+00, ...,
        5.76428554e-05, 9.33003841e-05, 1.34789340e-03],
       ...,
       [6.38734535e-05, 5.13740998e-05, 5.76428554e-05, ...,
        0.00000000e+00, 6.19745078e-03, 2.67738781e-02],
       [1.82499137e-04, 1.27008143e-04, 9.33003841e-05, ...,
        6.19745078e-03, 0.00000000e+00, 1.82548846e-02],
       [1.83079011e-03, 2.44004332e-03, 1.34789340e-03, ...,
        2.67738781e-02, 1.82548846e-02, 0.00000000e+00]], shape=(45, 45))}
{'bond-orders': array([[0.00000000e+00, 3.05541892e-01, 1.90039978e-02, ...,
        6.38734535e-05, 1.82499137e-04, 1.83079011e-03],
       [3.05541892e-01, 0.00000000e+00, 1.92722767e-02, ...,
        5.13740998e-05, 1.27008143e-04, 2.44004332e-03],
       [1.90039978e-02, 1.92722767e-02, 0.00000000e+00, ...,
        5.76428554e-05, 9.33003841e-05, 1.34789340e-03],
       ...,
       [6.38734535e-05, 5.13740998e-05, 5.76428554e-05, ...,
        0.00000000e+00, 6.19745078e-03, 2.67738781e-02],
       [1.82499137e-04, 1.27008143e-04, 9.33003841e-05, ...,
        6.19745078e-03, 0.00000000e+00, 1.82548846e-02],
       [1.83079011e-03, 2.44004332e-03, 1.34789340e-03, ...,
        2.67738781e-02, 1.82548846e-02, 0.00000000e+00]], shape=(45, 45)), 'molecular-dipole': array([ 1.34616163,  0.31561312, -1.97509079])}
{'bond-orders': array([[0.00000000e+00, 3.05541892e-01, 1.90039978e-02, ...,
        6.38734535e-05, 1.82499137e-04, 1.83079011e-03],
       [3.05541892e-01, 0.00000000e+00, 1.92722767e-02, ...,
        5.13740998e-05, 1.27008143e-04, 2.44004332e-03],
       [1.90039978e-02, 1.92722767e-02, 0.00000000e+00, ...,
        5.76428554e-05, 9.33003841e-05, 1.34789340e-03],
       ...,
       [6.38734535e-05, 5.13740998e-05, 5.76428554e-05, ...,
        0.00000000e+00, 6.19745078e-03, 2.67738781e-02],
       [1.82499137e-04, 1.27008143e-04, 9.33003841e-05, ...,
        6.19745078e-03, 0.00000000e+00, 1.82548846e-02],
       [1.83079011e-03, 2.44004332e-03, 1.34789340e-03, ...,
        2.67738781e-02, 1.82548846e-02, 0.00000000e+00]], shape=(45, 45)), 'molecular-dipole': array([ 1.34616163,  0.31561312, -1.97509079]), 'molecular-quadrupole': array([  70.62780986,   47.16560798,   55.79166785,  156.55426572,
         12.74884759, -126.41947771])}
------------------------------------------------------------
  cycle        total energy    energy error   density error
------------------------------------------------------------
      1     -163.5256139269  -1.6328179E+02   2.5303492E-03
      2     -163.5172517343   8.3621925E-03   6.1471571E-03
      3     -163.4913707036   2.5881031E-02   1.0556725E-02
      4     -163.5246986207  -3.3327917E-02   2.5064513E-03
      5     -163.5258514958  -1.1528750E-03   1.0978776E-03
      6     -163.5259248817  -7.3385918E-05   6.6401363E-04
      7     -163.5259457686  -2.0886888E-05   2.3118263E-04
      8     -163.5259465125  -7.4397201E-07   1.5934596E-04
      9     -163.5259481622  -1.6496192E-06   5.6875930E-05
     10     -163.5259484327  -2.7053716E-07   2.2541198E-05
     11     -163.5259485014  -6.8720738E-08   1.6479129E-05
------------------------------------------------------------

 total:                                  13.156 sec
3
{'bond-orders': array([[0.00000000e+00, 3.05564078e-01, 1.88594437e-02, ...,
        6.09160498e-05, 1.61492739e-04, 1.83568919e-03],
       [3.05564078e-01, 0.00000000e+00, 1.93251324e-02, ...,
        5.42507668e-05, 1.25916568e-04, 2.53974158e-03],
       [1.88594437e-02, 1.93251324e-02, 0.00000000e+00, ...,
        6.08211448e-05, 9.25320031e-05, 1.43669307e-03],
       ...,
       [6.09160498e-05, 5.42507668e-05, 6.08211448e-05, ...,
        0.00000000e+00, 6.55906270e-03, 2.66056438e-02],
       [1.61492739e-04, 1.25916568e-04, 9.25320031e-05, ...,
        6.55906270e-03, 0.00000000e+00, 1.84543327e-02],
       [1.83568919e-03, 2.53974158e-03, 1.43669307e-03, ...,
        2.66056438e-02, 1.84543327e-02, 0.00000000e+00]], shape=(45, 45))}
{'bond-orders': array([[0.00000000e+00, 3.05564078e-01, 1.88594437e-02, ...,
        6.09160498e-05, 1.61492739e-04, 1.83568919e-03],
       [3.05564078e-01, 0.00000000e+00, 1.93251324e-02, ...,
        5.42507668e-05, 1.25916568e-04, 2.53974158e-03],
       [1.88594437e-02, 1.93251324e-02, 0.00000000e+00, ...,
        6.08211448e-05, 9.25320031e-05, 1.43669307e-03],
       ...,
       [6.09160498e-05, 5.42507668e-05, 6.08211448e-05, ...,
        0.00000000e+00, 6.55906270e-03, 2.66056438e-02],
       [1.61492739e-04, 1.25916568e-04, 9.25320031e-05, ...,
        6.55906270e-03, 0.00000000e+00, 1.84543327e-02],
       [1.83568919e-03, 2.53974158e-03, 1.43669307e-03, ...,
        2.66056438e-02, 1.84543327e-02, 0.00000000e+00]], shape=(45, 45)), 'molecular-dipole': array([ 1.39139622,  0.40016781, -2.07237564])}
{'bond-orders': array([[0.00000000e+00, 3.05564078e-01, 1.88594437e-02, ...,
        6.09160498e-05, 1.61492739e-04, 1.83568919e-03],
       [3.05564078e-01, 0.00000000e+00, 1.93251324e-02, ...,
        5.42507668e-05, 1.25916568e-04, 2.53974158e-03],
       [1.88594437e-02, 1.93251324e-02, 0.00000000e+00, ...,
        6.08211448e-05, 9.25320031e-05, 1.43669307e-03],
       ...,
       [6.09160498e-05, 5.42507668e-05, 6.08211448e-05, ...,
        0.00000000e+00, 6.55906270e-03, 2.66056438e-02],
       [1.61492739e-04, 1.25916568e-04, 9.25320031e-05, ...,
        6.55906270e-03, 0.00000000e+00, 1.84543327e-02],
       [1.83568919e-03, 2.53974158e-03, 1.43669307e-03, ...,
        2.66056438e-02, 1.84543327e-02, 0.00000000e+00]], shape=(45, 45)), 'molecular-dipole': array([ 1.39139622,  0.40016781, -2.07237564]), 'molecular-quadrupole': array([  75.47303446,   49.14385873,   59.76669182,  159.22458034,
         21.78896152, -135.23972629])}
------------------------------------------------------------
  cycle        total energy    energy error   density error
------------------------------------------------------------
      1     -163.5277347792  -1.6328128E+02   3.1195791E-03
      2     -163.5155494939   1.2185285E-02   7.8643245E-03
      3     -163.4831519331   3.2397561E-02   1.2064714E-02
      4     -163.5246386677  -4.1486735E-02   3.9599574E-03
      5     -163.5280654348  -3.4267670E-03   1.3277720E-03
      6     -163.5282236108  -1.5817602E-04   8.2593509E-04
      7     -163.5282709470  -4.7336209E-05   3.0021391E-04
      8     -163.5282733848  -2.4377535E-06   2.1257436E-04
      9     -163.5282758818  -2.4970652E-06   7.3467149E-05
     10     -163.5282761281  -2.4623813E-07   3.5118491E-05
     11     -163.5282762286  -1.0049715E-07   3.0869165E-05
     12     -163.5282762896  -6.1034285E-08   1.0645509E-05
------------------------------------------------------------

 total:                                  12.885 sec
3
{'bond-orders': array([[0.00000000e+00, 3.05605441e-01, 1.85802537e-02, ...,
        5.50708969e-05, 1.29087136e-04, 1.90514116e-03],
       [3.05605441e-01, 0.00000000e+00, 1.94606572e-02, ...,
        6.53206502e-05, 1.39880201e-04, 2.81732083e-03],
       [1.85802537e-02, 1.94606572e-02, 0.00000000e+00, ...,
        6.38111086e-05, 9.53783974e-05, 1.64192355e-03],
       ...,
       [5.50708969e-05, 6.53206502e-05, 6.38111086e-05, ...,
        0.00000000e+00, 7.06900152e-03, 2.63786975e-02],
       [1.29087136e-04, 1.39880201e-04, 9.53783974e-05, ...,
        7.06900152e-03, 0.00000000e+00, 1.82305297e-02],
       [1.90514116e-03, 2.81732083e-03, 1.64192355e-03, ...,
        2.63786975e-02, 1.82305297e-02, 0.00000000e+00]], shape=(45, 45))}
{'bond-orders': array([[0.00000000e+00, 3.05605441e-01, 1.85802537e-02, ...,
        5.50708969e-05, 1.29087136e-04, 1.90514116e-03],
       [3.05605441e-01, 0.00000000e+00, 1.94606572e-02, ...,
        6.53206502e-05, 1.39880201e-04, 2.81732083e-03],
       [1.85802537e-02, 1.94606572e-02, 0.00000000e+00, ...,
        6.38111086e-05, 9.53783974e-05, 1.64192355e-03],
       ...,
       [5.50708969e-05, 6.53206502e-05, 6.38111086e-05, ...,
        0.00000000e+00, 7.06900152e-03, 2.63786975e-02],
       [1.29087136e-04, 1.39880201e-04, 9.53783974e-05, ...,
        7.06900152e-03, 0.00000000e+00, 1.82305297e-02],
       [1.90514116e-03, 2.81732083e-03, 1.64192355e-03, ...,
        2.63786975e-02, 1.82305297e-02, 0.00000000e+00]], shape=(45, 45)), 'molecular-dipole': array([ 1.35783942,  0.44636116, -2.19092128])}
{'bond-orders': array([[0.00000000e+00, 3.05605441e-01, 1.85802537e-02, ...,
        5.50708969e-05, 1.29087136e-04, 1.90514116e-03],
       [3.05605441e-01, 0.00000000e+00, 1.94606572e-02, ...,
        6.53206502e-05, 1.39880201e-04, 2.81732083e-03],
       [1.85802537e-02, 1.94606572e-02, 0.00000000e+00, ...,
        6.38111086e-05, 9.53783974e-05, 1.64192355e-03],
       ...,
       [5.50708969e-05, 6.53206502e-05, 6.38111086e-05, ...,
        0.00000000e+00, 7.06900152e-03, 2.63786975e-02],
       [1.29087136e-04, 1.39880201e-04, 9.53783974e-05, ...,
        7.06900152e-03, 0.00000000e+00, 1.82305297e-02],
       [1.90514116e-03, 2.81732083e-03, 1.64192355e-03, ...,
        2.63786975e-02, 1.82305297e-02, 0.00000000e+00]], shape=(45, 45)), 'molecular-dipole': array([ 1.35783942,  0.44636116, -2.19092128]), 'molecular-quadrupole': array([  84.16116325,   51.32656513,   61.28219355,  149.36022655,
         22.9985276 , -145.4433568 ])}
------------------------------------------------------------
  cycle        total energy    energy error   density error
------------------------------------------------------------
      1     -163.5308158093  -1.6328294E+02   2.6911197E-03
      2     -163.5229193288   7.8964805E-03   6.9710246E-03
      3     -163.5066386764   1.6280652E-02   8.9214396E-03
      4     -163.5265886848  -1.9950008E-02   4.2519001E-03
      5     -163.5311100478  -4.5213630E-03   9.5255094E-04
      6     -163.5311627759  -5.2728148E-05   7.3838676E-04
      7     -163.5311967467  -3.3970741E-05   2.8454091E-04
      8     -163.5312007629  -4.0161968E-06   1.7354627E-04
      9     -163.5312022164  -1.4535015E-06   6.6398277E-05
     10     -163.5312023724  -1.5603098E-07   2.9579927E-05
     11     -163.5312023736  -1.2325359E-09   3.2591779E-05
     12     -163.5312024301  -5.6515887E-08   8.9431489E-06
------------------------------------------------------------

 total:                                  10.183 sec
3
{'bond-orders': array([[0.00000000e+00, 3.05721960e-01, 1.82282576e-02, ...,
        4.86952150e-05, 9.71799675e-05, 2.06455822e-03],
       [3.05721960e-01, 0.00000000e+00, 1.96788616e-02, ...,
        8.89003001e-05, 1.76973084e-04, 3.26688459e-03],
       [1.82282576e-02, 1.96788616e-02, 0.00000000e+00, ...,
        6.74054051e-05, 1.09164296e-04, 1.97023631e-03],
       ...,
       [4.86952150e-05, 8.89003001e-05, 6.74054051e-05, ...,
        0.00000000e+00, 7.37668551e-03, 2.61657053e-02],
       [9.71799675e-05, 1.76973084e-04, 1.09164296e-04, ...,
        7.37668551e-03, 0.00000000e+00, 1.73797918e-02],
       [2.06455822e-03, 3.26688459e-03, 1.97023631e-03, ...,
        2.61657053e-02, 1.73797918e-02, 0.00000000e+00]], shape=(45, 45))}
{'bond-orders': array([[0.00000000e+00, 3.05721960e-01, 1.82282576e-02, ...,
        4.86952150e-05, 9.71799675e-05, 2.06455822e-03],
       [3.05721960e-01, 0.00000000e+00, 1.96788616e-02, ...,
        8.89003001e-05, 1.76973084e-04, 3.26688459e-03],
       [1.82282576e-02, 1.96788616e-02, 0.00000000e+00, ...,
        6.74054051e-05, 1.09164296e-04, 1.97023631e-03],
       ...,
       [4.86952150e-05, 8.89003001e-05, 6.74054051e-05, ...,
        0.00000000e+00, 7.37668551e-03, 2.61657053e-02],
       [9.71799675e-05, 1.76973084e-04, 1.09164296e-04, ...,
        7.37668551e-03, 0.00000000e+00, 1.73797918e-02],
       [2.06455822e-03, 3.26688459e-03, 1.97023631e-03, ...,
        2.61657053e-02, 1.73797918e-02, 0.00000000e+00]], shape=(45, 45)), 'molecular-dipole': array([ 1.35081739,  0.58067634, -2.26863136])}
{'bond-orders': array([[0.00000000e+00, 3.05721960e-01, 1.82282576e-02, ...,
        4.86952150e-05, 9.71799675e-05, 2.06455822e-03],
       [3.05721960e-01, 0.00000000e+00, 1.96788616e-02, ...,
        8.89003001e-05, 1.76973084e-04, 3.26688459e-03],
       [1.82282576e-02, 1.96788616e-02, 0.00000000e+00, ...,
        6.74054051e-05, 1.09164296e-04, 1.97023631e-03],
       ...,
       [4.86952150e-05, 8.89003001e-05, 6.74054051e-05, ...,
        0.00000000e+00, 7.37668551e-03, 2.61657053e-02],
       [9.71799675e-05, 1.76973084e-04, 1.09164296e-04, ...,
        7.37668551e-03, 0.00000000e+00, 1.73797918e-02],
       [2.06455822e-03, 3.26688459e-03, 1.97023631e-03, ...,
        2.61657053e-02, 1.73797918e-02, 0.00000000e+00]], shape=(45, 45)), 'molecular-dipole': array([ 1.35081739,  0.58067634, -2.26863136]), 'molecular-quadrupole': array([  86.99040229,   51.92359945,   65.01197944,  145.44474833,
         37.54637842, -152.00238174])}
------------------------------------------------------------
  cycle        total energy    energy error   density error
------------------------------------------------------------
      1     -163.5343488565  -1.6328677E+02   2.6569481E-03
      2     -163.5318845699   2.4642865E-03   5.8056934E-03
      3     -163.5329639063  -1.0793364E-03   3.2194486E-03
      4     -163.5249377914   8.0261149E-03   5.5853633E-03
      5     -163.5340517578  -9.1139664E-03   1.5601637E-03
      6     -163.5345564906  -5.0473280E-04   9.1839061E-04
      7     -163.5345975588  -4.1068230E-05   3.1288145E-04
      8     -163.5346011010  -3.5421334E-06   1.3757245E-04
      9     -163.5346019263  -8.2534251E-07   8.7115802E-05
     10     -163.5346023702  -4.4387647E-07   4.6636583E-05
     11     -163.5346024730  -1.0280561E-07   1.9681966E-05
------------------------------------------------------------

 total:                                   9.960 sec
3
{'bond-orders': array([[0.00000000e+00, 3.06035855e-01, 1.78517633e-02, ...,
        4.54000820e-05, 7.62049394e-05, 2.28644600e-03],
       [3.06035855e-01, 0.00000000e+00, 1.99693904e-02, ...,
        1.26586856e-04, 2.36776689e-04, 3.80964014e-03],
       [1.78517633e-02, 1.99693904e-02, 0.00000000e+00, ...,
        7.59161974e-05, 1.41275735e-04, 2.41671712e-03],
       ...,
       [4.54000820e-05, 1.26586856e-04, 7.59161974e-05, ...,
        0.00000000e+00, 7.25374658e-03, 2.60847853e-02],
       [7.62049394e-05, 2.36776689e-04, 1.41275735e-04, ...,
        7.25374658e-03, 0.00000000e+00, 1.62096726e-02],
       [2.28644600e-03, 3.80964014e-03, 2.41671712e-03, ...,
        2.60847853e-02, 1.62096726e-02, 0.00000000e+00]], shape=(45, 45))}
{'bond-orders': array([[0.00000000e+00, 3.06035855e-01, 1.78517633e-02, ...,
        4.54000820e-05, 7.62049394e-05, 2.28644600e-03],
       [3.06035855e-01, 0.00000000e+00, 1.99693904e-02, ...,
        1.26586856e-04, 2.36776689e-04, 3.80964014e-03],
       [1.78517633e-02, 1.99693904e-02, 0.00000000e+00, ...,
        7.59161974e-05, 1.41275735e-04, 2.41671712e-03],
       ...,
       [4.54000820e-05, 1.26586856e-04, 7.59161974e-05, ...,
        0.00000000e+00, 7.25374658e-03, 2.60847853e-02],
       [7.62049394e-05, 2.36776689e-04, 1.41275735e-04, ...,
        7.25374658e-03, 0.00000000e+00, 1.62096726e-02],
       [2.28644600e-03, 3.80964014e-03, 2.41671712e-03, ...,
        2.60847853e-02, 1.62096726e-02, 0.00000000e+00]], shape=(45, 45)), 'molecular-dipole': array([ 1.32445929,  0.73058017, -2.27829623])}
{'bond-orders': array([[0.00000000e+00, 3.06035855e-01, 1.78517633e-02, ...,
        4.54000820e-05, 7.62049394e-05, 2.28644600e-03],
       [3.06035855e-01, 0.00000000e+00, 1.99693904e-02, ...,
        1.26586856e-04, 2.36776689e-04, 3.80964014e-03],
       [1.78517633e-02, 1.99693904e-02, 0.00000000e+00, ...,
        7.59161974e-05, 1.41275735e-04, 2.41671712e-03],
       ...,
       [4.54000820e-05, 1.26586856e-04, 7.59161974e-05, ...,
        0.00000000e+00, 7.25374658e-03, 2.60847853e-02],
       [7.62049394e-05, 2.36776689e-04, 1.41275735e-04, ...,
        7.25374658e-03, 0.00000000e+00, 1.62096726e-02],
       [2.28644600e-03, 3.80964014e-03, 2.41671712e-03, ...,
        2.60847853e-02, 1.62096726e-02, 0.00000000e+00]], shape=(45, 45)), 'molecular-dipole': array([ 1.32445929,  0.73058017, -2.27829623]), 'molecular-quadrupole': array([  86.30679268,   52.96518419,   66.48760522,  141.01988744,
         55.29941571, -152.79439789])}
------------------------------------------------------------
  cycle        total energy    energy error   density error
------------------------------------------------------------
      1     -163.5378501873  -1.6329210E+02   2.9099583E-03
      2     -163.5342990756   3.5511117E-03   6.3177035E-03
      3     -163.5294695899   4.8294857E-03   5.6910174E-03
      4     -163.5262890188   3.1805711E-03   6.3774962E-03
      5     -163.5380510546  -1.1762036E-02   1.2044604E-03
      6     -163.5380142223   3.6832268E-05   1.0162485E-03
      7     -163.5380981554  -8.3933086E-05   3.2334580E-04
      8     -163.5381025306  -4.3751587E-06   1.2262964E-04
      9     -163.5381024785   5.2090996E-08   9.7136538E-05
     10     -163.5381031150  -6.3645680E-07   4.7715695E-05
     11     -163.5381032860  -1.7102246E-07   2.1275456E-05
     12     -163.5381033272  -4.1232283E-08   1.0581859E-05
------------------------------------------------------------

 total:                                  10.245 sec
3
{'bond-orders': array([[0.00000000e+00, 3.06724272e-01, 1.75558210e-02, ...,
        4.68033933e-05, 6.85972385e-05, 2.44390637e-03],
       [3.06724272e-01, 0.00000000e+00, 2.02799529e-02, ...,
        1.71801471e-04, 3.03090006e-04, 4.24355406e-03],
       [1.75558210e-02, 2.02799529e-02, 0.00000000e+00, ...,
        9.17507710e-05, 1.89765152e-04, 2.85665975e-03],
       ...,
