/home/ans819/.conda/envs/autoflow/lib/python3.13/site-packages/e3nn/o3/_wigner.py:10: UserWarning: Environment variable TORCH_FORCE_NO_WEIGHTS_ONLY_LOAD detected, since the`weights_only` argument was not explicitly passed to `torch.load`, forcing weights_only=False.
  _Jd, _W3j_flat, _W3j_indices = torch.load(os.path.join(os.path.dirname(__file__), 'constants.pt'))

          ==================== Thresholds ====================
          CN  :   150.00000
          rep :   500.00000
          disp:  2500.00000
          HB1 :   250.00000
          HB2 :   450.00000

          Pauling EN used:
          Z : 1  EN :  2.20
          Z : 6  EN :  2.55
          Z : 8  EN :  3.44
          Z :47  EN :  1.93
          electric field strengths (au): 0.000

           ------------------------------------------------- 
          |           Force Field Initialization            |
           ------------------------------------------------- 

          distances ...
          ----------------------------------------
          generating topology and atomic info file ...
          pair mat ...
          computing topology distances matrix with Floyd-Warshall algo ...
          making topology EEQ charges ...
          #fragments for EEQ constrain: 1
          ----------------------------------------
          generating topology and atomic info file ...
          pair mat ...
          computing topology distances matrix with Floyd-Warshall algo ...
          making topology EEQ charges ...
          #fragments for EEQ constrain: 1
          rings ...
          # BATM   3717
          # H in HB   0

  atom   neighbors  erfCN metchar sp-hybrid imet pi  qest     coordinates
    1  Ag      2    1.35   0.37         2    2    0  -0.003    3.199451    0.356229   27.196103
    2  Ag      5    3.15   0.31         0    2    0   0.015    6.689760    4.630967   27.196103
    3  Ag      9    4.27   0.07         0    2    0   0.009   15.415533    8.193249   28.789204
    4  Ag      7    3.92   0.19         0    2    0   0.013   11.925224    3.918511   28.789204
    5  Ag      7    3.92   0.19         0    2    0   0.013   20.650997    7.480793   30.382305
    6  Ag      6    3.59   0.27         0    2    0   0.012   17.160688    3.206054   30.382305
    7  Ag      9    4.27   0.07         0    2    0   0.008    8.434915    6.768336   31.975406
    8  Ag      6    3.59   0.23         0    2    0   0.016    4.944605    2.493598   31.975406
    9  Ag     12    4.39   0.01         0    2    0   0.011   13.670379    6.055880   33.568507
   10  Ag      7    3.92   0.19         0    2    0   0.023   10.180069    1.781141   33.568507
   11  Ag      9    4.27   0.07         0    2    0   0.021   18.905843    5.343423   35.161608
   12  Ag      6    3.59   0.27         0    2    0   0.023   15.415533    1.068685   35.161608
   13  Ag      8    4.14   0.11         0    2    0   0.019    6.689760    4.630967   36.754709
   14  Ag      3    2.00   0.37         2    2    0   0.010    3.199451    0.356229   36.754709
   15  Ag      9    4.21   0.10         0    2    0   0.085   11.925224    3.918511   38.347810
   16  Ag     13    4.40   0.01         0    2    0   0.108   15.415533    8.193249   38.347810
   17  Ag      5    3.22   0.36         0    2    0   0.021   17.160688    3.206054   39.940910
   18  Ag      6    3.59   0.26         0    2    0   0.026   20.650997    7.480793   39.940910
   19  Ag      3    2.00   0.37         2    2    0   0.013    4.944605    2.493598   41.534011
   20  Ag      5    3.19   0.33         0    2    0   0.032    8.434915    6.768336   41.534011
   21  Ag      6    3.59   0.26         0    2    0   0.010   10.180069    8.905705   27.196103
   22  Ag      5    3.15   0.34         0    2    0   0.011   13.670379   13.180444   27.196103
   23  Ag      4    2.61   0.38         3    2    0   0.013   22.396152   16.742726   28.789204
   24  Ag      8    4.14   0.12         0    2    0   0.014   18.905843   12.467987   28.789204
   25  Ag      3    2.00   0.39         2    2    0   0.004   27.631616   16.030269   30.382305
   26  Ag      7    3.92   0.19         0    2    0   0.010   24.141307   11.755531   30.382305
   27  Ag      6    3.59   0.27         0    2    0   0.014   15.415533   15.317813   31.975406
   28  Ag      9    4.27   0.07         0    2    0   0.006   11.925224   11.043075   31.975406
   29  Ag      9    4.27   0.07         0    2    0   0.011   20.650997   14.605357   33.568507
/home/ans819/.conda/envs/autoflow/lib/python3.13/site-packages/mace/calculators/mace.py:197: UserWarning: Environment variable TORCH_FORCE_NO_WEIGHTS_ONLY_LOAD detected, since the`weights_only` argument was not explicitly passed to `torch.load`, forcing weights_only=False.
  torch.load(f=model_path, map_location=device)
/home/ans819/.conda/envs/autoflow/lib/python3.13/site-packages/chgnet/model/model.py:898: UserWarning: Converting a tensor with requires_grad=True to a scalar may lead to unexpected behavior.
Consider using tensor.detach() first. (Triggered internally at /pytorch/torch/csrc/autograd/generated/python_variable_methods.cpp:836.)
  volumes = torch.tensor(volumes, dtype=TORCH_DTYPE, device=atomic_numbers.device)
cuequivariance or cuequivariance_torch is not available. Cuequivariance acceleration will be disabled.
------------------------------------------------------------
  cycle        total energy    energy error   density error
------------------------------------------------------------
      1     -162.9784639085  -1.6276722E+02   1.0026542E+00
      2     -161.7247275446   1.2537364E+00   6.1890461E-01
      3      231.0213934301   3.9274612E+02   1.8212433E+00
      4     -134.5729495151  -3.6559434E+02   6.5132402E-01
      5     -112.9627687818   2.1610181E+01   5.2946506E-01
      6     -151.7533215376  -3.8790553E+01   2.3585785E-01
      7     -115.1496285883   3.6603693E+01   5.4496405E-01
      8     -157.3962402105  -4.2246612E+01   1.6298036E-01
      9     -158.6066269025  -1.2103867E+00   1.3176811E-01
     10     -163.2735003391  -4.6668734E+00   6.0476815E-02
     11     -163.0863179431   1.8718240E-01   5.8320667E-02
     12     -163.2182024868  -1.3188454E-01   5.1805195E-02
     13     -163.3303429310  -1.1214044E-01   3.8180087E-02
     14     -163.3273379658   3.0049651E-03   3.3330563E-02
     15     -163.3252151830   2.1227828E-03   3.2269868E-02
     16     -163.3282292999  -3.0141169E-03   3.0192025E-02
     17     -163.3376999473  -9.4706474E-03   2.4545291E-02
     18     -163.3387414009  -1.0414537E-03   2.2713026E-02
     19     -163.3421663106  -3.4249097E-03   2.1198615E-02
     20     -163.3458572442  -3.6909336E-03   1.8717556E-02
     21     -163.3458206520   3.6592242E-05   1.6435163E-02
     22     -163.3456244277   1.9622430E-04   1.4938789E-02
     23     -163.3489141182  -3.2896905E-03   1.1652244E-02
     24     -163.3525195250  -3.6054068E-03   6.8175555E-03
     25     -163.3539142999  -1.3947749E-03   4.1869264E-03
     26     -163.3541341440  -2.1984413E-04   3.2524513E-03
     27     -163.3542869493  -1.5280531E-04   2.5091187E-03
     28     -163.3543960167  -1.0906738E-04   1.9747461E-03
     29     -163.3544739336  -7.7916902E-05   1.6722698E-03
     30     -163.3545010378  -2.7104200E-05   1.4226503E-03
     31     -163.3545146090  -1.3571208E-05   1.1568179E-03
     32     -163.3545298091  -1.5200130E-05   8.0070835E-04
     33     -163.3545363960  -6.5868480E-06   4.4445053E-04
     34     -163.3545396750  -3.2789928E-06   1.4987239E-04
     35     -163.3545397906  -1.1567749E-07   7.3971570E-05
     36     -163.3545400434  -2.5278885E-07   2.7996515E-05
     37     -163.3545399785   6.4896824E-08   4.0192326E-05
     38     -163.3545400549  -7.6381355E-08   2.1466168E-05
     39     -163.3545400734  -1.8533171E-08   9.9449666E-06
------------------------------------------------------------

 total:                                  22.274 sec
3
{'bond-orders': array([[0.00000000e+00, 3.05519041e-01, 2.10269647e-02, ...,
        4.78858697e-05, 2.22748773e-04, 1.53249924e-03],
       [3.05519041e-01, 0.00000000e+00, 2.12706392e-02, ...,
        3.28034257e-04, 3.15337646e-04, 1.37172124e-03],
       [2.10269647e-02, 2.12706392e-02, 0.00000000e+00, ...,
        2.96125802e-04, 4.86233076e-04, 3.13205484e-03],
       ...,
       [4.78858697e-05, 3.28034257e-04, 2.96125802e-04, ...,
        0.00000000e+00, 5.98078500e-04, 1.44950775e-02],
       [2.22748773e-04, 3.15337646e-04, 4.86233076e-04, ...,
        5.98078500e-04, 0.00000000e+00, 2.49782508e-02],
       [1.53249924e-03, 1.37172124e-03, 3.13205484e-03, ...,
        1.44950775e-02, 2.49782508e-02, 0.00000000e+00]], shape=(45, 45))}
{'bond-orders': array([[0.00000000e+00, 3.05519041e-01, 2.10269647e-02, ...,
        4.78858697e-05, 2.22748773e-04, 1.53249924e-03],
       [3.05519041e-01, 0.00000000e+00, 2.12706392e-02, ...,
        3.28034257e-04, 3.15337646e-04, 1.37172124e-03],
       [2.10269647e-02, 2.12706392e-02, 0.00000000e+00, ...,
        2.96125802e-04, 4.86233076e-04, 3.13205484e-03],
       ...,
       [4.78858697e-05, 3.28034257e-04, 2.96125802e-04, ...,
        0.00000000e+00, 5.98078500e-04, 1.44950775e-02],
       [2.22748773e-04, 3.15337646e-04, 4.86233076e-04, ...,
        5.98078500e-04, 0.00000000e+00, 2.49782508e-02],
       [1.53249924e-03, 1.37172124e-03, 3.13205484e-03, ...,
        1.44950775e-02, 2.49782508e-02, 0.00000000e+00]], shape=(45, 45)), 'molecular-dipole': array([-0.22354061,  0.42433273,  0.81113124])}
{'bond-orders': array([[0.00000000e+00, 3.05519041e-01, 2.10269647e-02, ...,
        4.78858697e-05, 2.22748773e-04, 1.53249924e-03],
       [3.05519041e-01, 0.00000000e+00, 2.12706392e-02, ...,
        3.28034257e-04, 3.15337646e-04, 1.37172124e-03],
       [2.10269647e-02, 2.12706392e-02, 0.00000000e+00, ...,
        2.96125802e-04, 4.86233076e-04, 3.13205484e-03],
       ...,
       [4.78858697e-05, 3.28034257e-04, 2.96125802e-04, ...,
        0.00000000e+00, 5.98078500e-04, 1.44950775e-02],
       [2.22748773e-04, 3.15337646e-04, 4.86233076e-04, ...,
        5.98078500e-04, 0.00000000e+00, 2.49782508e-02],
       [1.53249924e-03, 1.37172124e-03, 3.13205484e-03, ...,
        1.44950775e-02, 2.49782508e-02, 0.00000000e+00]], shape=(45, 45)), 'molecular-dipole': array([-0.22354061,  0.42433273,  0.81113124]), 'molecular-quadrupole': array([-70.41545127,  33.77560091, -48.48219909,  40.72805037,
        78.80503052, 118.89765036])}
------------------------------------------------------------
  cycle        total energy    energy error   density error
------------------------------------------------------------
      1     -163.3707773184  -1.6315498E+02   2.1559754E-02
      2     -163.1800848111   1.9069251E-01   2.8683363E-02
      3     -159.7309388078   3.4491460E+00   1.0947381E-01
      4     -163.3558856495  -3.6249468E+00   1.7071512E-02
      5     -163.3824312702  -2.6545621E-02   6.2005527E-03
      6     -163.3862091682  -3.7778980E-03   3.7386133E-03
      7     -163.3856425846   5.6658360E-04   2.8559064E-03
      8     -163.3865002738  -8.5768926E-04   1.9423286E-03
      9     -163.3866492175  -1.4894371E-04   8.8208548E-04
     10     -163.3867750128  -1.2579529E-04   4.4057290E-04
     11     -163.3867949178  -1.9904967E-05   2.3606818E-04
     12     -163.3868004320  -5.5141769E-06   8.9589834E-05
     13     -163.3868017480  -1.3160237E-06   4.0178789E-05
     14     -163.3868019780  -2.2999879E-07   2.0739531E-05
     15     -163.3868020084  -3.0442152E-08   1.2162678E-05
------------------------------------------------------------

 total:                                  14.817 sec
3
{'bond-orders': array([[0.00000000e+00, 3.04408373e-01, 2.08735681e-02, ...,
        1.18209806e-04, 2.61006967e-04, 1.21325360e-03],
       [3.04408373e-01, 0.00000000e+00, 2.14928199e-02, ...,
        5.70131245e-04, 3.54863163e-04, 1.44560209e-03],
       [2.08735681e-02, 2.14928199e-02, 0.00000000e+00, ...,
        8.40838278e-04, 6.94570733e-04, 3.94266150e-03],
       ...,
       [1.18209806e-04, 5.70131245e-04, 8.40838278e-04, ...,
        0.00000000e+00, 6.33747033e-04, 1.93302144e-02],
       [2.61006967e-04, 3.54863163e-04, 6.94570733e-04, ...,
        6.33747033e-04, 0.00000000e+00, 3.62331247e-02],
       [1.21325360e-03, 1.44560209e-03, 3.94266150e-03, ...,
        1.93302144e-02, 3.62331247e-02, 0.00000000e+00]], shape=(45, 45))}
{'bond-orders': array([[0.00000000e+00, 3.04408373e-01, 2.08735681e-02, ...,
        1.18209806e-04, 2.61006967e-04, 1.21325360e-03],
       [3.04408373e-01, 0.00000000e+00, 2.14928199e-02, ...,
        5.70131245e-04, 3.54863163e-04, 1.44560209e-03],
       [2.08735681e-02, 2.14928199e-02, 0.00000000e+00, ...,
        8.40838278e-04, 6.94570733e-04, 3.94266150e-03],
       ...,
       [1.18209806e-04, 5.70131245e-04, 8.40838278e-04, ...,
        0.00000000e+00, 6.33747033e-04, 1.93302144e-02],
       [2.61006967e-04, 3.54863163e-04, 6.94570733e-04, ...,
        6.33747033e-04, 0.00000000e+00, 3.62331247e-02],
       [1.21325360e-03, 1.44560209e-03, 3.94266150e-03, ...,
        1.93302144e-02, 3.62331247e-02, 0.00000000e+00]], shape=(45, 45)), 'molecular-dipole': array([-0.20083459,  0.2701023 ,  0.86919417])}
{'bond-orders': array([[0.00000000e+00, 3.04408373e-01, 2.08735681e-02, ...,
        1.18209806e-04, 2.61006967e-04, 1.21325360e-03],
       [3.04408373e-01, 0.00000000e+00, 2.14928199e-02, ...,
        5.70131245e-04, 3.54863163e-04, 1.44560209e-03],
       [2.08735681e-02, 2.14928199e-02, 0.00000000e+00, ...,
        8.40838278e-04, 6.94570733e-04, 3.94266150e-03],
       ...,
       [1.18209806e-04, 5.70131245e-04, 8.40838278e-04, ...,
        0.00000000e+00, 6.33747033e-04, 1.93302144e-02],
       [2.61006967e-04, 3.54863163e-04, 6.94570733e-04, ...,
        6.33747033e-04, 0.00000000e+00, 3.62331247e-02],
       [1.21325360e-03, 1.44560209e-03, 3.94266150e-03, ...,
        1.93302144e-02, 3.62331247e-02, 0.00000000e+00]], shape=(45, 45)), 'molecular-dipole': array([-0.20083459,  0.2701023 ,  0.86919417]), 'molecular-quadrupole': array([-71.39803456,  26.33523478, -53.46764812,  48.66886683,
        59.33518636, 124.86568268])}
------------------------------------------------------------
  cycle        total energy    energy error   density error
------------------------------------------------------------
      1     -163.3979014435  -1.6317551E+02   5.6875193E-03
      2     -163.3756903813   2.2211062E-02   9.2916343E-03
      3     -163.1595605514   2.1612983E-01   2.7400936E-02
      4     -163.3973530896  -2.3779254E-01   4.0780224E-03
      5     -163.3977238283  -3.7073869E-04   2.7026460E-03
      6     -163.3985028757  -7.7904743E-04   1.7130195E-03
      7     -163.3984638441   3.9031540E-05   1.0978498E-03
      8     -163.3985771038  -1.1325962E-04   6.6120333E-04
      9     -163.3986719232  -9.4819466E-05   2.9963745E-04
     10     -163.3986880390  -1.6115732E-05   1.0498376E-04
     11     -163.3986895076  -1.4686414E-06   3.8397198E-05
     12     -163.3986895575  -4.9868504E-08   2.1285708E-05
     13     -163.3986895366   2.0892998E-08   1.7647874E-05
------------------------------------------------------------

 total:                                  14.107 sec
3
{'bond-orders': array([[0.00000000e+00, 3.04773360e-01, 2.06874205e-02, ...,
        1.16677354e-04, 2.59399115e-04, 1.27249469e-03],
       [3.04773360e-01, 0.00000000e+00, 2.15652883e-02, ...,
        6.20196444e-04, 3.15754044e-04, 1.60948535e-03],
       [2.06874205e-02, 2.15652883e-02, 0.00000000e+00, ...,
        8.82546173e-04, 5.70010632e-04, 4.32956035e-03],
       ...,
       [1.16677354e-04, 6.20196444e-04, 8.82546173e-04, ...,
        0.00000000e+00, 1.00026996e-03, 1.92759144e-02],
       [2.59399115e-04, 3.15754044e-04, 5.70010632e-04, ...,
        1.00026996e-03, 0.00000000e+00, 3.51723183e-02],
       [1.27249469e-03, 1.60948535e-03, 4.32956035e-03, ...,
        1.92759144e-02, 3.51723183e-02, 0.00000000e+00]], shape=(45, 45))}
{'bond-orders': array([[0.00000000e+00, 3.04773360e-01, 2.06874205e-02, ...,
        1.16677354e-04, 2.59399115e-04, 1.27249469e-03],
       [3.04773360e-01, 0.00000000e+00, 2.15652883e-02, ...,
        6.20196444e-04, 3.15754044e-04, 1.60948535e-03],
       [2.06874205e-02, 2.15652883e-02, 0.00000000e+00, ...,
        8.82546173e-04, 5.70010632e-04, 4.32956035e-03],
       ...,
       [1.16677354e-04, 6.20196444e-04, 8.82546173e-04, ...,
        0.00000000e+00, 1.00026996e-03, 1.92759144e-02],
       [2.59399115e-04, 3.15754044e-04, 5.70010632e-04, ...,
        1.00026996e-03, 0.00000000e+00, 3.51723183e-02],
       [1.27249469e-03, 1.60948535e-03, 4.32956035e-03, ...,
        1.92759144e-02, 3.51723183e-02, 0.00000000e+00]], shape=(45, 45)), 'molecular-dipole': array([-0.17628398,  0.35556869,  0.85333131])}
{'bond-orders': array([[0.00000000e+00, 3.04773360e-01, 2.06874205e-02, ...,
        1.16677354e-04, 2.59399115e-04, 1.27249469e-03],
       [3.04773360e-01, 0.00000000e+00, 2.15652883e-02, ...,
        6.20196444e-04, 3.15754044e-04, 1.60948535e-03],
       [2.06874205e-02, 2.15652883e-02, 0.00000000e+00, ...,
        8.82546173e-04, 5.70010632e-04, 4.32956035e-03],
       ...,
       [1.16677354e-04, 6.20196444e-04, 8.82546173e-04, ...,
        0.00000000e+00, 1.00026996e-03, 1.92759144e-02],
       [2.59399115e-04, 3.15754044e-04, 5.70010632e-04, ...,
        1.00026996e-03, 0.00000000e+00, 3.51723183e-02],
       [1.27249469e-03, 1.60948535e-03, 4.32956035e-03, ...,
        1.92759144e-02, 3.51723183e-02, 0.00000000e+00]], shape=(45, 45)), 'molecular-dipole': array([-0.17628398,  0.35556869,  0.85333131]), 'molecular-quadrupole': array([-70.4054296 ,  31.63281652, -51.71879454,  50.17780638,
        70.2549478 , 122.12422414])}
------------------------------------------------------------
  cycle        total energy    energy error   density error
------------------------------------------------------------
      1     -163.4197178043  -1.6319679E+02   9.4438332E-03
      2     -163.3778648514   4.1852953E-02   1.5227999E-02
      3     -163.0510024356   3.2686242E-01   3.4030964E-02
      4     -163.4010159747  -3.5001354E-01   9.5260625E-03
      5     -163.4196208790  -1.8604904E-02   5.4871416E-03
      6     -163.4195537543   6.7124699E-05   3.9512194E-03
      7     -163.4209503719  -1.3966176E-03   1.8140688E-03
      8     -163.4213218883  -3.7151637E-04   9.1248810E-04
      9     -163.4214674047  -1.4551636E-04   4.6386439E-04
     10     -163.4214808686  -1.3463976E-05   3.1868524E-04
     11     -163.4214924036  -1.1534981E-05   1.7591909E-04
     12     -163.4214948714  -2.4678174E-06   5.5448362E-05
     13     -163.4214948566   1.4825417E-08   2.9355677E-05
     14     -163.4214949497  -9.3117080E-08   1.4128180E-05
------------------------------------------------------------

 total:                                  14.184 sec
3
{'bond-orders': array([[0.00000000e+00, 3.05017159e-01, 2.06290563e-02, ...,
        1.35278290e-04, 3.13028049e-04, 1.31483123e-03],
       [3.05017159e-01, 0.00000000e+00, 2.16946969e-02, ...,
        8.17855733e-04, 2.87664417e-04, 1.97908689e-03],
       [2.06290563e-02, 2.16946969e-02, 0.00000000e+00, ...,
        1.18041503e-03, 3.43480859e-04, 5.27982890e-03],
       ...,
       [1.35278290e-04, 8.17855733e-04, 1.18041503e-03, ...,
        0.00000000e+00, 1.97068640e-03, 1.96914916e-02],
       [3.13028049e-04, 2.87664417e-04, 3.43480859e-04, ...,
        1.97068640e-03, 0.00000000e+00, 3.21987873e-02],
       [1.31483123e-03, 1.97908689e-03, 5.27982890e-03, ...,
        1.96914916e-02, 3.21987873e-02, 0.00000000e+00]], shape=(45, 45))}
{'bond-orders': array([[0.00000000e+00, 3.05017159e-01, 2.06290563e-02, ...,
        1.35278290e-04, 3.13028049e-04, 1.31483123e-03],
       [3.05017159e-01, 0.00000000e+00, 2.16946969e-02, ...,
        8.17855733e-04, 2.87664417e-04, 1.97908689e-03],
       [2.06290563e-02, 2.16946969e-02, 0.00000000e+00, ...,
        1.18041503e-03, 3.43480859e-04, 5.27982890e-03],
       ...,
       [1.35278290e-04, 8.17855733e-04, 1.18041503e-03, ...,
        0.00000000e+00, 1.97068640e-03, 1.96914916e-02],
       [3.13028049e-04, 2.87664417e-04, 3.43480859e-04, ...,
        1.97068640e-03, 0.00000000e+00, 3.21987873e-02],
       [1.31483123e-03, 1.97908689e-03, 5.27982890e-03, ...,
        1.96914916e-02, 3.21987873e-02, 0.00000000e+00]], shape=(45, 45)), 'molecular-dipole': array([-0.16871864,  0.50764763,  0.81112939])}
{'bond-orders': array([[0.00000000e+00, 3.05017159e-01, 2.06290563e-02, ...,
        1.35278290e-04, 3.13028049e-04, 1.31483123e-03],
       [3.05017159e-01, 0.00000000e+00, 2.16946969e-02, ...,
        8.17855733e-04, 2.87664417e-04, 1.97908689e-03],
       [2.06290563e-02, 2.16946969e-02, 0.00000000e+00, ...,
        1.18041503e-03, 3.43480859e-04, 5.27982890e-03],
       ...,
       [1.35278290e-04, 8.17855733e-04, 1.18041503e-03, ...,
        0.00000000e+00, 1.97068640e-03, 1.96914916e-02],
       [3.13028049e-04, 2.87664417e-04, 3.43480859e-04, ...,
        1.97068640e-03, 0.00000000e+00, 3.21987873e-02],
       [1.31483123e-03, 1.97908689e-03, 5.27982890e-03, ...,
        1.96914916e-02, 3.21987873e-02, 0.00000000e+00]], shape=(45, 45)), 'molecular-dipole': array([-0.16871864,  0.50764763,  0.81112939]), 'molecular-quadrupole': array([-69.16800016,  39.40975827, -47.81691729,  47.62245774,
        89.32343291, 116.98491745])}
------------------------------------------------------------
  cycle        total energy    energy error   density error
------------------------------------------------------------
      1     -163.4400643011  -1.6321392E+02   1.0194055E-02
      2     -163.4245674419   1.5496859E-02   1.3510250E-02
      3     -163.2045315944   2.2003585E-01   2.7069391E-02
      4     -163.3457865935  -1.4125500E-01   1.8037212E-02
      5     -163.4387327328  -9.2946139E-02   5.9056702E-03
      6     -163.4411110297  -2.3782969E-03   3.2198517E-03
      7     -163.4420370169  -9.2598719E-04   1.8909969E-03
      8     -163.4423300213  -2.9300445E-04   7.7882868E-04
      9     -163.4423755014  -4.5480047E-05   4.9325422E-04
     10     -163.4423812505  -5.7491499E-06   3.3661609E-04
     11     -163.4423881317  -6.8811626E-06   2.1159844E-04
     12     -163.4423906724  -2.5407570E-06   6.2389269E-05
     13     -163.4423908217  -1.4920866E-07   4.2706270E-05
     14     -163.4423909093  -8.7664716E-08   1.4907511E-05
------------------------------------------------------------

 total:                                  14.083 sec
3
{'bond-orders': array([[0.00000000e+00, 3.04611326e-01, 2.07797319e-02, ...,
        1.67598421e-04, 3.79824122e-04, 1.35612959e-03],
       [3.04611326e-01, 0.00000000e+00, 2.18539464e-02, ...,
        1.02311110e-03, 3.05814326e-04, 2.31010028e-03],
       [2.07797319e-02, 2.18539464e-02, 0.00000000e+00, ...,
        1.59305700e-03, 1.84411260e-04, 5.70328276e-03],
       ...,
       [1.67598421e-04, 1.02311110e-03, 1.59305700e-03, ...,
        0.00000000e+00, 3.26367926e-03, 1.91749532e-02],
       [3.79824122e-04, 3.05814326e-04, 1.84411260e-04, ...,
        3.26367926e-03, 0.00000000e+00, 2.71084647e-02],
       [1.35612959e-03, 2.31010028e-03, 5.70328276e-03, ...,
        1.91749532e-02, 2.71084647e-02, 0.00000000e+00]], shape=(45, 45))}
{'bond-orders': array([[0.00000000e+00, 3.04611326e-01, 2.07797319e-02, ...,
        1.67598421e-04, 3.79824122e-04, 1.35612959e-03],
       [3.04611326e-01, 0.00000000e+00, 2.18539464e-02, ...,
        1.02311110e-03, 3.05814326e-04, 2.31010028e-03],
       [2.07797319e-02, 2.18539464e-02, 0.00000000e+00, ...,
        1.59305700e-03, 1.84411260e-04, 5.70328276e-03],
       ...,
       [1.67598421e-04, 1.02311110e-03, 1.59305700e-03, ...,
        0.00000000e+00, 3.26367926e-03, 1.91749532e-02],
       [3.79824122e-04, 3.05814326e-04, 1.84411260e-04, ...,
        3.26367926e-03, 0.00000000e+00, 2.71084647e-02],
       [1.35612959e-03, 2.31010028e-03, 5.70328276e-03, ...,
        1.91749532e-02, 2.71084647e-02, 0.00000000e+00]], shape=(45, 45)), 'molecular-dipole': array([-0.24078055,  0.64095938,  0.69638422])}
{'bond-orders': array([[0.00000000e+00, 3.04611326e-01, 2.07797319e-02, ...,
        1.67598421e-04, 3.79824122e-04, 1.35612959e-03],
       [3.04611326e-01, 0.00000000e+00, 2.18539464e-02, ...,
        1.02311110e-03, 3.05814326e-04, 2.31010028e-03],
       [2.07797319e-02, 2.18539464e-02, 0.00000000e+00, ...,
        1.59305700e-03, 1.84411260e-04, 5.70328276e-03],
       ...,
       [1.67598421e-04, 1.02311110e-03, 1.59305700e-03, ...,
        0.00000000e+00, 3.26367926e-03, 1.91749532e-02],
       [3.79824122e-04, 3.05814326e-04, 1.84411260e-04, ...,
        3.26367926e-03, 0.00000000e+00, 2.71084647e-02],
       [1.35612959e-03, 2.31010028e-03, 5.70328276e-03, ...,
        1.91749532e-02, 2.71084647e-02, 0.00000000e+00]], shape=(45, 45)), 'molecular-dipole': array([-0.24078055,  0.64095938,  0.69638422]), 'molecular-quadrupole': array([-67.2438355 ,  43.44882129, -40.29615634,  33.20657254,
       103.80930307, 107.53999184])}
------------------------------------------------------------
  cycle        total energy    energy error   density error
------------------------------------------------------------
      1     -163.4501908506  -1.6322437E+02   1.3245068E-02
      2     -163.4367756293   1.3415221E-02   1.5150854E-02
      3     -163.1407488580   2.9602677E-01   3.1949264E-02
      4     -163.4263093896  -2.8556053E-01   1.0944036E-02
      5     -163.4431411106  -1.6831721E-02   7.8581895E-03
      6     -163.4516613959  -8.5202853E-03   4.5462956E-03
      7     -163.4540494560  -2.3880601E-03   1.9389842E-03
      8     -163.4547301249  -6.8066888E-04   7.1790958E-04
      9     -163.4547467328  -1.6607969E-05   3.8094492E-04
     10     -163.4547645497  -1.7816904E-05   2.0317191E-04
     11     -163.4547692276  -4.6778154E-06   9.7802759E-05
     12     -163.4547706621  -1.4345857E-06   5.2962498E-05
     13     -163.4547710799  -4.1773907E-07   2.2911687E-05
     14     -163.4547711173  -3.7422154E-08   1.5028369E-05
------------------------------------------------------------

 total:                                  14.245 sec
3
{'bond-orders': array([[0.00000000e+00, 3.04229613e-01, 2.10413138e-02, ...,
        2.34504424e-04, 4.20750391e-04, 1.37225771e-03],
       [3.04229613e-01, 0.00000000e+00, 2.21558304e-02, ...,
        1.17856991e-03, 3.21233548e-04, 2.58044289e-03],
       [2.10413138e-02, 2.21558304e-02, 0.00000000e+00, ...,
        2.11942920e-03, 1.10655147e-04, 5.08877373e-03],
       ...,
       [2.34504424e-04, 1.17856991e-03, 2.11942920e-03, ...,
        0.00000000e+00, 4.85197340e-03, 1.68329381e-02],
       [4.20750391e-04, 3.21233548e-04, 1.10655147e-04, ...,
        4.85197340e-03, 0.00000000e+00, 2.65485373e-02],
       [1.37225771e-03, 2.58044289e-03, 5.08877373e-03, ...,
        1.68329381e-02, 2.65485373e-02, 0.00000000e+00]], shape=(45, 45))}
{'bond-orders': array([[0.00000000e+00, 3.04229613e-01, 2.10413138e-02, ...,
        2.34504424e-04, 4.20750391e-04, 1.37225771e-03],
       [3.04229613e-01, 0.00000000e+00, 2.21558304e-02, ...,
        1.17856991e-03, 3.21233548e-04, 2.58044289e-03],
       [2.10413138e-02, 2.21558304e-02, 0.00000000e+00, ...,
        2.11942920e-03, 1.10655147e-04, 5.08877373e-03],
       ...,
       [2.34504424e-04, 1.17856991e-03, 2.11942920e-03, ...,
        0.00000000e+00, 4.85197340e-03, 1.68329381e-02],
       [4.20750391e-04, 3.21233548e-04, 1.10655147e-04, ...,
        4.85197340e-03, 0.00000000e+00, 2.65485373e-02],
       [1.37225771e-03, 2.58044289e-03, 5.08877373e-03, ...,
        1.68329381e-02, 2.65485373e-02, 0.00000000e+00]], shape=(45, 45)), 'molecular-dipole': array([-0.35328949,  0.72367008,  0.5462049 ])}
{'bond-orders': array([[0.00000000e+00, 3.04229613e-01, 2.10413138e-02, ...,
        2.34504424e-04, 4.20750391e-04, 1.37225771e-03],
       [3.04229613e-01, 0.00000000e+00, 2.21558304e-02, ...,
        1.17856991e-03, 3.21233548e-04, 2.58044289e-03],
       [2.10413138e-02, 2.21558304e-02, 0.00000000e+00, ...,
        2.11942920e-03, 1.10655147e-04, 5.08877373e-03],
       ...,
       [2.34504424e-04, 1.17856991e-03, 2.11942920e-03, ...,
        0.00000000e+00, 4.85197340e-03, 1.68329381e-02],
       [4.20750391e-04, 3.21233548e-04, 1.10655147e-04, ...,
        4.85197340e-03, 0.00000000e+00, 2.65485373e-02],
       [1.37225771e-03, 2.58044289e-03, 5.08877373e-03, ...,
        1.68329381e-02, 2.65485373e-02, 0.00000000e+00]], shape=(45, 45)), 'molecular-dipole': array([-0.35328949,  0.72367008,  0.5462049 ]), 'molecular-quadrupole': array([-64.74102506,  43.18987693, -31.85946375,  13.97400294,
       110.08588158,  96.60048881])}
------------------------------------------------------------
  cycle        total energy    energy error   density error
------------------------------------------------------------
      1     -163.4572702797  -1.6323254E+02   1.4243399E-02
      2     -163.3992130829   5.8057197E-02   2.0392354E-02
      3     -162.3480717230   1.0511414E+00   5.8950710E-02
      4     -163.4520495063  -1.1039778E+00   1.1243042E-02
      5     -163.4585343834  -6.4848771E-03   5.3451345E-03
      6     -163.4617956957  -3.2613123E-03   3.1603366E-03
      7     -163.4625998341  -8.0413838E-04   1.9622516E-03
      8     -163.4633096334  -7.0979927E-04   8.8597756E-04
      9     -163.4633231676  -1.3534219E-05   4.9241973E-04
     10     -163.4633499524  -2.6784821E-05   1.7916622E-04
     11     -163.4633515124  -1.5600500E-06   9.1781496E-05
     12     -163.4633515103   2.1097719E-09   7.8182973E-05
     13     -163.4633519822  -4.7185011E-07   4.0722667E-05
     14     -163.4633521880  -2.0578597E-07   1.8000010E-05
------------------------------------------------------------

 total:                                  12.086 sec
3
{'bond-orders': array([[0.00000000e+00, 3.04105951e-01, 2.13115255e-02, ...,
        3.47806689e-04, 4.68965834e-04, 1.26489769e-03],
       [3.04105951e-01, 0.00000000e+00, 2.23195317e-02, ...,
        1.20483588e-03, 3.62861158e-04, 2.59099988e-03],
       [2.13115255e-02, 2.23195317e-02, 0.00000000e+00, ...,
        2.53772082e-03, 1.04617933e-04, 3.83362401e-03],
       ...,
       [3.47806689e-04, 1.20483588e-03, 2.53772082e-03, ...,
        0.00000000e+00, 6.62013163e-03, 1.33204058e-02],
       [4.68965834e-04, 3.62861158e-04, 1.04617933e-04, ...,
        6.62013163e-03, 0.00000000e+00, 3.18609552e-02],
       [1.26489769e-03, 2.59099988e-03, 3.83362401e-03, ...,
        1.33204058e-02, 3.18609552e-02, 0.00000000e+00]], shape=(45, 45))}
{'bond-orders': array([[0.00000000e+00, 3.04105951e-01, 2.13115255e-02, ...,
        3.47806689e-04, 4.68965834e-04, 1.26489769e-03],
       [3.04105951e-01, 0.00000000e+00, 2.23195317e-02, ...,
        1.20483588e-03, 3.62861158e-04, 2.59099988e-03],
       [2.13115255e-02, 2.23195317e-02, 0.00000000e+00, ...,
        2.53772082e-03, 1.04617933e-04, 3.83362401e-03],
       ...,
       [3.47806689e-04, 1.20483588e-03, 2.53772082e-03, ...,
        0.00000000e+00, 6.62013163e-03, 1.33204058e-02],
       [4.68965834e-04, 3.62861158e-04, 1.04617933e-04, ...,
        6.62013163e-03, 0.00000000e+00, 3.18609552e-02],
       [1.26489769e-03, 2.59099988e-03, 3.83362401e-03, ...,
        1.33204058e-02, 3.18609552e-02, 0.00000000e+00]], shape=(45, 45)), 'molecular-dipole': array([-0.46043493,  0.77208703,  0.41472302])}
{'bond-orders': array([[0.00000000e+00, 3.04105951e-01, 2.13115255e-02, ...,
        3.47806689e-04, 4.68965834e-04, 1.26489769e-03],
       [3.04105951e-01, 0.00000000e+00, 2.23195317e-02, ...,
        1.20483588e-03, 3.62861158e-04, 2.59099988e-03],
       [2.13115255e-02, 2.23195317e-02, 0.00000000e+00, ...,
        2.53772082e-03, 1.04617933e-04, 3.83362401e-03],
       ...,
       [3.47806689e-04, 1.20483588e-03, 2.53772082e-03, ...,
        0.00000000e+00, 6.62013163e-03, 1.33204058e-02],
       [4.68965834e-04, 3.62861158e-04, 1.04617933e-04, ...,
        6.62013163e-03, 0.00000000e+00, 3.18609552e-02],
       [1.26489769e-03, 2.59099988e-03, 3.83362401e-03, ...,
        1.33204058e-02, 3.18609552e-02, 0.00000000e+00]], shape=(45, 45)), 'molecular-dipole': array([-0.46043493,  0.77208703,  0.41472302]), 'molecular-quadrupole': array([-62.64696638,  40.72569679, -24.87648266,  -2.87544053,
       111.97381025,  87.52344904])}
------------------------------------------------------------
  cycle        total energy    energy error   density error
------------------------------------------------------------
      1     -163.4686892338  -1.6323852E+02   6.5752508E-03
      2     -163.3934622432   7.5226991E-02   1.7304867E-02
      3     -163.1881674895   2.0529475E-01   2.9671504E-02
      4     -163.4623680656  -2.7420058E-01   6.2786833E-03
      5     -163.4683220615  -5.9539959E-03   3.5256252E-03
      6     -163.4695449274  -1.2228659E-03   2.4557869E-03
      7     -163.4701502768  -6.0534935E-04   1.1173399E-03
      8     -163.4703845055  -2.3422878E-04   4.7979853E-04
      9     -163.4703968062  -1.2300688E-05   1.9772814E-04
     10     -163.4703992671  -2.4608806E-06   1.2151858E-04
     11     -163.4704005797  -1.3125808E-06   6.5616198E-05
     12     -163.4704004898   8.9836306E-08   4.2111230E-05
     13     -163.4704007038  -2.1394271E-07   2.4662755E-05
     14     -163.4704007768  -7.3009431E-08   1.0178701E-05
------------------------------------------------------------

 total:                                  10.707 sec
3
{'bond-orders': array([[0.00000000e+00, 3.04174520e-01, 2.14445754e-02, ...,
        4.55809416e-04, 4.67794588e-04, 1.19100553e-03],
       [3.04174520e-01, 0.00000000e+00, 2.21023658e-02, ...,
        1.10336532e-03, 3.76144296e-04, 2.66455619e-03],
       [2.14445754e-02, 2.21023658e-02, 0.00000000e+00, ...,
        2.60554214e-03, 1.17549358e-04, 3.32737040e-03],
       ...,
       [4.55809416e-04, 1.10336532e-03, 2.60554214e-03, ...,
        0.00000000e+00, 7.87963380e-03, 1.14962684e-02],
       [4.67794588e-04, 3.76144296e-04, 1.17549358e-04, ...,
        7.87963380e-03, 0.00000000e+00, 3.53503616e-02],
       [1.19100553e-03, 2.66455619e-03, 3.32737040e-03, ...,
        1.14962684e-02, 3.53503616e-02, 0.00000000e+00]], shape=(45, 45))}
{'bond-orders': array([[0.00000000e+00, 3.04174520e-01, 2.14445754e-02, ...,
        4.55809416e-04, 4.67794588e-04, 1.19100553e-03],
       [3.04174520e-01, 0.00000000e+00, 2.21023658e-02, ...,
        1.10336532e-03, 3.76144296e-04, 2.66455619e-03],
       [2.14445754e-02, 2.21023658e-02, 0.00000000e+00, ...,
        2.60554214e-03, 1.17549358e-04, 3.32737040e-03],
       ...,
       [4.55809416e-04, 1.10336532e-03, 2.60554214e-03, ...,
        0.00000000e+00, 7.87963380e-03, 1.14962684e-02],
       [4.67794588e-04, 3.76144296e-04, 1.17549358e-04, ...,
        7.87963380e-03, 0.00000000e+00, 3.53503616e-02],
       [1.19100553e-03, 2.66455619e-03, 3.32737040e-03, ...,
        1.14962684e-02, 3.53503616e-02, 0.00000000e+00]], shape=(45, 45)), 'molecular-dipole': array([-0.51472351,  0.91051573,  0.19814374])}
{'bond-orders': array([[0.00000000e+00, 3.04174520e-01, 2.14445754e-02, ...,
        4.55809416e-04, 4.67794588e-04, 1.19100553e-03],
       [3.04174520e-01, 0.00000000e+00, 2.21023658e-02, ...,
        1.10336532e-03, 3.76144296e-04, 2.66455619e-03],
       [2.14445754e-02, 2.21023658e-02, 0.00000000e+00, ...,
        2.60554214e-03, 1.17549358e-04, 3.32737040e-03],
       ...,
       [4.55809416e-04, 1.10336532e-03, 2.60554214e-03, ...,
        0.00000000e+00, 7.87963380e-03, 1.14962684e-02],
       [4.67794588e-04, 3.76144296e-04, 1.17549358e-04, ...,
        7.87963380e-03, 0.00000000e+00, 3.53503616e-02],
       [1.19100553e-03, 2.66455619e-03, 3.32737040e-03, ...,
        1.14962684e-02, 3.53503616e-02, 0.00000000e+00]], shape=(45, 45)), 'molecular-dipole': array([-0.51472351,  0.91051573,  0.19814374]), 'molecular-quadrupole': array([-55.70441096,  45.0718653 , -13.71755111, -17.52084127,
       124.57576675,  69.42196207])}
------------------------------------------------------------
  cycle        total energy    energy error   density error
------------------------------------------------------------
      1     -163.4768840857  -1.6323830E+02   6.5169380E-03
      2     -163.3224234779   1.5446061E-01   2.3894759E-02
      3     -163.2343504564   8.8073022E-02   2.8214805E-02
      4     -163.4766315000  -2.4228104E-01   4.4096930E-03
      5     -163.4787132863  -2.0817864E-03   2.5910328E-03
      6     -163.4791077482  -3.9446193E-04   1.7109368E-03
      7     -163.4792175870  -1.0983876E-04   9.4760923E-04
      8     -163.4792576027  -4.0015660E-05   5.0737987E-04
      9     -163.4792565887   1.0139316E-06   2.8349171E-04
     10     -163.4792669344  -1.0345628E-05   1.7181980E-04
     11     -163.4792729186  -5.9842869E-06   6.5750544E-05
     12     -163.4792731998  -2.8112748E-07   2.5059612E-05
     13     -163.4792732487  -4.8893185E-08   1.0024080E-05
------------------------------------------------------------

 total:                                  10.541 sec
3
{'bond-orders': array([[0.00000000e+00, 3.04514648e-01, 2.12712092e-02, ...,
        5.49485610e-04, 4.12205125e-04, 9.84145916e-04],
       [3.04514648e-01, 0.00000000e+00, 2.19545449e-02, ...,
        9.39740368e-04, 3.05313315e-04, 2.49827442e-03],
       [2.12712092e-02, 2.19545449e-02, 0.00000000e+00, ...,
        2.41925281e-03, 1.05778570e-04, 3.56763855e-03],
       ...,
       [5.49485610e-04, 9.39740368e-04, 2.41925281e-03, ...,
        0.00000000e+00, 7.57794846e-03, 1.20478407e-02],
       [4.12205125e-04, 3.05313315e-04, 1.05778570e-04, ...,
        7.57794846e-03, 0.00000000e+00, 3.87594565e-02],
       [9.84145916e-04, 2.49827442e-03, 3.56763855e-03, ...,
        1.20478407e-02, 3.87594565e-02, 0.00000000e+00]], shape=(45, 45))}
{'bond-orders': array([[0.00000000e+00, 3.04514648e-01, 2.12712092e-02, ...,
        5.49485610e-04, 4.12205125e-04, 9.84145916e-04],
       [3.04514648e-01, 0.00000000e+00, 2.19545449e-02, ...,
        9.39740368e-04, 3.05313315e-04, 2.49827442e-03],
       [2.12712092e-02, 2.19545449e-02, 0.00000000e+00, ...,
        2.41925281e-03, 1.05778570e-04, 3.56763855e-03],
       ...,
       [5.49485610e-04, 9.39740368e-04, 2.41925281e-03, ...,
        0.00000000e+00, 7.57794846e-03, 1.20478407e-02],
       [4.12205125e-04, 3.05313315e-04, 1.05778570e-04, ...,
        7.57794846e-03, 0.00000000e+00, 3.87594565e-02],
       [9.84145916e-04, 2.49827442e-03, 3.56763855e-03, ...,
        1.20478407e-02, 3.87594565e-02, 0.00000000e+00]], shape=(45, 45)), 'molecular-dipole': array([-0.49971362,  1.118102  , -0.03786829])}
{'bond-orders': array([[0.00000000e+00, 3.04514648e-01, 2.12712092e-02, ...,
        5.49485610e-04, 4.12205125e-04, 9.84145916e-04],
       [3.04514648e-01, 0.00000000e+00, 2.19545449e-02, ...,
        9.39740368e-04, 3.05313315e-04, 2.49827442e-03],
       [2.12712092e-02, 2.19545449e-02, 0.00000000e+00, ...,
        2.41925281e-03, 1.05778570e-04, 3.56763855e-03],
       ...,
       [5.49485610e-04, 9.39740368e-04, 2.41925281e-03, ...,
        0.00000000e+00, 7.57794846e-03, 1.20478407e-02],
       [4.12205125e-04, 3.05313315e-04, 1.05778570e-04, ...,
        7.57794846e-03, 0.00000000e+00, 3.87594565e-02],
       [9.84145916e-04, 2.49827442e-03, 3.56763855e-03, ...,
        1.20478407e-02, 3.87594565e-02, 0.00000000e+00]], shape=(45, 45)), 'molecular-dipole': array([-0.49971362,  1.118102  , -0.03786829]), 'molecular-quadrupole': array([-45.99242951,  55.16150582,  -1.84573558, -25.09018811,
       146.62671364,  47.83816509])}
------------------------------------------------------------
  cycle        total energy    energy error   density error
------------------------------------------------------------
      1     -163.4824270354  -1.6324278E+02   5.4127024E-03
      2     -163.4752478095   7.1792259E-03   1.0598673E-02
