/home/ans819/.conda/envs/autoflow/lib/python3.13/site-packages/e3nn/o3/_wigner.py:10: UserWarning: Environment variable TORCH_FORCE_NO_WEIGHTS_ONLY_LOAD detected, since the`weights_only` argument was not explicitly passed to `torch.load`, forcing weights_only=False.
  _Jd, _W3j_flat, _W3j_indices = torch.load(os.path.join(os.path.dirname(__file__), 'constants.pt'))

          ==================== Thresholds ====================
          CN  :   150.00000
          rep :   500.00000
          disp:  2500.00000
          HB1 :   250.00000
          HB2 :   450.00000

          Pauling EN used:
          Z : 1  EN :  2.20
          Z : 6  EN :  2.55
          Z : 8  EN :  3.44
          Z :47  EN :  1.93
          electric field strengths (au): 0.000

           ------------------------------------------------- 
          |           Force Field Initialization            |
           ------------------------------------------------- 

          distances ...
          ----------------------------------------
          generating topology and atomic info file ...
          pair mat ...
          computing topology distances matrix with Floyd-Warshall algo ...
          making topology EEQ charges ...
          #fragments for EEQ constrain: 1
          ----------------------------------------
          generating topology and atomic info file ...
          pair mat ...
          computing topology distances matrix with Floyd-Warshall algo ...
          making topology EEQ charges ...
          #fragments for EEQ constrain: 1
          rings ...
          # BATM   3164
          # H in HB   0

  atom   neighbors  erfCN metchar sp-hybrid imet pi  qest     coordinates
    1  Ag      2    1.35   0.37         2    2    0   0.005    5.023594    0.356229   26.128708
    2  Ag      5    3.15   0.31         0    2    0   0.019    8.513904    4.630967   26.128708
    3  Ag      9    4.27   0.07         0    2    0   0.008   17.239677    8.193249   27.721809
    4  Ag      7    3.92   0.19         0    2    0   0.014   13.749368    3.918511   27.721809
    5  Ag      7    3.92   0.19         0    2    0   0.013   22.475141    7.480793   29.314910
    6  Ag      6    3.59   0.27         0    2    0   0.013   18.984832    3.206054   29.314910
    7  Ag      9    4.27   0.07         0    2    0   0.014   10.259058    6.768336   30.908011
    8  Ag      6    3.59   0.23         0    2    0   0.022    6.768749    2.493598   30.908011
    9  Ag     12    4.39   0.01         0    2    0   0.008   15.494522    6.055880   32.501112
   10  Ag      7    3.92   0.19         0    2    0   0.018   12.004213    1.781141   32.501112
   11  Ag      9    4.27   0.07         0    2    0   0.007   20.729986    5.343423   34.094213
   12  Ag      6    3.59   0.27         0    2    0   0.018   17.239677    1.068685   34.094213
   13  Ag      8    4.14   0.11         0    2    0   0.027    8.513904    4.630967   35.687314
   14  Ag      3    2.00   0.37         2    2    0   0.034    5.023594    0.356229   35.687314
   15  Ag      8    4.14   0.12         0    2    0   0.022   13.749368    3.918511   37.280415
   16  Ag     10    4.34   0.04         0    2    0   0.010   17.239677    8.193249   37.280415
   17  Ag      5    3.15   0.34         0    2    0   0.020   18.984832    3.206054   38.873516
   18  Ag      6    3.59   0.26         0    2    0   0.013   22.475141    7.480793   38.873516
   19  Ag      6    3.99   0.09         0    2    0   0.147    6.768749    2.493598   40.466617
   20  Ag      6    3.68   0.28         0    2    0   0.072   10.259058    6.768336   40.466617
   21  Ag      6    3.59   0.26         0    2    0   0.016   12.004213    8.905705   26.128708
   22  Ag      5    3.15   0.34         0    2    0   0.016   15.494522   13.180444   26.128708
   23  Ag      4    2.61   0.38         3    2    0   0.019   24.220295   16.742726   27.721809
   24  Ag      8    4.14   0.12         0    2    0   0.012   20.729986   12.467987   27.721809
   25  Ag      3    2.00   0.39         2    2    0   0.013   29.455759   16.030269   29.314910
   26  Ag      7    3.92   0.19         0    2    0   0.016   25.965450   11.755531   29.314910
   27  Ag      6    3.59   0.27         0    2    0   0.012   17.239677   15.317813   30.908011
   28  Ag      9    4.27   0.07         0    2    0   0.013   13.749368   11.043075   30.908011
   29  Ag      9    4.27   0.07         0    2    0   0.010   22.475141   14.605357   32.501112
/home/ans819/.conda/envs/autoflow/lib/python3.13/site-packages/mace/calculators/mace.py:197: UserWarning: Environment variable TORCH_FORCE_NO_WEIGHTS_ONLY_LOAD detected, since the`weights_only` argument was not explicitly passed to `torch.load`, forcing weights_only=False.
  torch.load(f=model_path, map_location=device)
/home/ans819/.conda/envs/autoflow/lib/python3.13/site-packages/chgnet/model/model.py:898: UserWarning: Converting a tensor with requires_grad=True to a scalar may lead to unexpected behavior.
Consider using tensor.detach() first. (Triggered internally at /pytorch/torch/csrc/autograd/generated/python_variable_methods.cpp:836.)
  volumes = torch.tensor(volumes, dtype=TORCH_DTYPE, device=atomic_numbers.device)
cuequivariance or cuequivariance_torch is not available. Cuequivariance acceleration will be disabled.
------------------------------------------------------------
  cycle        total energy    energy error   density error
------------------------------------------------------------
      1     -163.0514363944  -1.6283968E+02   1.0012159E+00
      2     -162.2463276120   8.0510878E-01   6.1742238E-01
      3      45.41236501154   2.0765869E+02   1.5786772E+00
      4     -125.6517687646  -1.7106413E+02   7.5683781E-01
      5     -71.52297140751   5.4128797E+01   6.4494680E-01
      6     -131.9804593416  -6.0457488E+01   3.8569181E-01
      7     -151.6749237787  -1.9694464E+01   2.2728929E-01
      8     -160.1536279249  -8.4787041E+00   1.2746903E-01
      9     -163.1755874805  -3.0219596E+00   6.5937458E-02
     10     -163.3748737607  -1.9928628E-01   4.7344666E-02
     11     -163.3762226342  -1.3488735E-03   4.4073691E-02
     12     -163.4009411926  -2.4718558E-02   3.7948224E-02
     13     -163.4130810440  -1.2139851E-02   2.9183465E-02
     14     -163.4167945507  -3.7135067E-03   2.6261385E-02
     15     -163.4188045743  -2.0100236E-03   2.4459590E-02
     16     -163.4189506579  -1.4608366E-04   2.2853404E-02
     17     -163.4205393238  -1.5886659E-03   1.9934189E-02
     18     -163.4220835706  -1.5442468E-03   1.7129381E-02
     19     -163.4231938582  -1.1102876E-03   1.4738821E-02
     20     -163.4236114169  -4.1755869E-04   1.3907432E-02
     21     -163.4245677786  -9.5636165E-04   1.2246805E-02
     22     -163.4249726113  -4.0483273E-04   1.0065571E-02
     23     -163.4255953529  -6.2274162E-04   9.1386063E-03
     24     -163.4260010149  -4.0566197E-04   7.9597147E-03
     25     -163.4264358146  -4.3479973E-04   5.6003519E-03
     26     -163.4266104132  -1.7459853E-04   4.2901894E-03
     27     -163.4266224720  -1.2058854E-05   4.2717258E-03
     28     -163.4266462529  -2.3780888E-05   4.0818345E-03
     29     -163.4267740040  -1.2775113E-04   2.4302249E-03
     30     -163.4268104130  -3.6408926E-05   1.5873435E-03
     31     -163.4268244833  -1.4070321E-05   1.1282670E-03
     32     -163.4268364053  -1.1922071E-05   4.8884865E-04
     33     -163.4268377908  -1.3854204E-06   4.3039975E-04
     34     -163.4268389456  -1.1548050E-06   3.2093318E-04
     35     -163.4268404612  -1.5156698E-06   1.1293121E-04
     36     -163.4268406914  -2.3015687E-07   5.1497782E-05
     37     -163.4268407240  -3.2595693E-08   2.7392799E-05
     38     -163.4268407303  -6.2753429E-09   9.4280154E-06
------------------------------------------------------------

 total:                                  21.515 sec
3
{'bond-orders': array([[0.00000000e+00, 3.04883083e-01, 2.31296634e-02, ...,
        8.09530830e-05, 1.92162693e-04, 2.22263212e-03],
       [3.04883083e-01, 0.00000000e+00, 2.07056195e-02, ...,
        8.93911894e-05, 5.42196070e-04, 2.28619454e-03],
       [2.31296634e-02, 2.07056195e-02, 0.00000000e+00, ...,
        1.64147910e-04, 3.19063028e-04, 2.98266542e-03],
       ...,
       [8.09530830e-05, 8.93911894e-05, 1.64147910e-04, ...,
        0.00000000e+00, 1.33506698e-03, 2.01957030e-02],
       [1.92162693e-04, 5.42196070e-04, 3.19063028e-04, ...,
        1.33506698e-03, 0.00000000e+00, 1.30175573e-02],
       [2.22263212e-03, 2.28619454e-03, 2.98266542e-03, ...,
        2.01957030e-02, 1.30175573e-02, 0.00000000e+00]], shape=(45, 45))}
{'bond-orders': array([[0.00000000e+00, 3.04883083e-01, 2.31296634e-02, ...,
        8.09530830e-05, 1.92162693e-04, 2.22263212e-03],
       [3.04883083e-01, 0.00000000e+00, 2.07056195e-02, ...,
        8.93911894e-05, 5.42196070e-04, 2.28619454e-03],
       [2.31296634e-02, 2.07056195e-02, 0.00000000e+00, ...,
        1.64147910e-04, 3.19063028e-04, 2.98266542e-03],
       ...,
       [8.09530830e-05, 8.93911894e-05, 1.64147910e-04, ...,
        0.00000000e+00, 1.33506698e-03, 2.01957030e-02],
       [1.92162693e-04, 5.42196070e-04, 3.19063028e-04, ...,
        1.33506698e-03, 0.00000000e+00, 1.30175573e-02],
       [2.22263212e-03, 2.28619454e-03, 2.98266542e-03, ...,
        2.01957030e-02, 1.30175573e-02, 0.00000000e+00]], shape=(45, 45)), 'molecular-dipole': array([ 0.56274219,  2.94944951, -0.38889787])}
{'bond-orders': array([[0.00000000e+00, 3.04883083e-01, 2.31296634e-02, ...,
        8.09530830e-05, 1.92162693e-04, 2.22263212e-03],
       [3.04883083e-01, 0.00000000e+00, 2.07056195e-02, ...,
        8.93911894e-05, 5.42196070e-04, 2.28619454e-03],
       [2.31296634e-02, 2.07056195e-02, 0.00000000e+00, ...,
        1.64147910e-04, 3.19063028e-04, 2.98266542e-03],
       ...,
       [8.09530830e-05, 8.93911894e-05, 1.64147910e-04, ...,
        0.00000000e+00, 1.33506698e-03, 2.01957030e-02],
       [1.92162693e-04, 5.42196070e-04, 3.19063028e-04, ...,
        1.33506698e-03, 0.00000000e+00, 1.30175573e-02],
       [2.22263212e-03, 2.28619454e-03, 2.98266542e-03, ...,
        2.01957030e-02, 1.30175573e-02, 0.00000000e+00]], shape=(45, 45)), 'molecular-dipole': array([ 0.56274219,  2.94944951, -0.38889787]), 'molecular-quadrupole': array([-1.08913619e-01,  1.04888389e+02,  5.99037113e+00,  1.06908845e+02,
        3.75327521e+02, -5.88145751e+00])}
------------------------------------------------------------
  cycle        total energy    energy error   density error
------------------------------------------------------------
      1     -163.4463189199  -1.6322508E+02   6.2733366E-03
      2     -163.4452773485   1.0415713E-03   5.2360077E-03
      3     -163.3970871130   4.8190236E-02   1.3043264E-02
      4     -163.4289615124  -3.1874399E-02   8.0423608E-03
      5     -163.4452528289  -1.6291317E-02   4.2877677E-03
      6     -163.4466086002  -1.3557713E-03   2.5856745E-03
      7     -163.4469115151  -3.0291490E-04   1.1596226E-03
      8     -163.4469738839  -6.2368733E-05   5.7182378E-04
      9     -163.4470195845  -4.5700630E-05   2.4503107E-04
     10     -163.4470236458  -4.0613154E-06   1.2428365E-04
     11     -163.4470247515  -1.1057402E-06   7.7753075E-05
     12     -163.4470248573  -1.0573183E-07   3.9439893E-05
     13     -163.4470249918  -1.3453140E-07   2.2813072E-05
     14     -163.4470250414  -4.9596252E-08   1.7401429E-05
------------------------------------------------------------

 total:                                  14.407 sec
3
{'bond-orders': array([[0.00000000e+00, 3.04989145e-01, 2.30311666e-02, ...,
        8.18311517e-05, 2.07766316e-04, 1.95269416e-03],
       [3.04989145e-01, 0.00000000e+00, 2.04973268e-02, ...,
        9.21963036e-05, 5.76551949e-04, 1.92783034e-03],
       [2.30311666e-02, 2.04973268e-02, 0.00000000e+00, ...,
        1.48811151e-04, 3.33869991e-04, 2.44836713e-03],
       ...,
       [8.18311517e-05, 9.21963036e-05, 1.48811151e-04, ...,
        0.00000000e+00, 2.87018031e-03, 2.17138884e-02],
       [2.07766316e-04, 5.76551949e-04, 3.33869991e-04, ...,
        2.87018031e-03, 0.00000000e+00, 1.37296761e-02],
       [1.95269416e-03, 1.92783034e-03, 2.44836713e-03, ...,
        2.17138884e-02, 1.37296761e-02, 0.00000000e+00]], shape=(45, 45))}
{'bond-orders': array([[0.00000000e+00, 3.04989145e-01, 2.30311666e-02, ...,
        8.18311517e-05, 2.07766316e-04, 1.95269416e-03],
       [3.04989145e-01, 0.00000000e+00, 2.04973268e-02, ...,
        9.21963036e-05, 5.76551949e-04, 1.92783034e-03],
       [2.30311666e-02, 2.04973268e-02, 0.00000000e+00, ...,
        1.48811151e-04, 3.33869991e-04, 2.44836713e-03],
       ...,
       [8.18311517e-05, 9.21963036e-05, 1.48811151e-04, ...,
        0.00000000e+00, 2.87018031e-03, 2.17138884e-02],
       [2.07766316e-04, 5.76551949e-04, 3.33869991e-04, ...,
        2.87018031e-03, 0.00000000e+00, 1.37296761e-02],
       [1.95269416e-03, 1.92783034e-03, 2.44836713e-03, ...,
        2.17138884e-02, 1.37296761e-02, 0.00000000e+00]], shape=(45, 45)), 'molecular-dipole': array([ 0.59153429,  2.90528147, -0.37282539])}
{'bond-orders': array([[0.00000000e+00, 3.04989145e-01, 2.30311666e-02, ...,
        8.18311517e-05, 2.07766316e-04, 1.95269416e-03],
       [3.04989145e-01, 0.00000000e+00, 2.04973268e-02, ...,
        9.21963036e-05, 5.76551949e-04, 1.92783034e-03],
       [2.30311666e-02, 2.04973268e-02, 0.00000000e+00, ...,
        1.48811151e-04, 3.33869991e-04, 2.44836713e-03],
       ...,
       [8.18311517e-05, 9.21963036e-05, 1.48811151e-04, ...,
        0.00000000e+00, 2.87018031e-03, 2.17138884e-02],
       [2.07766316e-04, 5.76551949e-04, 3.33869991e-04, ...,
        2.87018031e-03, 0.00000000e+00, 1.37296761e-02],
       [1.95269416e-03, 1.92783034e-03, 2.44836713e-03, ...,
        2.17138884e-02, 1.37296761e-02, 0.00000000e+00]], shape=(45, 45)), 'molecular-dipole': array([ 0.59153429,  2.90528147, -0.37282539]), 'molecular-quadrupole': array([-3.14400390e-01,  1.04068832e+02,  4.66268885e+00,  1.10844398e+02,
        3.69798317e+02, -4.34828846e+00])}
------------------------------------------------------------
  cycle        total energy    energy error   density error
------------------------------------------------------------
      1     -163.4619297973  -1.6323366E+02   1.1560853E-02
      2     -163.4071348910   5.4794906E-02   1.5790628E-02
      3     -162.6827297103   7.2440518E-01   5.0153095E-02
      4     -163.4634835154  -7.8075381E-01   5.3093499E-03
      5     -163.4629494039   5.3411158E-04   5.3614160E-03
      6     -163.4604682129   2.4811910E-03   6.0168613E-03
      7     -163.4641419716  -3.6737588E-03   2.0125784E-03
      8     -163.4643832220  -2.4125033E-04   1.2272553E-03
      9     -163.4644396547  -5.6432757E-05   6.1084366E-04
     10     -163.4644776174  -3.7962701E-05   1.6078898E-04
     11     -163.4644796622  -2.0447761E-06   9.6818335E-05
     12     -163.4644802570  -5.9481252E-07   4.3688412E-05
     13     -163.4644803012  -4.4204143E-08   2.6454181E-05
     14     -163.4644803507  -4.9492513E-08   1.8980994E-05
------------------------------------------------------------

 total:                                  14.311 sec
3
{'bond-orders': array([[0.00000000e+00, 3.05154199e-01, 2.27360872e-02, ...,
        8.97661251e-05, 2.23261318e-04, 1.51662375e-03],
       [3.05154199e-01, 0.00000000e+00, 1.99398565e-02, ...,
        1.03932990e-04, 5.58273813e-04, 1.38761933e-03],
       [2.27360872e-02, 1.99398565e-02, 0.00000000e+00, ...,
        1.20608708e-04, 2.81489780e-04, 1.51503976e-03],
       ...,
       [8.97661251e-05, 1.03932990e-04, 1.20608708e-04, ...,
        0.00000000e+00, 6.06212053e-03, 2.62840122e-02],
       [2.23261318e-04, 5.58273813e-04, 2.81489780e-04, ...,
        6.06212053e-03, 0.00000000e+00, 1.75194551e-02],
       [1.51662375e-03, 1.38761933e-03, 1.51503976e-03, ...,
        2.62840122e-02, 1.75194551e-02, 0.00000000e+00]], shape=(45, 45))}
{'bond-orders': array([[0.00000000e+00, 3.05154199e-01, 2.27360872e-02, ...,
        8.97661251e-05, 2.23261318e-04, 1.51662375e-03],
       [3.05154199e-01, 0.00000000e+00, 1.99398565e-02, ...,
        1.03932990e-04, 5.58273813e-04, 1.38761933e-03],
       [2.27360872e-02, 1.99398565e-02, 0.00000000e+00, ...,
        1.20608708e-04, 2.81489780e-04, 1.51503976e-03],
       ...,
       [8.97661251e-05, 1.03932990e-04, 1.20608708e-04, ...,
        0.00000000e+00, 6.06212053e-03, 2.62840122e-02],
       [2.23261318e-04, 5.58273813e-04, 2.81489780e-04, ...,
        6.06212053e-03, 0.00000000e+00, 1.75194551e-02],
       [1.51662375e-03, 1.38761933e-03, 1.51503976e-03, ...,
        2.62840122e-02, 1.75194551e-02, 0.00000000e+00]], shape=(45, 45)), 'molecular-dipole': array([ 0.67251709,  2.85618175, -0.41108181])}
{'bond-orders': array([[0.00000000e+00, 3.05154199e-01, 2.27360872e-02, ...,
        8.97661251e-05, 2.23261318e-04, 1.51662375e-03],
       [3.05154199e-01, 0.00000000e+00, 1.99398565e-02, ...,
        1.03932990e-04, 5.58273813e-04, 1.38761933e-03],
       [2.27360872e-02, 1.99398565e-02, 0.00000000e+00, ...,
        1.20608708e-04, 2.81489780e-04, 1.51503976e-03],
       ...,
       [8.97661251e-05, 1.03932990e-04, 1.20608708e-04, ...,
        0.00000000e+00, 6.06212053e-03, 2.62840122e-02],
       [2.23261318e-04, 5.58273813e-04, 2.81489780e-04, ...,
        6.06212053e-03, 0.00000000e+00, 1.75194551e-02],
       [1.51662375e-03, 1.38761933e-03, 1.51503976e-03, ...,
        2.62840122e-02, 1.75194551e-02, 0.00000000e+00]], shape=(45, 45)), 'molecular-dipole': array([ 0.67251709,  2.85618175, -0.41108181]), 'molecular-quadrupole': array([  2.99040618, 105.14164272,   5.12250117, 119.614352  ,
       362.75628087,  -8.11290735])}
------------------------------------------------------------
  cycle        total energy    energy error   density error
------------------------------------------------------------
      1     -163.4714089034  -1.6323812E+02   9.3462560E-03
      2     -163.3508642368   1.2054467E-01   2.0873381E-02
      3     -163.1061546066   2.4470963E-01   3.5035488E-02
      4     -163.4718245439  -3.6566994E-01   5.4779657E-03
      5     -163.4699051639   1.9193800E-03   7.3207297E-03
      6     -163.4716862251  -1.7810612E-03   4.1962389E-03
      7     -163.4726773459  -9.9112076E-04   2.2451723E-03
      8     -163.4736589521  -9.8160619E-04   9.0536352E-04
      9     -163.4736884989  -2.9546798E-05   4.1226014E-04
     10     -163.4736980085  -9.5096194E-06   1.9047266E-04
     11     -163.4737028408  -4.8323491E-06   8.4062097E-05
     12     -163.4737032251  -3.8429755E-07   4.7466125E-05
     13     -163.4737032323  -7.1270847E-09   3.2297693E-05
     14     -163.4737032822  -4.9913581E-08   1.5050180E-05
------------------------------------------------------------

 total:                                  14.134 sec
3
{'bond-orders': array([[0.00000000e+00, 3.05284402e-01, 2.24401305e-02, ...,
        7.96802759e-05, 2.14028227e-04, 1.31771181e-03],
       [3.05284402e-01, 0.00000000e+00, 1.92052054e-02, ...,
        9.26560584e-05, 4.81995389e-04, 1.10196848e-03],
       [2.24401305e-02, 1.92052054e-02, 0.00000000e+00, ...,
        7.53629032e-05, 1.85716425e-04, 9.82467244e-04],
       ...,
       [7.96802759e-05, 9.26560584e-05, 7.53629032e-05, ...,
        0.00000000e+00, 9.04224097e-03, 2.81350263e-02],
       [2.14028227e-04, 4.81995389e-04, 1.85716425e-04, ...,
        9.04224097e-03, 0.00000000e+00, 2.16280109e-02],
       [1.31771181e-03, 1.10196848e-03, 9.82467244e-04, ...,
        2.81350263e-02, 2.16280109e-02, 0.00000000e+00]], shape=(45, 45))}
{'bond-orders': array([[0.00000000e+00, 3.05284402e-01, 2.24401305e-02, ...,
        7.96802759e-05, 2.14028227e-04, 1.31771181e-03],
       [3.05284402e-01, 0.00000000e+00, 1.92052054e-02, ...,
        9.26560584e-05, 4.81995389e-04, 1.10196848e-03],
       [2.24401305e-02, 1.92052054e-02, 0.00000000e+00, ...,
        7.53629032e-05, 1.85716425e-04, 9.82467244e-04],
       ...,
       [7.96802759e-05, 9.26560584e-05, 7.53629032e-05, ...,
        0.00000000e+00, 9.04224097e-03, 2.81350263e-02],
       [2.14028227e-04, 4.81995389e-04, 1.85716425e-04, ...,
        9.04224097e-03, 0.00000000e+00, 2.16280109e-02],
       [1.31771181e-03, 1.10196848e-03, 9.82467244e-04, ...,
        2.81350263e-02, 2.16280109e-02, 0.00000000e+00]], shape=(45, 45)), 'molecular-dipole': array([ 0.84335212,  2.94328375, -0.56587191])}
{'bond-orders': array([[0.00000000e+00, 3.05284402e-01, 2.24401305e-02, ...,
        7.96802759e-05, 2.14028227e-04, 1.31771181e-03],
       [3.05284402e-01, 0.00000000e+00, 1.92052054e-02, ...,
        9.26560584e-05, 4.81995389e-04, 1.10196848e-03],
       [2.24401305e-02, 1.92052054e-02, 0.00000000e+00, ...,
        7.53629032e-05, 1.85716425e-04, 9.82467244e-04],
       ...,
       [7.96802759e-05, 9.26560584e-05, 7.53629032e-05, ...,
        0.00000000e+00, 9.04224097e-03, 2.81350263e-02],
       [2.14028227e-04, 4.81995389e-04, 1.85716425e-04, ...,
        9.04224097e-03, 0.00000000e+00, 2.16280109e-02],
       [1.31771181e-03, 1.10196848e-03, 9.82467244e-04, ...,
        2.81350263e-02, 2.16280109e-02, 0.00000000e+00]], shape=(45, 45)), 'molecular-dipole': array([ 0.84335212,  2.94328375, -0.56587191]), 'molecular-quadrupole': array([ 13.21861336, 113.36654434,  10.77607669, 136.00582513,
       371.58553358, -23.99469005])}
------------------------------------------------------------
  cycle        total energy    energy error   density error
------------------------------------------------------------
      1     -163.4778740901  -1.6324166E+02   9.4867165E-03
      2     -163.3973537405   8.0520350E-02   1.7862010E-02
      3     -163.0539991870   3.4335455E-01   3.7328881E-02
      4     -163.4792440766  -4.2524489E-01   4.7610802E-03
      5     -163.4777120172   1.5320594E-03   5.8645140E-03
      6     -163.4767897767   9.2224051E-04   5.5529223E-03
      7     -163.4789840448  -2.1942681E-03   2.2361907E-03
      8     -163.4799117083  -9.2766353E-04   7.8843028E-04
      9     -163.4799281577  -1.6449456E-05   4.2293022E-04
     10     -163.4799418822  -1.3724414E-05   1.7630295E-04
     11     -163.4799454973  -3.6151901E-06   7.8170005E-05
     12     -163.4799454030   9.4347342E-08   5.5713182E-05
     13     -163.4799454921  -8.9057323E-08   4.0274093E-05
     14     -163.4799456762  -1.8415898E-07   1.8052414E-05
------------------------------------------------------------

 total:                                  13.989 sec
3
{'bond-orders': array([[0.00000000e+00, 3.05434747e-01, 2.21180706e-02, ...,
        7.13691944e-05, 2.04531951e-04, 1.07679728e-03],
       [3.05434747e-01, 0.00000000e+00, 1.84607157e-02, ...,
        8.66640059e-05, 4.06407038e-04, 8.78481731e-04],
       [2.21180706e-02, 1.84607157e-02, 0.00000000e+00, ...,
        4.27407920e-05, 1.09254827e-04, 5.88212759e-04],
       ...,
       [7.13691944e-05, 8.66640059e-05, 4.27407920e-05, ...,
        0.00000000e+00, 1.20126383e-02, 3.11729950e-02],
       [2.04531951e-04, 4.06407038e-04, 1.09254827e-04, ...,
        1.20126383e-02, 0.00000000e+00, 2.71748510e-02],
       [1.07679728e-03, 8.78481731e-04, 5.88212759e-04, ...,
        3.11729950e-02, 2.71748510e-02, 0.00000000e+00]], shape=(45, 45))}
{'bond-orders': array([[0.00000000e+00, 3.05434747e-01, 2.21180706e-02, ...,
        7.13691944e-05, 2.04531951e-04, 1.07679728e-03],
       [3.05434747e-01, 0.00000000e+00, 1.84607157e-02, ...,
        8.66640059e-05, 4.06407038e-04, 8.78481731e-04],
       [2.21180706e-02, 1.84607157e-02, 0.00000000e+00, ...,
        4.27407920e-05, 1.09254827e-04, 5.88212759e-04],
       ...,
       [7.13691944e-05, 8.66640059e-05, 4.27407920e-05, ...,
        0.00000000e+00, 1.20126383e-02, 3.11729950e-02],
       [2.04531951e-04, 4.06407038e-04, 1.09254827e-04, ...,
        1.20126383e-02, 0.00000000e+00, 2.71748510e-02],
       [1.07679728e-03, 8.78481731e-04, 5.88212759e-04, ...,
        3.11729950e-02, 2.71748510e-02, 0.00000000e+00]], shape=(45, 45)), 'molecular-dipole': array([ 0.98602873,  2.96198416, -0.71411881])}
{'bond-orders': array([[0.00000000e+00, 3.05434747e-01, 2.21180706e-02, ...,
        7.13691944e-05, 2.04531951e-04, 1.07679728e-03],
       [3.05434747e-01, 0.00000000e+00, 1.84607157e-02, ...,
        8.66640059e-05, 4.06407038e-04, 8.78481731e-04],
       [2.21180706e-02, 1.84607157e-02, 0.00000000e+00, ...,
        4.27407920e-05, 1.09254827e-04, 5.88212759e-04],
       ...,
       [7.13691944e-05, 8.66640059e-05, 4.27407920e-05, ...,
        0.00000000e+00, 1.20126383e-02, 3.11729950e-02],
       [2.04531951e-04, 4.06407038e-04, 1.09254827e-04, ...,
        1.20126383e-02, 0.00000000e+00, 2.71748510e-02],
       [1.07679728e-03, 8.78481731e-04, 5.88212759e-04, ...,
        3.11729950e-02, 2.71748510e-02, 0.00000000e+00]], shape=(45, 45)), 'molecular-dipole': array([ 0.98602873,  2.96198416, -0.71411881]), 'molecular-quadrupole': array([ 22.61920357, 118.54103811,  16.01259413, 149.28746914,
       372.03089133, -38.63179771])}
------------------------------------------------------------
  cycle        total energy    energy error   density error
------------------------------------------------------------
      1     -163.4826712378  -1.6324533E+02   7.7416523E-03
      2     -163.3835537629   9.9117475E-02   1.8910873E-02
      3     -163.2731929375   1.1036083E-01   2.6536789E-02
      4     -163.4837733618  -2.1058042E-01   4.1965509E-03
      5     -163.4823890820   1.3842798E-03   5.7203800E-03
      6     -163.4824151335  -2.6051417E-05   4.2628879E-03
      7     -163.4836886244  -1.2734909E-03   1.8933326E-03
      8     -163.4843837069  -6.9508251E-04   6.5939057E-04
      9     -163.4843982319  -1.4525054E-05   3.2041872E-04
     10     -163.4844074187  -9.1868033E-06   1.4426754E-04
     11     -163.4844105463  -3.1275897E-06   5.3306976E-05
     12     -163.4844107863  -2.3997944E-07   3.0224793E-05
     13     -163.4844107885  -2.1773587E-09   2.2416100E-05
     14     -163.4844108162  -2.7730152E-08   1.0175308E-05
------------------------------------------------------------

 total:                                  14.162 sec
3
{'bond-orders': array([[0.00000000e+00, 3.05606078e-01, 2.18459617e-02, ...,
        6.04315228e-05, 1.93376285e-04, 9.08463099e-04],
       [3.05606078e-01, 0.00000000e+00, 1.78344051e-02, ...,
        7.87920012e-05, 3.57723808e-04, 7.69294474e-04],
       [2.18459617e-02, 1.78344051e-02, 0.00000000e+00, ...,
        2.50654966e-05, 8.19797426e-05, 4.08364137e-04],
       ...,
       [6.04315228e-05, 7.87920012e-05, 2.50654966e-05, ...,
        0.00000000e+00, 1.37721585e-02, 3.32239008e-02],
       [1.93376285e-04, 3.57723808e-04, 8.19797426e-05, ...,
        1.37721585e-02, 0.00000000e+00, 3.21123294e-02],
       [9.08463099e-04, 7.69294474e-04, 4.08364137e-04, ...,
        3.32239008e-02, 3.21123294e-02, 0.00000000e+00]], shape=(45, 45))}
{'bond-orders': array([[0.00000000e+00, 3.05606078e-01, 2.18459617e-02, ...,
        6.04315228e-05, 1.93376285e-04, 9.08463099e-04],
       [3.05606078e-01, 0.00000000e+00, 1.78344051e-02, ...,
        7.87920012e-05, 3.57723808e-04, 7.69294474e-04],
       [2.18459617e-02, 1.78344051e-02, 0.00000000e+00, ...,
        2.50654966e-05, 8.19797426e-05, 4.08364137e-04],
       ...,
       [6.04315228e-05, 7.87920012e-05, 2.50654966e-05, ...,
        0.00000000e+00, 1.37721585e-02, 3.32239008e-02],
       [1.93376285e-04, 3.57723808e-04, 8.19797426e-05, ...,
        1.37721585e-02, 0.00000000e+00, 3.21123294e-02],
       [9.08463099e-04, 7.69294474e-04, 4.08364137e-04, ...,
        3.32239008e-02, 3.21123294e-02, 0.00000000e+00]], shape=(45, 45)), 'molecular-dipole': array([ 1.10813953,  2.9623968 , -0.88213294])}
{'bond-orders': array([[0.00000000e+00, 3.05606078e-01, 2.18459617e-02, ...,
        6.04315228e-05, 1.93376285e-04, 9.08463099e-04],
       [3.05606078e-01, 0.00000000e+00, 1.78344051e-02, ...,
        7.87920012e-05, 3.57723808e-04, 7.69294474e-04],
       [2.18459617e-02, 1.78344051e-02, 0.00000000e+00, ...,
        2.50654966e-05, 8.19797426e-05, 4.08364137e-04],
       ...,
       [6.04315228e-05, 7.87920012e-05, 2.50654966e-05, ...,
        0.00000000e+00, 1.37721585e-02, 3.32239008e-02],
       [1.93376285e-04, 3.57723808e-04, 8.19797426e-05, ...,
        1.37721585e-02, 0.00000000e+00, 3.21123294e-02],
       [9.08463099e-04, 7.69294474e-04, 4.08364137e-04, ...,
        3.32239008e-02, 3.21123294e-02, 0.00000000e+00]], shape=(45, 45)), 'molecular-dipole': array([ 1.10813953,  2.9623968 , -0.88213294]), 'molecular-quadrupole': array([ 32.28265121, 122.37140629,  22.00000252, 159.36872026,
       370.11499233, -54.28265373])}
------------------------------------------------------------
  cycle        total energy    energy error   density error
------------------------------------------------------------
      1     -163.4873909563  -1.6325094E+02   8.6102580E-03
      2     -163.4075292665   7.9861690E-02   1.7664797E-02
      3     -163.1454582694   2.6207100E-01   3.3399123E-02
      4     -163.4882108693  -3.4275260E-01   4.8396016E-03
      5     -163.4870469131   1.1639562E-03   5.8745541E-03
      6     -163.4871027476  -5.5834458E-05   4.7324106E-03
      7     -163.4885086264  -1.4058788E-03   2.1495809E-03
      8     -163.4893042336  -7.9560720E-04   8.3002448E-04
      9     -163.4893245688  -2.0335213E-05   3.6663735E-04
     10     -163.4893415781  -1.7009381E-05   1.7607726E-04
     11     -163.4893456034  -4.0252190E-06   6.0988236E-05
     12     -163.4893456056  -2.1880737E-09   4.5048512E-05
     13     -163.4893456480  -4.2415138E-08   3.2675219E-05
     14     -163.4893457649  -1.1696031E-07   1.6971260E-05
------------------------------------------------------------

 total:                                  12.436 sec
3
{'bond-orders': array([[0.00000000e+00, 3.05942385e-01, 2.16323909e-02, ...,
        4.94325653e-05, 1.87669393e-04, 7.20668401e-04],
       [3.05942385e-01, 0.00000000e+00, 1.72282169e-02, ...,
        7.16246963e-05, 3.42951708e-04, 6.98445109e-04],
       [2.16323909e-02, 1.72282169e-02, 0.00000000e+00, ...,
        2.10369811e-05, 1.15172677e-04, 3.34825447e-04],
       ...,
       [4.94325653e-05, 7.16246963e-05, 2.10369811e-05, ...,
        0.00000000e+00, 1.43229789e-02, 3.58127177e-02],
       [1.87669393e-04, 3.42951708e-04, 1.15172677e-04, ...,
        1.43229789e-02, 0.00000000e+00, 3.75789512e-02],
       [7.20668401e-04, 6.98445109e-04, 3.34825447e-04, ...,
        3.58127177e-02, 3.75789512e-02, 0.00000000e+00]], shape=(45, 45))}
{'bond-orders': array([[0.00000000e+00, 3.05942385e-01, 2.16323909e-02, ...,
        4.94325653e-05, 1.87669393e-04, 7.20668401e-04],
       [3.05942385e-01, 0.00000000e+00, 1.72282169e-02, ...,
        7.16246963e-05, 3.42951708e-04, 6.98445109e-04],
       [2.16323909e-02, 1.72282169e-02, 0.00000000e+00, ...,
        2.10369811e-05, 1.15172677e-04, 3.34825447e-04],
       ...,
       [4.94325653e-05, 7.16246963e-05, 2.10369811e-05, ...,
        0.00000000e+00, 1.43229789e-02, 3.58127177e-02],
       [1.87669393e-04, 3.42951708e-04, 1.15172677e-04, ...,
        1.43229789e-02, 0.00000000e+00, 3.75789512e-02],
       [7.20668401e-04, 6.98445109e-04, 3.34825447e-04, ...,
        3.58127177e-02, 3.75789512e-02, 0.00000000e+00]], shape=(45, 45)), 'molecular-dipole': array([ 1.2212334 ,  2.89362164, -1.0706079 ])}
{'bond-orders': array([[0.00000000e+00, 3.05942385e-01, 2.16323909e-02, ...,
        4.94325653e-05, 1.87669393e-04, 7.20668401e-04],
       [3.05942385e-01, 0.00000000e+00, 1.72282169e-02, ...,
        7.16246963e-05, 3.42951708e-04, 6.98445109e-04],
       [2.16323909e-02, 1.72282169e-02, 0.00000000e+00, ...,
        2.10369811e-05, 1.15172677e-04, 3.34825447e-04],
       ...,
       [4.94325653e-05, 7.16246963e-05, 2.10369811e-05, ...,
        0.00000000e+00, 1.43229789e-02, 3.58127177e-02],
       [1.87669393e-04, 3.42951708e-04, 1.15172677e-04, ...,
        1.43229789e-02, 0.00000000e+00, 3.75789512e-02],
       [7.20668401e-04, 6.98445109e-04, 3.34825447e-04, ...,
        3.58127177e-02, 3.75789512e-02, 0.00000000e+00]], shape=(45, 45)), 'molecular-dipole': array([ 1.2212334 ,  2.89362164, -1.0706079 ]), 'molecular-quadrupole': array([ 42.73722836, 123.81419254,  28.29464533, 167.86706816,
       359.69671902, -71.03187369])}
------------------------------------------------------------
  cycle        total energy    energy error   density error
------------------------------------------------------------
      1     -163.4919541690  -1.6325746E+02   9.4500980E-03
      2     -163.3573732355   1.3458093E-01   2.2146150E-02
      3     -163.0904335104   2.6693973E-01   3.6149990E-02
      4     -163.4933143948  -4.0288088E-01   5.3710694E-03
      5     -163.4925428367   7.7155807E-04   5.7073648E-03
      6     -163.4927877405  -2.4490380E-04   4.5107087E-03
      7     -163.4937466404  -9.5889985E-04   2.3159736E-03
      8     -163.4945318966  -7.8525625E-04   1.0615345E-03
      9     -163.4945508154  -1.8918807E-05   5.1808364E-04
     10     -163.4945901320  -3.9316566E-05   2.6298469E-04
     11     -163.4945984596  -8.3276121E-06   8.1849224E-05
     12     -163.4945986080  -1.4841035E-07   4.6693489E-05
     13     -163.4945986324  -2.4325999E-08   3.4085712E-05
     14     -163.4945987650  -1.3261899E-07   1.9497261E-05
------------------------------------------------------------

 total:                                  10.632 sec
3
{'bond-orders': array([[0.00000000e+00, 3.06656867e-01, 2.15896131e-02, ...,
        4.21155345e-05, 2.10428738e-04, 5.54727570e-04],
       [3.06656867e-01, 0.00000000e+00, 1.68176674e-02, ...,
        6.30452958e-05, 3.93472337e-04, 6.49579694e-04],
       [2.15896131e-02, 1.68176674e-02, 0.00000000e+00, ...,
        3.71186791e-05, 2.58913639e-04, 3.77433909e-04],
       ...,
       [4.21155345e-05, 6.30452958e-05, 3.71186791e-05, ...,
        0.00000000e+00, 1.35475011e-02, 3.82948601e-02],
       [2.10428738e-04, 3.93472337e-04, 2.58913639e-04, ...,
        1.35475011e-02, 0.00000000e+00, 4.23821771e-02],
       [5.54727570e-04, 6.49579694e-04, 3.77433909e-04, ...,
        3.82948601e-02, 4.23821771e-02, 0.00000000e+00]], shape=(45, 45))}
{'bond-orders': array([[0.00000000e+00, 3.06656867e-01, 2.15896131e-02, ...,
        4.21155345e-05, 2.10428738e-04, 5.54727570e-04],
       [3.06656867e-01, 0.00000000e+00, 1.68176674e-02, ...,
        6.30452958e-05, 3.93472337e-04, 6.49579694e-04],
       [2.15896131e-02, 1.68176674e-02, 0.00000000e+00, ...,
        3.71186791e-05, 2.58913639e-04, 3.77433909e-04],
       ...,
       [4.21155345e-05, 6.30452958e-05, 3.71186791e-05, ...,
        0.00000000e+00, 1.35475011e-02, 3.82948601e-02],
       [2.10428738e-04, 3.93472337e-04, 2.58913639e-04, ...,
        1.35475011e-02, 0.00000000e+00, 4.23821771e-02],
       [5.54727570e-04, 6.49579694e-04, 3.77433909e-04, ...,
        3.82948601e-02, 4.23821771e-02, 0.00000000e+00]], shape=(45, 45)), 'molecular-dipole': array([ 1.33554941,  2.75516261, -1.29149939])}
{'bond-orders': array([[0.00000000e+00, 3.06656867e-01, 2.15896131e-02, ...,
        4.21155345e-05, 2.10428738e-04, 5.54727570e-04],
       [3.06656867e-01, 0.00000000e+00, 1.68176674e-02, ...,
        6.30452958e-05, 3.93472337e-04, 6.49579694e-04],
       [2.15896131e-02, 1.68176674e-02, 0.00000000e+00, ...,
        3.71186791e-05, 2.58913639e-04, 3.77433909e-04],
       ...,
       [4.21155345e-05, 6.30452958e-05, 3.71186791e-05, ...,
        0.00000000e+00, 1.35475011e-02, 3.82948601e-02],
       [2.10428738e-04, 3.93472337e-04, 2.58913639e-04, ...,
        1.35475011e-02, 0.00000000e+00, 4.23821771e-02],
       [5.54727570e-04, 6.49579694e-04, 3.77433909e-04, ...,
        3.82948601e-02, 4.23821771e-02, 0.00000000e+00]], shape=(45, 45)), 'molecular-dipole': array([ 1.33554941,  2.75516261, -1.29149939]), 'molecular-quadrupole': array([ 54.67449987, 123.23302456,  35.1103085 , 175.21506581,
       340.47874647, -89.78480838])}
------------------------------------------------------------
  cycle        total energy    energy error   density error
------------------------------------------------------------
      1     -163.4959351927  -1.6326367E+02   8.3239963E-03
      2     -163.4005321235   9.5403069E-02   1.8450572E-02
      3     -163.1330444249   2.6748770E-01   3.4108726E-02
      4     -163.4970569035  -3.6401248E-01   4.4216265E-03
      5     -163.4970813331  -2.4429557E-05   3.6300827E-03
      6     -163.4969964259   8.4907228E-05   3.4730270E-03
      7     -163.4975308424  -5.3441655E-04   1.6973582E-03
      8     -163.4978413108  -3.1046835E-04   8.2243645E-04
      9     -163.4978619075  -2.0596752E-05   4.7477730E-04
     10     -163.4979004955  -3.8587992E-05   1.8936421E-04
     11     -163.4979031265  -2.6310356E-06   6.8112843E-05
     12     -163.4979031552  -2.8699873E-08   4.5670680E-05
     13     -163.4979033991  -2.4386992E-07   3.1132331E-05
     14     -163.4979035503  -1.5117973E-07   1.4640846E-05
------------------------------------------------------------

 total:                                  10.670 sec
3
{'bond-orders': array([[0.00000000e+00, 3.07384100e-01, 2.14622264e-02, ...,
        3.88276945e-05, 2.82595941e-04, 4.48805848e-04],
       [3.07384100e-01, 0.00000000e+00, 1.68962072e-02, ...,
        5.58713801e-05, 5.10494399e-04, 5.92940637e-04],
       [2.14622264e-02, 1.68962072e-02, 0.00000000e+00, ...,
        5.70551582e-05, 4.91755688e-04, 4.54273732e-04],
       ...,
       [3.88276945e-05, 5.58713801e-05, 5.70551582e-05, ...,
        0.00000000e+00, 1.23003841e-02, 4.03507519e-02],
       [2.82595941e-04, 5.10494399e-04, 4.91755688e-04, ...,
        1.23003841e-02, 0.00000000e+00, 4.42561567e-02],
       [4.48805848e-04, 5.92940637e-04, 4.54273732e-04, ...,
        4.03507519e-02, 4.42561567e-02, 0.00000000e+00]], shape=(45, 45))}
{'bond-orders': array([[0.00000000e+00, 3.07384100e-01, 2.14622264e-02, ...,
        3.88276945e-05, 2.82595941e-04, 4.48805848e-04],
       [3.07384100e-01, 0.00000000e+00, 1.68962072e-02, ...,
        5.58713801e-05, 5.10494399e-04, 5.92940637e-04],
       [2.14622264e-02, 1.68962072e-02, 0.00000000e+00, ...,
        5.70551582e-05, 4.91755688e-04, 4.54273732e-04],
       ...,
       [3.88276945e-05, 5.58713801e-05, 5.70551582e-05, ...,
        0.00000000e+00, 1.23003841e-02, 4.03507519e-02],
       [2.82595941e-04, 5.10494399e-04, 4.91755688e-04, ...,
        1.23003841e-02, 0.00000000e+00, 4.42561567e-02],
       [4.48805848e-04, 5.92940637e-04, 4.54273732e-04, ...,
        4.03507519e-02, 4.42561567e-02, 0.00000000e+00]], shape=(45, 45)), 'molecular-dipole': array([ 1.41910647,  2.58314517, -1.44785412])}
{'bond-orders': array([[0.00000000e+00, 3.07384100e-01, 2.14622264e-02, ...,
        3.88276945e-05, 2.82595941e-04, 4.48805848e-04],
       [3.07384100e-01, 0.00000000e+00, 1.68962072e-02, ...,
        5.58713801e-05, 5.10494399e-04, 5.92940637e-04],
       [2.14622264e-02, 1.68962072e-02, 0.00000000e+00, ...,
        5.70551582e-05, 4.91755688e-04, 4.54273732e-04],
       ...,
       [3.88276945e-05, 5.58713801e-05, 5.70551582e-05, ...,
        0.00000000e+00, 1.23003841e-02, 4.03507519e-02],
       [2.82595941e-04, 5.10494399e-04, 4.91755688e-04, ...,
        1.23003841e-02, 0.00000000e+00, 4.42561567e-02],
       [4.48805848e-04, 5.92940637e-04, 4.54273732e-04, ...,
        4.03507519e-02, 4.42561567e-02, 0.00000000e+00]], shape=(45, 45)), 'molecular-dipole': array([ 1.41910647,  2.58314517, -1.44785412]), 'molecular-quadrupole': array([  63.33070589,  120.97262963,   39.07272428,  180.14734938,
        317.66603667, -102.40343017])}
------------------------------------------------------------
  cycle        total energy    energy error   density error
------------------------------------------------------------
      1     -163.4997082422  -1.6326768E+02   2.5739480E-03
