/home/ans819/.conda/envs/autoflow/lib/python3.13/site-packages/e3nn/o3/_wigner.py:10: UserWarning: Environment variable TORCH_FORCE_NO_WEIGHTS_ONLY_LOAD detected, since the`weights_only` argument was not explicitly passed to `torch.load`, forcing weights_only=False.
  _Jd, _W3j_flat, _W3j_indices = torch.load(os.path.join(os.path.dirname(__file__), 'constants.pt'))

          ==================== Thresholds ====================
          CN  :   150.00000
          rep :   500.00000
          disp:  2500.00000
          HB1 :   250.00000
          HB2 :   450.00000

          Pauling EN used:
          Z : 1  EN :  2.20
          Z : 6  EN :  2.55
          Z : 8  EN :  3.44
          Z :47  EN :  1.93
          electric field strengths (au): 0.000

           ------------------------------------------------- 
          |           Force Field Initialization            |
           ------------------------------------------------- 

          distances ...
          ----------------------------------------
          generating topology and atomic info file ...
          pair mat ...
          computing topology distances matrix with Floyd-Warshall algo ...
          making topology EEQ charges ...
          #fragments for EEQ constrain: 1
          ----------------------------------------
          generating topology and atomic info file ...
          pair mat ...
          computing topology distances matrix with Floyd-Warshall algo ...
          making topology EEQ charges ...
          #fragments for EEQ constrain: 1
          rings ...
          # BATM   3155
          # H in HB   0

  atom   neighbors  erfCN metchar sp-hybrid imet pi  qest     coordinates
    1  Ag      2    1.35   0.37         2    2    0   0.000    3.199451    0.356229   26.332409
    2  Ag      5    3.15   0.31         0    2    0   0.015    6.689760    4.630967   26.332409
    3  Ag      9    4.27   0.07         0    2    0   0.013   15.415533    8.193249   27.925510
    4  Ag      7    3.92   0.19         0    2    0   0.015   11.925224    3.918511   27.925510
    5  Ag      7    3.92   0.19         0    2    0   0.010   20.650997    7.480793   29.518611
    6  Ag      6    3.59   0.27         0    2    0   0.016   17.160688    3.206054   29.518611
    7  Ag      9    4.27   0.07         0    2    0   0.008    8.434915    6.768336   31.111712
    8  Ag      6    3.59   0.23         0    2    0   0.018    4.944605    2.493598   31.111712
    9  Ag     12    4.39   0.01         0    2    0   0.017   13.670379    6.055880   32.704813
   10  Ag      7    3.92   0.19         0    2    0   0.025   10.180069    1.781141   32.704813
   11  Ag      9    4.27   0.07         0    2    0   0.009   18.905843    5.343423   34.297914
   12  Ag      6    3.59   0.27         0    2    0   0.026   15.415533    1.068685   34.297914
   13  Ag      8    4.14   0.11         0    2    0   0.018    6.689760    4.630967   35.891014
   14  Ag      3    2.00   0.37         2    2    0   0.012    3.199451    0.356229   35.891014
   15  Ag      9    4.30   0.05         0    2    0   0.087   11.925224    3.918511   37.484115
   16  Ag     10    4.34   0.04         0    2    0   0.018   15.415533    8.193249   37.484115
   17  Ag      5    3.15   0.34         0    2    0   0.028   17.160688    3.206054   39.077216
   18  Ag      6    3.59   0.26         0    2    0   0.016   20.650997    7.480793   39.077216
   19  Ag      3    2.00   0.37         2    2    0   0.026    4.944605    2.493598   40.670317
   20  Ag      6    3.48   0.33         0    2    0   0.097    8.434915    6.768336   40.670317
   21  Ag      6    3.59   0.26         0    2    0   0.011   10.180069    8.905705   26.332409
   22  Ag      5    3.15   0.34         0    2    0   0.014   13.670379   13.180444   26.332409
   23  Ag      4    2.61   0.38         3    2    0   0.014   22.396152   16.742726   27.925510
   24  Ag      8    4.14   0.12         0    2    0   0.010   18.905843   12.467987   27.925510
   25  Ag      3    2.00   0.39         2    2    0   0.010   27.631616   16.030269   29.518611
   26  Ag      7    3.92   0.19         0    2    0   0.012   24.141307   11.755531   29.518611
   27  Ag      6    3.59   0.27         0    2    0   0.010   15.415533   15.317813   31.111712
   28  Ag      9    4.27   0.07         0    2    0   0.009   11.925224   11.043075   31.111712
   29  Ag      9    4.27   0.07         0    2    0   0.009   20.650997   14.605357   32.704813
/home/ans819/.conda/envs/autoflow/lib/python3.13/site-packages/mace/calculators/mace.py:197: UserWarning: Environment variable TORCH_FORCE_NO_WEIGHTS_ONLY_LOAD detected, since the`weights_only` argument was not explicitly passed to `torch.load`, forcing weights_only=False.
  torch.load(f=model_path, map_location=device)
/home/ans819/.conda/envs/autoflow/lib/python3.13/site-packages/chgnet/model/model.py:898: UserWarning: Converting a tensor with requires_grad=True to a scalar may lead to unexpected behavior.
Consider using tensor.detach() first. (Triggered internally at /pytorch/torch/csrc/autograd/generated/python_variable_methods.cpp:836.)
  volumes = torch.tensor(volumes, dtype=TORCH_DTYPE, device=atomic_numbers.device)
cuequivariance or cuequivariance_torch is not available. Cuequivariance acceleration will be disabled.
------------------------------------------------------------
  cycle        total energy    energy error   density error
------------------------------------------------------------
      1     -163.2659138553  -1.6302468E+02   9.9805954E-01
      2     -162.4181392650   8.4777459E-01   6.1981222E-01
      3      44.37841117468   2.0679655E+02   1.6123979E+00
      4     -134.9280333023  -1.7930644E+02   5.1347560E-01
      5      38.94404669648   1.7387208E+02   1.0434202E+00
      6     -137.9269775560  -1.7687102E+02   3.2756095E-01
      7     -147.2733435199  -9.3463660E+00   2.5017575E-01
      8     -162.4068102738  -1.5133467E+01   9.4546479E-02
      9     -163.5088192074  -1.1020089E+00   4.5703272E-02
     10     -163.5111764242  -2.3572168E-03   3.7503199E-02
     11     -163.5150741282  -3.8977040E-03   3.4180187E-02
     12     -163.5383633357  -2.3289208E-02   2.8339459E-02
     13     -163.5399842043  -1.6208687E-03   2.4648678E-02
     14     -163.5391083168   8.7588755E-04   2.2844562E-02
     15     -163.5402445900  -1.1362732E-03   2.1982991E-02
     16     -163.5414068192  -1.1622292E-03   2.0505836E-02
     17     -163.5420369750  -6.3015581E-04   1.8603480E-02
     18     -163.5420052823   3.1692707E-05   1.6479959E-02
     19     -163.5421215668  -1.1628449E-04   1.6270684E-02
     20     -163.5420961220   2.5444816E-05   1.6320717E-02
     21     -163.5445360897  -2.4399677E-03   1.0035334E-02
     22     -163.5455116548  -9.7556508E-04   2.7073188E-03
     23     -163.5455343451  -2.2690324E-05   2.4388479E-03
     24     -163.5456906680  -1.5632291E-04   1.2341530E-03
     25     -163.5457428404  -5.2172384E-05   1.2536429E-03
     26     -163.5457515392  -8.6988432E-06   5.5313838E-04
     27     -163.5457510757   4.6355362E-07   5.0445717E-04
     28     -163.5457516016  -5.2596076E-07   5.2495763E-04
     29     -163.5457514733   1.2837651E-07   5.1524271E-04
     30     -163.5457516039  -1.3063931E-07   4.6835369E-04
     31     -163.5457519983  -3.9435469E-07   4.2199551E-04
     32     -163.5457525824  -5.8410902E-07   3.7582846E-04
     33     -163.5457532470  -6.6465446E-07   3.0633878E-04
     34     -163.5457541529  -9.0585343E-07   1.7029460E-04
     35     -163.5457544224  -2.6947620E-07   9.6569767E-05
     36     -163.5457545180  -9.5635414E-08   5.8024245E-05
     37     -163.5457545699  -5.1889799E-08   2.5412960E-06
------------------------------------------------------------

 total:                                  19.150 sec
3
{'bond-orders': array([[0.00000000e+00, 3.04055322e-01, 2.08677474e-02, ...,
        1.10416161e-04, 3.18799053e-05, 1.24735310e-03],
       [3.04055322e-01, 0.00000000e+00, 2.10440766e-02, ...,
        1.29515558e-05, 2.69389591e-06, 8.35418681e-04],
       [2.08677474e-02, 2.10440766e-02, 0.00000000e+00, ...,
        8.55145468e-05, 1.33193585e-04, 2.47693598e-03],
       ...,
       [1.10416161e-04, 1.29515558e-05, 8.55145468e-05, ...,
        0.00000000e+00, 3.85041540e-03, 1.76997361e-02],
       [3.18799053e-05, 2.69389591e-06, 1.33193585e-04, ...,
        3.85041540e-03, 0.00000000e+00, 1.95695101e-02],
       [1.24735310e-03, 8.35418681e-04, 2.47693598e-03, ...,
        1.76997361e-02, 1.95695101e-02, 0.00000000e+00]], shape=(45, 45))}
{'bond-orders': array([[0.00000000e+00, 3.04055322e-01, 2.08677474e-02, ...,
        1.10416161e-04, 3.18799053e-05, 1.24735310e-03],
       [3.04055322e-01, 0.00000000e+00, 2.10440766e-02, ...,
        1.29515558e-05, 2.69389591e-06, 8.35418681e-04],
       [2.08677474e-02, 2.10440766e-02, 0.00000000e+00, ...,
        8.55145468e-05, 1.33193585e-04, 2.47693598e-03],
       ...,
       [1.10416161e-04, 1.29515558e-05, 8.55145468e-05, ...,
        0.00000000e+00, 3.85041540e-03, 1.76997361e-02],
       [3.18799053e-05, 2.69389591e-06, 1.33193585e-04, ...,
        3.85041540e-03, 0.00000000e+00, 1.95695101e-02],
       [1.24735310e-03, 8.35418681e-04, 2.47693598e-03, ...,
        1.76997361e-02, 1.95695101e-02, 0.00000000e+00]], shape=(45, 45)), 'molecular-dipole': array([0.43146512, 1.28116118, 0.72101111])}
{'bond-orders': array([[0.00000000e+00, 3.04055322e-01, 2.08677474e-02, ...,
        1.10416161e-04, 3.18799053e-05, 1.24735310e-03],
       [3.04055322e-01, 0.00000000e+00, 2.10440766e-02, ...,
        1.29515558e-05, 2.69389591e-06, 8.35418681e-04],
       [2.08677474e-02, 2.10440766e-02, 0.00000000e+00, ...,
        8.55145468e-05, 1.33193585e-04, 2.47693598e-03],
       ...,
       [1.10416161e-04, 1.29515558e-05, 8.55145468e-05, ...,
        0.00000000e+00, 3.85041540e-03, 1.76997361e-02],
       [3.18799053e-05, 2.69389591e-06, 1.33193585e-04, ...,
        3.85041540e-03, 0.00000000e+00, 1.95695101e-02],
       [1.24735310e-03, 8.35418681e-04, 2.47693598e-03, ...,
        1.76997361e-02, 1.95695101e-02, 0.00000000e+00]], shape=(45, 45)), 'molecular-dipole': array([0.43146512, 1.28116118, 0.72101111]), 'molecular-quadrupole': array([-47.87465707, 101.69838055, -36.66694711, 115.58423394,
       175.55383665,  84.54160418])}
------------------------------------------------------------
  cycle        total energy    energy error   density error
------------------------------------------------------------
      1     -163.5481961025  -1.6330859E+02   4.6721865E-03
      2     -163.5441913221   4.0047804E-03   7.3864729E-03
      3     -163.5337038449   1.0487477E-02   8.4689697E-03
      4     -163.5072612347   2.6442610E-02   1.1802380E-02
      5     -163.5467763302  -3.9515095E-02   3.0833329E-03
      6     -163.5485537686  -1.7774384E-03   1.2941119E-03
      7     -163.5486293929  -7.5624303E-05   5.6505291E-04
      8     -163.5486285287   8.6416375E-07   4.4106918E-04
      9     -163.5486357176  -7.1888553E-06   2.8400190E-04
     10     -163.5486414030  -5.6854631E-06   1.5464358E-04
     11     -163.5486447980  -3.3949574E-06   8.4798695E-05
     12     -163.5486463491  -1.5510854E-06   3.1010947E-05
     13     -163.5486464550  -1.0593629E-07   1.1014756E-05
------------------------------------------------------------

 total:                                  12.503 sec
3
{'bond-orders': array([[0.00000000e+00, 3.04098179e-01, 2.06531552e-02, ...,
        1.20860283e-04, 4.02807000e-05, 1.24296859e-03],
       [3.04098179e-01, 0.00000000e+00, 2.09795260e-02, ...,
        2.35280597e-05, 8.03103892e-06, 8.66385012e-04],
       [2.06531552e-02, 2.09795260e-02, 0.00000000e+00, ...,
        1.09930724e-04, 1.58149142e-04, 2.52782782e-03],
       ...,
       [1.20860283e-04, 2.35280597e-05, 1.09930724e-04, ...,
        0.00000000e+00, 4.36966860e-03, 2.08632680e-02],
       [4.02807000e-05, 8.03103892e-06, 1.58149142e-04, ...,
        4.36966860e-03, 0.00000000e+00, 2.27368767e-02],
       [1.24296859e-03, 8.66385012e-04, 2.52782782e-03, ...,
        2.08632680e-02, 2.27368767e-02, 0.00000000e+00]], shape=(45, 45))}
{'bond-orders': array([[0.00000000e+00, 3.04098179e-01, 2.06531552e-02, ...,
        1.20860283e-04, 4.02807000e-05, 1.24296859e-03],
       [3.04098179e-01, 0.00000000e+00, 2.09795260e-02, ...,
        2.35280597e-05, 8.03103892e-06, 8.66385012e-04],
       [2.06531552e-02, 2.09795260e-02, 0.00000000e+00, ...,
        1.09930724e-04, 1.58149142e-04, 2.52782782e-03],
       ...,
       [1.20860283e-04, 2.35280597e-05, 1.09930724e-04, ...,
        0.00000000e+00, 4.36966860e-03, 2.08632680e-02],
       [4.02807000e-05, 8.03103892e-06, 1.58149142e-04, ...,
        4.36966860e-03, 0.00000000e+00, 2.27368767e-02],
       [1.24296859e-03, 8.66385012e-04, 2.52782782e-03, ...,
        2.08632680e-02, 2.27368767e-02, 0.00000000e+00]], shape=(45, 45)), 'molecular-dipole': array([0.47214211, 1.36786218, 0.59178255])}
{'bond-orders': array([[0.00000000e+00, 3.04098179e-01, 2.06531552e-02, ...,
        1.20860283e-04, 4.02807000e-05, 1.24296859e-03],
       [3.04098179e-01, 0.00000000e+00, 2.09795260e-02, ...,
        2.35280597e-05, 8.03103892e-06, 8.66385012e-04],
       [2.06531552e-02, 2.09795260e-02, 0.00000000e+00, ...,
        1.09930724e-04, 1.58149142e-04, 2.52782782e-03],
       ...,
       [1.20860283e-04, 2.35280597e-05, 1.09930724e-04, ...,
        0.00000000e+00, 4.36966860e-03, 2.08632680e-02],
       [4.02807000e-05, 8.03103892e-06, 1.58149142e-04, ...,
        4.36966860e-03, 0.00000000e+00, 2.27368767e-02],
       [1.24296859e-03, 8.66385012e-04, 2.52782782e-03, ...,
        2.08632680e-02, 2.27368767e-02, 0.00000000e+00]], shape=(45, 45)), 'molecular-dipole': array([0.47214211, 1.36786218, 0.59178255]), 'molecular-quadrupole': array([-41.59011453, 106.48433754, -31.26919344, 115.1020079 ,
       184.0590132 ,  72.85930797])}
------------------------------------------------------------
  cycle        total energy    energy error   density error
------------------------------------------------------------
      1     -163.5496227825  -1.6331114E+02   1.7064479E-03
      2     -163.5485325090   1.0902735E-03   3.5250351E-03
      3     -163.5459630621   2.5694469E-03   3.7880062E-03
      4     -163.5470193187  -1.0562566E-03   3.0963365E-03
      5     -163.5495464166  -2.5270979E-03   1.0102744E-03
      6     -163.5496908633  -1.4444672E-04   6.1606071E-04
      7     -163.5497165437  -2.5680332E-05   2.7841194E-04
      8     -163.5497210090  -4.4653728E-06   1.5222268E-04
      9     -163.5497232764  -2.2673700E-06   8.2971648E-05
     10     -163.5497238229  -5.4649678E-07   3.4503739E-05
     11     -163.5497238899  -6.7050706E-08   1.5195667E-05
------------------------------------------------------------

 total:                                  11.921 sec
3
{'bond-orders': array([[0.00000000e+00, 3.04053186e-01, 2.05662619e-02, ...,
        1.24636452e-04, 3.89961718e-05, 1.24591119e-03],
       [3.04053186e-01, 0.00000000e+00, 2.09463979e-02, ...,
        2.50490337e-05, 8.70689284e-06, 8.83427205e-04],
       [2.05662619e-02, 2.09463979e-02, 0.00000000e+00, ...,
        1.14436434e-04, 1.62140854e-04, 2.56032989e-03],
       ...,
       [1.24636452e-04, 2.50490337e-05, 1.14436434e-04, ...,
        0.00000000e+00, 4.49832232e-03, 2.11214969e-02],
       [3.89961718e-05, 8.70689284e-06, 1.62140854e-04, ...,
        4.49832232e-03, 0.00000000e+00, 2.32777933e-02],
       [1.24591119e-03, 8.83427205e-04, 2.56032989e-03, ...,
        2.11214969e-02, 2.32777933e-02, 0.00000000e+00]], shape=(45, 45))}
{'bond-orders': array([[0.00000000e+00, 3.04053186e-01, 2.05662619e-02, ...,
        1.24636452e-04, 3.89961718e-05, 1.24591119e-03],
       [3.04053186e-01, 0.00000000e+00, 2.09463979e-02, ...,
        2.50490337e-05, 8.70689284e-06, 8.83427205e-04],
       [2.05662619e-02, 2.09463979e-02, 0.00000000e+00, ...,
        1.14436434e-04, 1.62140854e-04, 2.56032989e-03],
       ...,
       [1.24636452e-04, 2.50490337e-05, 1.14436434e-04, ...,
        0.00000000e+00, 4.49832232e-03, 2.11214969e-02],
       [3.89961718e-05, 8.70689284e-06, 1.62140854e-04, ...,
        4.49832232e-03, 0.00000000e+00, 2.32777933e-02],
       [1.24591119e-03, 8.83427205e-04, 2.56032989e-03, ...,
        2.11214969e-02, 2.32777933e-02, 0.00000000e+00]], shape=(45, 45)), 'molecular-dipole': array([0.48171869, 1.39676382, 0.5412556 ])}
{'bond-orders': array([[0.00000000e+00, 3.04053186e-01, 2.05662619e-02, ...,
        1.24636452e-04, 3.89961718e-05, 1.24591119e-03],
       [3.04053186e-01, 0.00000000e+00, 2.09463979e-02, ...,
        2.50490337e-05, 8.70689284e-06, 8.83427205e-04],
       [2.05662619e-02, 2.09463979e-02, 0.00000000e+00, ...,
        1.14436434e-04, 1.62140854e-04, 2.56032989e-03],
       ...,
       [1.24636452e-04, 2.50490337e-05, 1.14436434e-04, ...,
        0.00000000e+00, 4.49832232e-03, 2.11214969e-02],
       [3.89961718e-05, 8.70689284e-06, 1.62140854e-04, ...,
        4.49832232e-03, 0.00000000e+00, 2.32777933e-02],
       [1.24591119e-03, 8.83427205e-04, 2.56032989e-03, ...,
        2.11214969e-02, 2.32777933e-02, 0.00000000e+00]], shape=(45, 45)), 'molecular-dipole': array([0.48171869, 1.39676382, 0.5412556 ]), 'molecular-quadrupole': array([-39.2925455 , 107.88343823, -29.25868742, 114.05068811,
       186.64701519,  68.55123292])}
------------------------------------------------------------
  cycle        total energy    energy error   density error
------------------------------------------------------------
      1     -163.5516723142  -1.6331431E+02   4.4241025E-03
      2     -163.5479942927   3.6780215E-03   8.4223496E-03
      3     -163.5492623367  -1.2680440E-03   5.2535895E-03
      4     -163.5405121789   8.7501578E-03   6.2622245E-03
      5     -163.5460507406  -5.5385617E-03   4.7981982E-03
      6     -163.5522329868  -6.1822462E-03   1.5253106E-03
      7     -163.5523220841  -8.9097271E-05   8.5674001E-04
      8     -163.5523711302  -4.9046147E-05   4.7871112E-04
      9     -163.5523904969  -1.9366688E-05   1.9857756E-04
     10     -163.5523933683  -2.8714257E-06   6.3776747E-05
     11     -163.5523935315  -1.6313152E-07   3.2506543E-05
     12     -163.5523935643  -3.2866211E-08   2.0778625E-05
     13     -163.5523935844  -2.0060412E-08   8.3195564E-06
------------------------------------------------------------

 total:                                  12.538 sec
3
{'bond-orders': array([[0.00000000e+00, 3.03980322e-01, 2.04430684e-02, ...,
        1.31871141e-04, 3.00483750e-05, 1.27041496e-03],
       [3.03980322e-01, 0.00000000e+00, 2.08618829e-02, ...,
        2.30154339e-05, 7.92713590e-06, 9.30005170e-04],
       [2.04430684e-02, 2.08618829e-02, 0.00000000e+00, ...,
        1.14908022e-04, 1.61020174e-04, 2.65358326e-03],
       ...,
       [1.31871141e-04, 2.30154339e-05, 1.14908022e-04, ...,
        0.00000000e+00, 4.70541258e-03, 2.02494776e-02],
       [3.00483750e-05, 7.92713590e-06, 1.61020174e-04, ...,
        4.70541258e-03, 0.00000000e+00, 2.34676078e-02],
       [1.27041496e-03, 9.30005170e-04, 2.65358326e-03, ...,
        2.02494776e-02, 2.34676078e-02, 0.00000000e+00]], shape=(45, 45))}
{'bond-orders': array([[0.00000000e+00, 3.03980322e-01, 2.04430684e-02, ...,
        1.31871141e-04, 3.00483750e-05, 1.27041496e-03],
       [3.03980322e-01, 0.00000000e+00, 2.08618829e-02, ...,
        2.30154339e-05, 7.92713590e-06, 9.30005170e-04],
       [2.04430684e-02, 2.08618829e-02, 0.00000000e+00, ...,
        1.14908022e-04, 1.61020174e-04, 2.65358326e-03],
       ...,
       [1.31871141e-04, 2.30154339e-05, 1.14908022e-04, ...,
        0.00000000e+00, 4.70541258e-03, 2.02494776e-02],
       [3.00483750e-05, 7.92713590e-06, 1.61020174e-04, ...,
        4.70541258e-03, 0.00000000e+00, 2.34676078e-02],
       [1.27041496e-03, 9.30005170e-04, 2.65358326e-03, ...,
        2.02494776e-02, 2.34676078e-02, 0.00000000e+00]], shape=(45, 45)), 'molecular-dipole': array([0.49867186, 1.45605751, 0.43318678])}
{'bond-orders': array([[0.00000000e+00, 3.03980322e-01, 2.04430684e-02, ...,
        1.31871141e-04, 3.00483750e-05, 1.27041496e-03],
       [3.03980322e-01, 0.00000000e+00, 2.08618829e-02, ...,
        2.30154339e-05, 7.92713590e-06, 9.30005170e-04],
       [2.04430684e-02, 2.08618829e-02, 0.00000000e+00, ...,
        1.14908022e-04, 1.61020174e-04, 2.65358326e-03],
       ...,
       [1.31871141e-04, 2.30154339e-05, 1.14908022e-04, ...,
        0.00000000e+00, 4.70541258e-03, 2.02494776e-02],
       [3.00483750e-05, 7.92713590e-06, 1.61020174e-04, ...,
        4.70541258e-03, 0.00000000e+00, 2.34676078e-02],
       [1.27041496e-03, 9.30005170e-04, 2.65358326e-03, ...,
        2.02494776e-02, 2.34676078e-02, 0.00000000e+00]], shape=(45, 45)), 'molecular-dipole': array([0.49867186, 1.45605751, 0.43318678]), 'molecular-quadrupole': array([-34.23841094, 110.41698697, -25.18809555, 110.93456315,
       191.92599639,  59.42650648])}
------------------------------------------------------------
  cycle        total energy    energy error   density error
------------------------------------------------------------
      1     -163.5536023988  -1.6331464E+02   2.4968330E-03
      2     -163.5512757668   2.3266320E-03   4.7664098E-03
      3     -163.5402329160   1.1042851E-02   6.8817365E-03
      4     -163.5504513247  -1.0218409E-02   3.5571868E-03
      5     -163.5535331567  -3.0818320E-03   1.5533526E-03
      6     -163.5537646891  -2.3153239E-04   9.4837401E-04
      7     -163.5538218722  -5.7183093E-05   5.2206166E-04
      8     -163.5538338252  -1.1953021E-05   3.1972428E-04
      9     -163.5538397198  -5.8945824E-06   1.3598649E-04
     10     -163.5538404741  -7.5430708E-07   5.6585615E-05
     11     -163.5538406467  -1.7257668E-07   3.0883145E-05
     12     -163.5538407415  -9.4852595E-08   1.4226540E-05
------------------------------------------------------------

 total:                                  12.246 sec
3
{'bond-orders': array([[0.00000000e+00, 3.04034837e-01, 2.05063957e-02, ...,
        1.31643385e-04, 2.54662334e-05, 1.28874981e-03],
       [3.04034837e-01, 0.00000000e+00, 2.08377108e-02, ...,
        1.90948515e-05, 7.11595216e-06, 9.50073888e-04],
       [2.05063957e-02, 2.08377108e-02, 0.00000000e+00, ...,
        1.10290214e-04, 1.54761048e-04, 2.68229090e-03],
       ...,
       [1.31643385e-04, 1.90948515e-05, 1.10290214e-04, ...,
        0.00000000e+00, 4.79376149e-03, 1.94845150e-02],
       [2.54662334e-05, 7.11595216e-06, 1.54761048e-04, ...,
        4.79376149e-03, 0.00000000e+00, 2.32971656e-02],
       [1.28874981e-03, 9.50073888e-04, 2.68229090e-03, ...,
        1.94845150e-02, 2.32971656e-02, 0.00000000e+00]], shape=(45, 45))}
{'bond-orders': array([[0.00000000e+00, 3.04034837e-01, 2.05063957e-02, ...,
        1.31643385e-04, 2.54662334e-05, 1.28874981e-03],
       [3.04034837e-01, 0.00000000e+00, 2.08377108e-02, ...,
        1.90948515e-05, 7.11595216e-06, 9.50073888e-04],
       [2.05063957e-02, 2.08377108e-02, 0.00000000e+00, ...,
        1.10290214e-04, 1.54761048e-04, 2.68229090e-03],
       ...,
       [1.31643385e-04, 1.90948515e-05, 1.10290214e-04, ...,
        0.00000000e+00, 4.79376149e-03, 1.94845150e-02],
       [2.54662334e-05, 7.11595216e-06, 1.54761048e-04, ...,
        4.79376149e-03, 0.00000000e+00, 2.32971656e-02],
       [1.28874981e-03, 9.50073888e-04, 2.68229090e-03, ...,
        1.94845150e-02, 2.32971656e-02, 0.00000000e+00]], shape=(45, 45)), 'molecular-dipole': array([0.50135354, 1.48772709, 0.37654614])}
{'bond-orders': array([[0.00000000e+00, 3.04034837e-01, 2.05063957e-02, ...,
        1.31643385e-04, 2.54662334e-05, 1.28874981e-03],
       [3.04034837e-01, 0.00000000e+00, 2.08377108e-02, ...,
        1.90948515e-05, 7.11595216e-06, 9.50073888e-04],
       [2.05063957e-02, 2.08377108e-02, 0.00000000e+00, ...,
        1.10290214e-04, 1.54761048e-04, 2.68229090e-03],
       ...,
       [1.31643385e-04, 1.90948515e-05, 1.10290214e-04, ...,
        0.00000000e+00, 4.79376149e-03, 1.94845150e-02],
       [2.54662334e-05, 7.11595216e-06, 1.54761048e-04, ...,
        4.79376149e-03, 0.00000000e+00, 2.32971656e-02],
       [1.28874981e-03, 9.50073888e-04, 2.68229090e-03, ...,
        1.94845150e-02, 2.32971656e-02, 0.00000000e+00]], shape=(45, 45)), 'molecular-dipole': array([0.50135354, 1.48772709, 0.37654614]), 'molecular-quadrupole': array([-31.71168965, 111.59956995, -23.02909381, 108.54430314,
       194.76861505,  54.74078346])}
------------------------------------------------------------
  cycle        total energy    energy error   density error
------------------------------------------------------------
      1     -163.5552111688  -1.6331302E+02   2.6138512E-03
      2     -163.5436138691   1.1597300E-02   7.1319195E-03
      3     -163.5255233699   1.8090499E-02   9.9812277E-03
      4     -163.5544271621  -2.8903792E-02   2.4521659E-03
      5     -163.5553951785  -9.6801645E-04   1.4360211E-03
      6     -163.5554605935  -6.5414992E-05   1.0753079E-03
      7     -163.5555185132  -5.7919719E-05   5.7248752E-04
      8     -163.5555293860  -1.0872744E-05   3.6259985E-04
      9     -163.5555369132  -7.5271968E-06   1.4442194E-04
     10     -163.5555383355  -1.4223777E-06   4.6114773E-05
     11     -163.5555384242  -8.8626763E-08   2.3799633E-05
     12     -163.5555384556  -3.1456295E-08   1.0316028E-05
------------------------------------------------------------

 total:                                  12.246 sec
3
{'bond-orders': array([[0.00000000e+00, 3.04211902e-01, 2.06830384e-02, ...,
        1.26606701e-04, 2.28654218e-05, 1.30020348e-03],
       [3.04211902e-01, 0.00000000e+00, 2.08363017e-02, ...,
        1.45913597e-05, 6.80932709e-06, 9.64622587e-04],
       [2.06830384e-02, 2.08363017e-02, 0.00000000e+00, ...,
        1.05210756e-04, 1.45074081e-04, 2.67302152e-03],
       ...,
       [1.26606701e-04, 1.45913597e-05, 1.05210756e-04, ...,
        0.00000000e+00, 4.92441906e-03, 1.90305222e-02],
       [2.28654218e-05, 6.80932709e-06, 1.45074081e-04, ...,
        4.92441906e-03, 0.00000000e+00, 2.33099194e-02],
       [1.30020348e-03, 9.64622587e-04, 2.67302152e-03, ...,
        1.90305222e-02, 2.33099194e-02, 0.00000000e+00]], shape=(45, 45))}
{'bond-orders': array([[0.00000000e+00, 3.04211902e-01, 2.06830384e-02, ...,
        1.26606701e-04, 2.28654218e-05, 1.30020348e-03],
       [3.04211902e-01, 0.00000000e+00, 2.08363017e-02, ...,
        1.45913597e-05, 6.80932709e-06, 9.64622587e-04],
       [2.06830384e-02, 2.08363017e-02, 0.00000000e+00, ...,
        1.05210756e-04, 1.45074081e-04, 2.67302152e-03],
       ...,
       [1.26606701e-04, 1.45913597e-05, 1.05210756e-04, ...,
        0.00000000e+00, 4.92441906e-03, 1.90305222e-02],
       [2.28654218e-05, 6.80932709e-06, 1.45074081e-04, ...,
        4.92441906e-03, 0.00000000e+00, 2.33099194e-02],
       [1.30020348e-03, 9.64622587e-04, 2.67302152e-03, ...,
        1.90305222e-02, 2.33099194e-02, 0.00000000e+00]], shape=(45, 45)), 'molecular-dipole': array([0.51062308, 1.53677385, 0.3008061 ])}
{'bond-orders': array([[0.00000000e+00, 3.04211902e-01, 2.06830384e-02, ...,
        1.26606701e-04, 2.28654218e-05, 1.30020348e-03],
       [3.04211902e-01, 0.00000000e+00, 2.08363017e-02, ...,
        1.45913597e-05, 6.80932709e-06, 9.64622587e-04],
       [2.06830384e-02, 2.08363017e-02, 0.00000000e+00, ...,
        1.05210756e-04, 1.45074081e-04, 2.67302152e-03],
       ...,
       [1.26606701e-04, 1.45913597e-05, 1.05210756e-04, ...,
        0.00000000e+00, 4.92441906e-03, 1.90305222e-02],
       [2.28654218e-05, 6.80932709e-06, 1.45074081e-04, ...,
        4.92441906e-03, 0.00000000e+00, 2.33099194e-02],
       [1.30020348e-03, 9.64622587e-04, 2.67302152e-03, ...,
        1.90305222e-02, 2.33099194e-02, 0.00000000e+00]], shape=(45, 45)), 'molecular-dipole': array([0.51062308, 1.53677385, 0.3008061 ]), 'molecular-quadrupole': array([-28.28027223, 113.81497706, -20.09760617, 105.98241176,
       199.17031486,  48.37787839])}
------------------------------------------------------------
  cycle        total energy    energy error   density error
------------------------------------------------------------
      1     -163.5570665770  -1.6331172E+02   2.3374668E-03
      2     -163.5537470324   3.3195446E-03   4.8291404E-03
      3     -163.5377502117   1.5996821E-02   8.0465525E-03
      4     -163.5554564733  -1.7706262E-02   2.7554463E-03
      5     -163.5572242257  -1.7677523E-03   1.1401025E-03
      6     -163.5572465984  -2.2372736E-05   9.7320809E-04
      7     -163.5572798834  -3.3285020E-05   5.1225016E-04
      8     -163.5572879362  -8.0527686E-06   3.1465459E-04
      9     -163.5572956293  -7.6931508E-06   1.4794142E-04
     10     -163.5572988778  -3.2484198E-06   5.5910388E-05
     11     -163.5572992975  -4.1971163E-07   3.4108120E-05
     12     -163.5572994716  -1.7411705E-07   1.9087885E-05
------------------------------------------------------------

 total:                                  12.234 sec
3
{'bond-orders': array([[0.00000000e+00, 3.04424457e-01, 2.08749683e-02, ...,
        1.17905466e-04, 2.29057432e-05, 1.29713010e-03],
       [3.04424457e-01, 0.00000000e+00, 2.08304528e-02, ...,
        1.15205731e-05, 7.22265508e-06, 9.74245659e-04],
       [2.08749683e-02, 2.08304528e-02, 0.00000000e+00, ...,
        1.02276128e-04, 1.36418767e-04, 2.63418860e-03],
       ...,
       [1.17905466e-04, 1.15205731e-05, 1.02276128e-04, ...,
        0.00000000e+00, 5.09827335e-03, 1.91650014e-02],
       [2.29057432e-05, 7.22265508e-06, 1.36418767e-04, ...,
        5.09827335e-03, 0.00000000e+00, 2.36799848e-02],
       [1.29713010e-03, 9.74245659e-04, 2.63418860e-03, ...,
        1.91650014e-02, 2.36799848e-02, 0.00000000e+00]], shape=(45, 45))}
{'bond-orders': array([[0.00000000e+00, 3.04424457e-01, 2.08749683e-02, ...,
        1.17905466e-04, 2.29057432e-05, 1.29713010e-03],
       [3.04424457e-01, 0.00000000e+00, 2.08304528e-02, ...,
        1.15205731e-05, 7.22265508e-06, 9.74245659e-04],
       [2.08749683e-02, 2.08304528e-02, 0.00000000e+00, ...,
        1.02276128e-04, 1.36418767e-04, 2.63418860e-03],
       ...,
       [1.17905466e-04, 1.15205731e-05, 1.02276128e-04, ...,
        0.00000000e+00, 5.09827335e-03, 1.91650014e-02],
       [2.29057432e-05, 7.22265508e-06, 1.36418767e-04, ...,
        5.09827335e-03, 0.00000000e+00, 2.36799848e-02],
       [1.29713010e-03, 9.74245659e-04, 2.63418860e-03, ...,
        1.91650014e-02, 2.36799848e-02, 0.00000000e+00]], shape=(45, 45)), 'molecular-dipole': array([0.52647677, 1.60009621, 0.21564794])}
{'bond-orders': array([[0.00000000e+00, 3.04424457e-01, 2.08749683e-02, ...,
        1.17905466e-04, 2.29057432e-05, 1.29713010e-03],
       [3.04424457e-01, 0.00000000e+00, 2.08304528e-02, ...,
        1.15205731e-05, 7.22265508e-06, 9.74245659e-04],
       [2.08749683e-02, 2.08304528e-02, 0.00000000e+00, ...,
        1.02276128e-04, 1.36418767e-04, 2.63418860e-03],
       ...,
       [1.17905466e-04, 1.15205731e-05, 1.02276128e-04, ...,
        0.00000000e+00, 5.09827335e-03, 1.91650014e-02],
       [2.29057432e-05, 7.22265508e-06, 1.36418767e-04, ...,
        5.09827335e-03, 0.00000000e+00, 2.36799848e-02],
       [1.29713010e-03, 9.74245659e-04, 2.63418860e-03, ...,
        1.91650014e-02, 2.36799848e-02, 0.00000000e+00]], shape=(45, 45)), 'molecular-dipole': array([0.52647677, 1.60009621, 0.21564794]), 'molecular-quadrupole': array([-24.33678616, 116.93790211, -16.71240777, 103.89172421,
       205.17478343,  41.04919393])}
------------------------------------------------------------
  cycle        total energy    energy error   density error
------------------------------------------------------------
      1     -163.5587718529  -1.6331153E+02   2.2548722E-03
      2     -163.5562911805   2.4806724E-03   4.6549558E-03
      3     -163.5432420816   1.3049099E-02   7.2008071E-03
      4     -163.5586219598  -1.5379878E-02   1.8257554E-03
      5     -163.5587388267  -1.1686689E-04   1.2076223E-03
      6     -163.5589307813  -1.9195457E-04   8.5515121E-04
      7     -163.5589655204  -3.4739158E-05   3.4317109E-04
      8     -163.5589649396   5.8083990E-07   2.3542147E-04
      9     -163.5589695247  -4.5850646E-06   1.4134816E-04
     10     -163.5589723291  -2.8044197E-06   6.4113404E-05
     11     -163.5589729387  -6.0965155E-07   3.2721038E-05
     12     -163.5589731367  -1.9798497E-07   9.2244447E-06
------------------------------------------------------------

 total:                                  12.203 sec
3
{'bond-orders': array([[0.00000000e+00, 3.04592253e-01, 2.10002218e-02, ...,
        1.07833390e-04, 2.56025187e-05, 1.28715128e-03],
       [3.04592253e-01, 0.00000000e+00, 2.07857317e-02, ...,
        1.03423981e-05, 8.42716960e-06, 9.82987161e-04],
       [2.10002218e-02, 2.07857317e-02, 0.00000000e+00, ...,
        1.02395461e-04, 1.33176694e-04, 2.59474040e-03],
       ...,
       [1.07833390e-04, 1.03423981e-05, 1.02395461e-04, ...,
        0.00000000e+00, 5.29587104e-03, 1.98675257e-02],
       [2.56025187e-05, 8.42716960e-06, 1.33176694e-04, ...,
        5.29587104e-03, 0.00000000e+00, 2.43485801e-02],
       [1.28715128e-03, 9.82987161e-04, 2.59474040e-03, ...,
        1.98675257e-02, 2.43485801e-02, 0.00000000e+00]], shape=(45, 45))}
{'bond-orders': array([[0.00000000e+00, 3.04592253e-01, 2.10002218e-02, ...,
        1.07833390e-04, 2.56025187e-05, 1.28715128e-03],
       [3.04592253e-01, 0.00000000e+00, 2.07857317e-02, ...,
        1.03423981e-05, 8.42716960e-06, 9.82987161e-04],
       [2.10002218e-02, 2.07857317e-02, 0.00000000e+00, ...,
        1.02395461e-04, 1.33176694e-04, 2.59474040e-03],
       ...,
       [1.07833390e-04, 1.03423981e-05, 1.02395461e-04, ...,
        0.00000000e+00, 5.29587104e-03, 1.98675257e-02],
       [2.56025187e-05, 8.42716960e-06, 1.33176694e-04, ...,
        5.29587104e-03, 0.00000000e+00, 2.43485801e-02],
       [1.28715128e-03, 9.82987161e-04, 2.59474040e-03, ...,
        1.98675257e-02, 2.43485801e-02, 0.00000000e+00]], shape=(45, 45)), 'molecular-dipole': array([0.55554575, 1.68291601, 0.13553219])}
{'bond-orders': array([[0.00000000e+00, 3.04592253e-01, 2.10002218e-02, ...,
        1.07833390e-04, 2.56025187e-05, 1.28715128e-03],
       [3.04592253e-01, 0.00000000e+00, 2.07857317e-02, ...,
        1.03423981e-05, 8.42716960e-06, 9.82987161e-04],
       [2.10002218e-02, 2.07857317e-02, 0.00000000e+00, ...,
        1.02395461e-04, 1.33176694e-04, 2.59474040e-03],
       ...,
       [1.07833390e-04, 1.03423981e-05, 1.02395461e-04, ...,
        0.00000000e+00, 5.29587104e-03, 1.98675257e-02],
       [2.56025187e-05, 8.42716960e-06, 1.33176694e-04, ...,
        5.29587104e-03, 0.00000000e+00, 2.43485801e-02],
       [1.28715128e-03, 9.82987161e-04, 2.59474040e-03, ...,
        1.98675257e-02, 2.43485801e-02, 0.00000000e+00]], shape=(45, 45)), 'molecular-dipole': array([0.55554575, 1.68291601, 0.13553219]), 'molecular-quadrupole': array([-20.2032837 , 121.40899421, -13.36656948, 103.67602593,
       213.76704127,  33.56985318])}
------------------------------------------------------------
  cycle        total energy    energy error   density error
------------------------------------------------------------
      1     -163.5599458367  -1.6331332E+02   1.6214886E-03
      2     -163.5591225797   8.2325701E-04   2.8626385E-03
      3     -163.5544089210   4.7136587E-03   4.4093113E-03
      4     -163.5584892336  -4.0803126E-03   2.4095179E-03
      5     -163.5599780480  -1.4888144E-03   8.5080352E-04
      6     -163.5600104617  -3.2413699E-05   6.2562248E-04
      7     -163.5600291455  -1.8683852E-05   2.4248242E-04
      8     -163.5600301874  -1.0418981E-06   1.6340473E-04
      9     -163.5600334871  -3.2996414E-06   1.0171581E-04
     10     -163.5600348483  -1.3612400E-06   4.4316293E-05
     11     -163.5600350171  -1.6877607E-07   1.8859499E-05
------------------------------------------------------------

 total:                                  11.935 sec
3
{'bond-orders': array([[0.00000000e+00, 3.04636488e-01, 2.10141807e-02, ...,
        1.01520560e-04, 3.00656660e-05, 1.28846800e-03],
       [3.04636488e-01, 0.00000000e+00, 2.07158162e-02, ...,
        1.09116534e-05, 1.01304267e-05, 9.92005302e-04],
       [2.10141807e-02, 2.07158162e-02, 0.00000000e+00, ...,
        1.05466542e-04, 1.37931116e-04, 2.58715058e-03],
       ...,
       [1.01520560e-04, 1.09116534e-05, 1.05466542e-04, ...,
        0.00000000e+00, 5.39404491e-03, 2.06813781e-02],
       [3.00656660e-05, 1.01304267e-05, 1.37931116e-04, ...,
        5.39404491e-03, 0.00000000e+00, 2.48356841e-02],
       [1.28846800e-03, 9.92005302e-04, 2.58715058e-03, ...,
        2.06813781e-02, 2.48356841e-02, 0.00000000e+00]], shape=(45, 45))}
{'bond-orders': array([[0.00000000e+00, 3.04636488e-01, 2.10141807e-02, ...,
        1.01520560e-04, 3.00656660e-05, 1.28846800e-03],
       [3.04636488e-01, 0.00000000e+00, 2.07158162e-02, ...,
        1.09116534e-05, 1.01304267e-05, 9.92005302e-04],
       [2.10141807e-02, 2.07158162e-02, 0.00000000e+00, ...,
        1.05466542e-04, 1.37931116e-04, 2.58715058e-03],
       ...,
       [1.01520560e-04, 1.09116534e-05, 1.05466542e-04, ...,
        0.00000000e+00, 5.39404491e-03, 2.06813781e-02],
       [3.00656660e-05, 1.01304267e-05, 1.37931116e-04, ...,
        5.39404491e-03, 0.00000000e+00, 2.48356841e-02],
       [1.28846800e-03, 9.92005302e-04, 2.58715058e-03, ...,
        2.06813781e-02, 2.48356841e-02, 0.00000000e+00]], shape=(45, 45)), 'molecular-dipole': array([0.57651013, 1.74589394, 0.06857145])}
{'bond-orders': array([[0.00000000e+00, 3.04636488e-01, 2.10141807e-02, ...,
        1.01520560e-04, 3.00656660e-05, 1.28846800e-03],
       [3.04636488e-01, 0.00000000e+00, 2.07158162e-02, ...,
        1.09116534e-05, 1.01304267e-05, 9.92005302e-04],
       [2.10141807e-02, 2.07158162e-02, 0.00000000e+00, ...,
        1.05466542e-04, 1.37931116e-04, 2.58715058e-03],
       ...,
       [1.01520560e-04, 1.09116534e-05, 1.05466542e-04, ...,
        0.00000000e+00, 5.39404491e-03, 2.06813781e-02],
       [3.00656660e-05, 1.01304267e-05, 1.37931116e-04, ...,
        5.39404491e-03, 0.00000000e+00, 2.48356841e-02],
       [1.28846800e-03, 9.92005302e-04, 2.58715058e-03, ...,
        2.06813781e-02, 2.48356841e-02, 0.00000000e+00]], shape=(45, 45)), 'molecular-dipole': array([0.57651013, 1.74589394, 0.06857145]), 'molecular-quadrupole': array([-16.96590007, 124.70551428, -10.52294637, 103.45521139,
       220.33781991,  27.48884644])}
------------------------------------------------------------
  cycle        total energy    energy error   density error
------------------------------------------------------------
      1     -163.5605299589  -1.6331633E+02   1.2387376E-03
      2     -163.5596255886   9.0437031E-04   2.6454539E-03
      3     -163.5562401116   3.3854770E-03   3.7653368E-03
      4     -163.5600201307  -3.7800191E-03   1.6236631E-03
      5     -163.5605440787  -5.2394800E-04   7.1154680E-04
      6     -163.5605469786  -2.8998377E-06   5.4236470E-04
      7     -163.5605723108  -2.5332287E-05   1.7987307E-04
      8     -163.5605739452  -1.6343302E-06   9.0206783E-05
      9     -163.5605747769  -8.3168879E-07   5.7062048E-05
     10     -163.5605750421  -2.6525458E-07   3.0076109E-05
     11     -163.5605750984  -5.6328076E-08   1.4527554E-05
------------------------------------------------------------

 total:                                  11.945 sec
3
{'bond-orders': array([[0.00000000e+00, 3.04625184e-01, 2.09741510e-02, ...,
        9.94914793e-05, 3.45368220e-05, 1.30726555e-03],
       [3.04625184e-01, 0.00000000e+00, 2.06533937e-02, ...,
        1.20108863e-05, 1.18003325e-05, 1.00438491e-03],
       [2.09741510e-02, 2.06533937e-02, 0.00000000e+00, ...,
        1.09162055e-04, 1.46338935e-04, 2.60877133e-03],
       ...,
