/home/ans819/.conda/envs/autoflow/lib/python3.13/site-packages/e3nn/o3/_wigner.py:10: UserWarning: Environment variable TORCH_FORCE_NO_WEIGHTS_ONLY_LOAD detected, since the`weights_only` argument was not explicitly passed to `torch.load`, forcing weights_only=False.
  _Jd, _W3j_flat, _W3j_indices = torch.load(os.path.join(os.path.dirname(__file__), 'constants.pt'))

          ==================== Thresholds ====================
          CN  :   150.00000
          rep :   500.00000
          disp:  2500.00000
          HB1 :   250.00000
          HB2 :   450.00000

          Pauling EN used:
          Z : 1  EN :  2.20
          Z : 6  EN :  2.55
          Z : 8  EN :  3.44
          Z :47  EN :  1.93
          electric field strengths (au): 0.000

           ------------------------------------------------- 
          |           Force Field Initialization            |
           ------------------------------------------------- 

          distances ...
          ----------------------------------------
          generating topology and atomic info file ...
          pair mat ...
          computing topology distances matrix with Floyd-Warshall algo ...
          making topology EEQ charges ...
          #fragments for EEQ constrain: 1
          ----------------------------------------
          generating topology and atomic info file ...
          pair mat ...
          computing topology distances matrix with Floyd-Warshall algo ...
          making topology EEQ charges ...
          #fragments for EEQ constrain: 1
          rings ...
          # BATM   3595
          # H in HB   0

  atom   neighbors  erfCN metchar sp-hybrid imet pi  qest     coordinates
    1  Ag      2    1.35   0.37         2    2    0  -0.001    3.199451    0.356229   27.077106
    2  Ag      5    3.15   0.31         0    2    0   0.016    6.689760    4.630967   27.077106
    3  Ag      9    4.27   0.07         0    2    0   0.010   15.415533    8.193249   28.670207
    4  Ag      7    3.92   0.19         0    2    0   0.014   11.925224    3.918511   28.670207
    5  Ag      7    3.92   0.19         0    2    0   0.015   20.650997    7.480793   30.263308
    6  Ag      6    3.59   0.27         0    2    0   0.015   17.160688    3.206054   30.263308
    7  Ag      9    4.27   0.07         0    2    0   0.008    8.434915    6.768336   31.856409
    8  Ag      6    3.59   0.23         0    2    0   0.018    4.944605    2.493598   31.856409
    9  Ag     12    4.39   0.01         0    2    0   0.010   13.670379    6.055880   33.449510
   10  Ag      7    3.92   0.19         0    2    0   0.021   10.180069    1.781141   33.449510
   11  Ag      9    4.27   0.07         0    2    0   0.022   18.905843    5.343423   35.042611
   12  Ag      6    3.59   0.27         0    2    0   0.030   15.415533    1.068685   35.042611
   13  Ag      8    4.14   0.11         0    2    0   0.021    6.689760    4.630967   36.635712
   14  Ag      3    2.00   0.37         2    2    0   0.013    3.199451    0.356229   36.635712
   15  Ag      9    4.22   0.11         0    2    0   0.059   11.925224    3.918511   38.228813
   16  Ag     12    4.39   0.02         0    2    0   0.065   15.415533    8.193249   38.228813
   17  Ag      6    3.59   0.30         0    2    0   0.103   17.160688    3.206054   39.821914
   18  Ag      6    3.59   0.26         0    2    0   0.029   20.650997    7.480793   39.821914
   19  Ag      3    2.00   0.37         2    2    0   0.013    4.944605    2.493598   41.415015
   20  Ag      5    3.22   0.34         0    2    0   0.026    8.434915    6.768336   41.415015
   21  Ag      6    3.59   0.26         0    2    0   0.011   10.180069    8.905705   27.077106
   22  Ag      5    3.15   0.34         0    2    0   0.012   13.670379   13.180444   27.077106
   23  Ag      4    2.61   0.38         3    2    0   0.015   22.396152   16.742726   28.670207
   24  Ag      8    4.14   0.12         0    2    0   0.014   18.905843   12.467987   28.670207
   25  Ag      3    2.00   0.39         2    2    0   0.007   27.631616   16.030269   30.263308
   26  Ag      7    3.92   0.19         0    2    0   0.013   24.141307   11.755531   30.263308
   27  Ag      6    3.59   0.27         0    2    0   0.014   15.415533   15.317813   31.856409
   28  Ag      9    4.27   0.07         0    2    0   0.006   11.925224   11.043075   31.856409
   29  Ag      9    4.27   0.07         0    2    0   0.011   20.650997   14.605357   33.449510
/home/ans819/.conda/envs/autoflow/lib/python3.13/site-packages/mace/calculators/mace.py:197: UserWarning: Environment variable TORCH_FORCE_NO_WEIGHTS_ONLY_LOAD detected, since the`weights_only` argument was not explicitly passed to `torch.load`, forcing weights_only=False.
  torch.load(f=model_path, map_location=device)
/home/ans819/.conda/envs/autoflow/lib/python3.13/site-packages/chgnet/model/model.py:898: UserWarning: Converting a tensor with requires_grad=True to a scalar may lead to unexpected behavior.
Consider using tensor.detach() first. (Triggered internally at /pytorch/torch/csrc/autograd/generated/python_variable_methods.cpp:836.)
  volumes = torch.tensor(volumes, dtype=TORCH_DTYPE, device=atomic_numbers.device)
cuequivariance or cuequivariance_torch is not available. Cuequivariance acceleration will be disabled.
------------------------------------------------------------
  cycle        total energy    energy error   density error
------------------------------------------------------------
      1     -163.1743607984  -1.6292555E+02   1.0001606E+00
      2     -162.5654832582   6.0887754E-01   6.1752977E-01
      3     -54.08753608051   1.0847795E+02   1.3473481E+00
      4     -145.7122409639  -9.1624705E+01   4.1558785E-01
      5     -19.75556528261   1.2595668E+02   8.1357203E-01
      6     -157.5145210660  -1.3775896E+02   1.8841478E-01
      7     -148.7996328667   8.7148882E+00   2.2328565E-01
      8     -162.7616200916  -1.3961987E+01   7.2113924E-02
      9     -163.4376699031  -6.7604981E-01   3.9357889E-02
     10     -163.4853502848  -4.7680382E-02   3.2458868E-02
     11     -163.4801641874   5.1860974E-03   3.0503871E-02
     12     -163.4924421713  -1.2277984E-02   2.5880765E-02
     13     -163.4985319801  -6.0898088E-03   2.0530306E-02
     14     -163.4974895102   1.0424699E-03   1.8658828E-02
     15     -163.4966671494   8.2236083E-04   1.7478412E-02
     16     -163.4972837283  -6.1657891E-04   1.5200882E-02
     17     -163.5001072616  -2.8235333E-03   1.0715471E-02
     18     -163.4999398095   1.6745209E-04   9.4513505E-03
     19     -163.5007593214  -8.1951196E-04   8.1479076E-03
     20     -163.5019305658  -1.1712444E-03   4.8815556E-03
     21     -163.5026919920  -7.6142619E-04   9.6366095E-04
     22     -163.5027031040  -1.1111992E-05   1.0149249E-03
     23     -163.5027060400  -2.9360062E-06   9.1113735E-04
     24     -163.5027089123  -2.8723256E-06   7.9933907E-04
     25     -163.5027121289  -3.2165813E-06   7.3467096E-04
     26     -163.5027139115  -1.7826013E-06   7.0606039E-04
     27     -163.5027147257  -8.1416974E-07   6.6745090E-04
     28     -163.5027182412  -3.5155508E-06   5.6341692E-04
     29     -163.5027192038  -9.6258739E-07   5.1476507E-04
     30     -163.5027221647  -2.9609128E-06   3.4895012E-04
     31     -163.5027230526  -8.8781894E-07   2.2431175E-04
     32     -163.5027235134  -4.6082076E-07   9.2203121E-05
     33     -163.5027235868  -7.3438173E-08   3.2935958E-05
     34     -163.5027235978  -1.0999941E-08   1.4986866E-05
------------------------------------------------------------

 total:                                  20.013 sec
3
{'bond-orders': array([[ 0.00000000e+00,  3.06701778e-01,  2.15691987e-02, ...,
        -3.53546132e-05,  2.43351762e-04,  1.25929575e-03],
       [ 3.06701778e-01,  0.00000000e+00,  2.10074356e-02, ...,
         1.42347916e-04,  1.64777297e-04,  1.27522416e-03],
       [ 2.15691987e-02,  2.10074356e-02,  0.00000000e+00, ...,
         2.85646351e-04,  3.77907722e-04,  3.75555347e-03],
       ...,
       [-3.53546132e-05,  1.42347916e-04,  2.85646351e-04, ...,
         0.00000000e+00,  4.26538449e-03,  2.39486558e-02],
       [ 2.43351762e-04,  1.64777297e-04,  3.77907722e-04, ...,
         4.26538449e-03,  0.00000000e+00,  2.22307315e-02],
       [ 1.25929575e-03,  1.27522416e-03,  3.75555347e-03, ...,
         2.39486558e-02,  2.22307315e-02,  0.00000000e+00]],
      shape=(45, 45))}
{'bond-orders': array([[ 0.00000000e+00,  3.06701778e-01,  2.15691987e-02, ...,
        -3.53546132e-05,  2.43351762e-04,  1.25929575e-03],
       [ 3.06701778e-01,  0.00000000e+00,  2.10074356e-02, ...,
         1.42347916e-04,  1.64777297e-04,  1.27522416e-03],
       [ 2.15691987e-02,  2.10074356e-02,  0.00000000e+00, ...,
         2.85646351e-04,  3.77907722e-04,  3.75555347e-03],
       ...,
       [-3.53546132e-05,  1.42347916e-04,  2.85646351e-04, ...,
         0.00000000e+00,  4.26538449e-03,  2.39486558e-02],
       [ 2.43351762e-04,  1.64777297e-04,  3.77907722e-04, ...,
         4.26538449e-03,  0.00000000e+00,  2.22307315e-02],
       [ 1.25929575e-03,  1.27522416e-03,  3.75555347e-03, ...,
         2.39486558e-02,  2.22307315e-02,  0.00000000e+00]],
      shape=(45, 45)), 'molecular-dipole': array([0.33792488, 2.11790754, 0.08889432])}
{'bond-orders': array([[ 0.00000000e+00,  3.06701778e-01,  2.15691987e-02, ...,
        -3.53546132e-05,  2.43351762e-04,  1.25929575e-03],
       [ 3.06701778e-01,  0.00000000e+00,  2.10074356e-02, ...,
         1.42347916e-04,  1.64777297e-04,  1.27522416e-03],
       [ 2.15691987e-02,  2.10074356e-02,  0.00000000e+00, ...,
         2.85646351e-04,  3.77907722e-04,  3.75555347e-03],
       ...,
       [-3.53546132e-05,  1.42347916e-04,  2.85646351e-04, ...,
         0.00000000e+00,  4.26538449e-03,  2.39486558e-02],
       [ 2.43351762e-04,  1.64777297e-04,  3.77907722e-04, ...,
         4.26538449e-03,  0.00000000e+00,  2.22307315e-02],
       [ 1.25929575e-03,  1.27522416e-03,  3.75555347e-03, ...,
         2.39486558e-02,  2.22307315e-02,  0.00000000e+00]],
      shape=(45, 45)), 'molecular-dipole': array([0.33792488, 2.11790754, 0.08889432]), 'molecular-quadrupole': array([-24.51342556, 137.69891574,  -7.23268292,  71.50290033,
       274.92216533,  31.74610848])}
------------------------------------------------------------
  cycle        total energy    energy error   density error
------------------------------------------------------------
      1     -163.5054782303  -1.6325816E+02   3.6098811E-03
      2     -163.5040909882   1.3872421E-03   3.0320408E-03
      3     -163.4325783170   7.1512671E-02   1.5143014E-02
      4     -163.5054847891  -7.2906472E-02   1.6432787E-03
      5     -163.5056184432  -1.3365405E-04   1.4075408E-03
      6     -163.5055212987   9.7144439E-05   1.3241926E-03
      7     -163.5056733998  -1.5210104E-04   6.2234961E-04
      8     -163.5056994674  -2.6067600E-05   3.7025233E-04
      9     -163.5057140632  -1.4595823E-05   2.1886499E-04
     10     -163.5057225543  -8.4910957E-06   1.0914223E-04
     11     -163.5057253866  -2.8323613E-06   4.2728120E-05
     12     -163.5057258273  -4.4063657E-07   1.4285655E-05
------------------------------------------------------------

 total:                                  13.189 sec
3
{'bond-orders': array([[ 0.00000000e+00,  3.06681930e-01,  2.15072803e-02, ...,
        -3.31017126e-05,  2.54147902e-04,  1.12884751e-03],
       [ 3.06681930e-01,  0.00000000e+00,  2.09799203e-02, ...,
         1.54163982e-04,  1.80936802e-04,  1.23391534e-03],
       [ 2.15072803e-02,  2.09799203e-02,  0.00000000e+00, ...,
         3.66407987e-04,  4.30438021e-04,  3.88832335e-03],
       ...,
       [-3.31017126e-05,  1.54163982e-04,  3.66407987e-04, ...,
         0.00000000e+00,  4.74418192e-03,  2.63005024e-02],
       [ 2.54147902e-04,  1.80936802e-04,  4.30438021e-04, ...,
         4.74418192e-03,  0.00000000e+00,  2.34116793e-02],
       [ 1.12884751e-03,  1.23391534e-03,  3.88832335e-03, ...,
         2.63005024e-02,  2.34116793e-02,  0.00000000e+00]],
      shape=(45, 45))}
{'bond-orders': array([[ 0.00000000e+00,  3.06681930e-01,  2.15072803e-02, ...,
        -3.31017126e-05,  2.54147902e-04,  1.12884751e-03],
       [ 3.06681930e-01,  0.00000000e+00,  2.09799203e-02, ...,
         1.54163982e-04,  1.80936802e-04,  1.23391534e-03],
       [ 2.15072803e-02,  2.09799203e-02,  0.00000000e+00, ...,
         3.66407987e-04,  4.30438021e-04,  3.88832335e-03],
       ...,
       [-3.31017126e-05,  1.54163982e-04,  3.66407987e-04, ...,
         0.00000000e+00,  4.74418192e-03,  2.63005024e-02],
       [ 2.54147902e-04,  1.80936802e-04,  4.30438021e-04, ...,
         4.74418192e-03,  0.00000000e+00,  2.34116793e-02],
       [ 1.12884751e-03,  1.23391534e-03,  3.88832335e-03, ...,
         2.63005024e-02,  2.34116793e-02,  0.00000000e+00]],
      shape=(45, 45)), 'molecular-dipole': array([0.31707259, 2.07592039, 0.10009015])}
{'bond-orders': array([[ 0.00000000e+00,  3.06681930e-01,  2.15072803e-02, ...,
        -3.31017126e-05,  2.54147902e-04,  1.12884751e-03],
       [ 3.06681930e-01,  0.00000000e+00,  2.09799203e-02, ...,
         1.54163982e-04,  1.80936802e-04,  1.23391534e-03],
       [ 2.15072803e-02,  2.09799203e-02,  0.00000000e+00, ...,
         3.66407987e-04,  4.30438021e-04,  3.88832335e-03],
       ...,
       [-3.31017126e-05,  1.54163982e-04,  3.66407987e-04, ...,
         0.00000000e+00,  4.74418192e-03,  2.63005024e-02],
       [ 2.54147902e-04,  1.80936802e-04,  4.30438021e-04, ...,
         4.74418192e-03,  0.00000000e+00,  2.34116793e-02],
       [ 1.12884751e-03,  1.23391534e-03,  3.88832335e-03, ...,
         2.63005024e-02,  2.34116793e-02,  0.00000000e+00]],
      shape=(45, 45)), 'molecular-dipole': array([0.31707259, 2.07592039, 0.10009015]), 'molecular-quadrupole': array([-25.68689623, 134.79394585,  -7.94595576,  69.8838835 ,
       269.58617226,  33.63285198])}
------------------------------------------------------------
  cycle        total energy    energy error   density error
------------------------------------------------------------
      1     -163.5081906704  -1.6326344E+02   3.4036897E-03
      2     -163.4975271969   1.0663474E-02   6.1881334E-03
      3     -163.4326076362   6.4919561E-02   1.5610193E-02
      4     -163.5082969205  -7.5689284E-02   2.0278206E-03
      5     -163.5082432245   5.3696002E-05   1.7412640E-03
      6     -163.5083469254  -1.0370088E-04   1.3930088E-03
      7     -163.5084715873  -1.2466195E-04   5.6525859E-04
      8     -163.5084868158  -1.5228479E-05   3.3746408E-04
      9     -163.5084940939  -7.2780497E-06   2.4151432E-04
     10     -163.5085052609  -1.1167013E-05   9.6347001E-05
     11     -163.5085063221  -1.0611807E-06   6.1507429E-05
     12     -163.5085071636  -8.4150034E-07   2.0442490E-05
     13     -163.5085072581  -9.4523813E-08   3.5767537E-06
------------------------------------------------------------

 total:                                  13.544 sec
3
{'bond-orders': array([[ 0.00000000e+00,  3.06577539e-01,  2.14003665e-02, ...,
        -2.63317648e-05,  2.59334836e-04,  1.03603647e-03],
       [ 3.06577539e-01,  0.00000000e+00,  2.09422073e-02, ...,
         1.65562970e-04,  1.90688027e-04,  1.18790069e-03],
       [ 2.14003665e-02,  2.09422073e-02,  0.00000000e+00, ...,
         4.72266074e-04,  4.66782215e-04,  3.93874947e-03],
       ...,
       [-2.63317648e-05,  1.65562970e-04,  4.72266074e-04, ...,
         0.00000000e+00,  5.53911109e-03,  2.83131562e-02],
       [ 2.59334836e-04,  1.90688027e-04,  4.66782215e-04, ...,
         5.53911109e-03,  0.00000000e+00,  2.48259641e-02],
       [ 1.03603647e-03,  1.18790069e-03,  3.93874947e-03, ...,
         2.83131562e-02,  2.48259641e-02,  0.00000000e+00]],
      shape=(45, 45))}
{'bond-orders': array([[ 0.00000000e+00,  3.06577539e-01,  2.14003665e-02, ...,
        -2.63317648e-05,  2.59334836e-04,  1.03603647e-03],
       [ 3.06577539e-01,  0.00000000e+00,  2.09422073e-02, ...,
         1.65562970e-04,  1.90688027e-04,  1.18790069e-03],
       [ 2.14003665e-02,  2.09422073e-02,  0.00000000e+00, ...,
         4.72266074e-04,  4.66782215e-04,  3.93874947e-03],
       ...,
       [-2.63317648e-05,  1.65562970e-04,  4.72266074e-04, ...,
         0.00000000e+00,  5.53911109e-03,  2.83131562e-02],
       [ 2.59334836e-04,  1.90688027e-04,  4.66782215e-04, ...,
         5.53911109e-03,  0.00000000e+00,  2.48259641e-02],
       [ 1.03603647e-03,  1.18790069e-03,  3.93874947e-03, ...,
         2.83131562e-02,  2.48259641e-02,  0.00000000e+00]],
      shape=(45, 45)), 'molecular-dipole': array([0.31578093, 2.0535777 , 0.12595404])}
{'bond-orders': array([[ 0.00000000e+00,  3.06577539e-01,  2.14003665e-02, ...,
        -2.63317648e-05,  2.59334836e-04,  1.03603647e-03],
       [ 3.06577539e-01,  0.00000000e+00,  2.09422073e-02, ...,
         1.65562970e-04,  1.90688027e-04,  1.18790069e-03],
       [ 2.14003665e-02,  2.09422073e-02,  0.00000000e+00, ...,
         4.72266074e-04,  4.66782215e-04,  3.93874947e-03],
       ...,
       [-2.63317648e-05,  1.65562970e-04,  4.72266074e-04, ...,
         0.00000000e+00,  5.53911109e-03,  2.83131562e-02],
       [ 2.59334836e-04,  1.90688027e-04,  4.66782215e-04, ...,
         5.53911109e-03,  0.00000000e+00,  2.48259641e-02],
       [ 1.03603647e-03,  1.18790069e-03,  3.93874947e-03, ...,
         2.83131562e-02,  2.48259641e-02,  0.00000000e+00]],
      shape=(45, 45)), 'molecular-dipole': array([0.31578093, 2.0535777 , 0.12595404]), 'molecular-quadrupole': array([-26.88128634, 133.76806886,  -9.04451498,  71.1282085 ,
       267.00684147,  35.92580132])}
------------------------------------------------------------
  cycle        total energy    energy error   density error
------------------------------------------------------------
      1     -163.5106279572  -1.6326648E+02   1.5952700E-03
      2     -163.5101566510   4.7130613E-04   2.5977737E-03
      3     -163.5080316429   2.1250081E-03   3.0955557E-03
      4     -163.5081003309  -6.8688022E-05   2.9509847E-03
      5     -163.5105764381  -2.4761072E-03   1.0960065E-03
      6     -163.5106713963  -9.4958141E-05   6.9124025E-04
      7     -163.5106952185  -2.3822183E-05   2.0715767E-04
      8     -163.5106973205  -2.1020710E-06   1.0497841E-04
      9     -163.5106982737  -9.5319618E-07   6.7977422E-05
     10     -163.5106990762  -8.0250820E-07   2.4250693E-05
     11     -163.5106991090  -3.2789814E-08   9.3509952E-06
------------------------------------------------------------

 total:                                  12.778 sec
3
{'bond-orders': array([[ 0.00000000e+00,  3.06408152e-01,  2.13145525e-02, ...,
        -1.93314960e-05,  2.51662642e-04,  1.06479772e-03],
       [ 3.06408152e-01,  0.00000000e+00,  2.09229406e-02, ...,
         1.61421503e-04,  1.81157456e-04,  1.17397310e-03],
       [ 2.13145525e-02,  2.09229406e-02,  0.00000000e+00, ...,
         4.97464524e-04,  4.41110632e-04,  3.81527052e-03],
       ...,
       [-1.93314960e-05,  1.61421503e-04,  4.97464524e-04, ...,
         0.00000000e+00,  6.31760361e-03,  2.80524801e-02],
       [ 2.51662642e-04,  1.81157456e-04,  4.41110632e-04, ...,
         6.31760361e-03,  0.00000000e+00,  2.49347870e-02],
       [ 1.06479772e-03,  1.17397310e-03,  3.81527052e-03, ...,
         2.80524801e-02,  2.49347870e-02,  0.00000000e+00]],
      shape=(45, 45))}
{'bond-orders': array([[ 0.00000000e+00,  3.06408152e-01,  2.13145525e-02, ...,
        -1.93314960e-05,  2.51662642e-04,  1.06479772e-03],
       [ 3.06408152e-01,  0.00000000e+00,  2.09229406e-02, ...,
         1.61421503e-04,  1.81157456e-04,  1.17397310e-03],
       [ 2.13145525e-02,  2.09229406e-02,  0.00000000e+00, ...,
         4.97464524e-04,  4.41110632e-04,  3.81527052e-03],
       ...,
       [-1.93314960e-05,  1.61421503e-04,  4.97464524e-04, ...,
         0.00000000e+00,  6.31760361e-03,  2.80524801e-02],
       [ 2.51662642e-04,  1.81157456e-04,  4.41110632e-04, ...,
         6.31760361e-03,  0.00000000e+00,  2.49347870e-02],
       [ 1.06479772e-03,  1.17397310e-03,  3.81527052e-03, ...,
         2.80524801e-02,  2.49347870e-02,  0.00000000e+00]],
      shape=(45, 45)), 'molecular-dipole': array([0.34879236, 2.08920462, 0.12822033])}
{'bond-orders': array([[ 0.00000000e+00,  3.06408152e-01,  2.13145525e-02, ...,
        -1.93314960e-05,  2.51662642e-04,  1.06479772e-03],
       [ 3.06408152e-01,  0.00000000e+00,  2.09229406e-02, ...,
         1.61421503e-04,  1.81157456e-04,  1.17397310e-03],
       [ 2.13145525e-02,  2.09229406e-02,  0.00000000e+00, ...,
         4.97464524e-04,  4.41110632e-04,  3.81527052e-03],
       ...,
       [-1.93314960e-05,  1.61421503e-04,  4.97464524e-04, ...,
         0.00000000e+00,  6.31760361e-03,  2.80524801e-02],
       [ 2.51662642e-04,  1.81157456e-04,  4.41110632e-04, ...,
         6.31760361e-03,  0.00000000e+00,  2.49347870e-02],
       [ 1.06479772e-03,  1.17397310e-03,  3.81527052e-03, ...,
         2.80524801e-02,  2.49347870e-02,  0.00000000e+00]],
      shape=(45, 45)), 'molecular-dipole': array([0.34879236, 2.08920462, 0.12822033]), 'molecular-quadrupole': array([-26.17085826, 136.93645846,  -8.86074524,  74.97346845,
       271.32498417,  35.0316035 ])}
------------------------------------------------------------
  cycle        total energy    energy error   density error
------------------------------------------------------------
      1     -163.5124265880  -1.6326819E+02   2.8894986E-03
      2     -163.5103200659   2.1065220E-03   3.7415746E-03
      3     -163.4783119970   3.2008069E-02   1.0512009E-02
      4     -163.5099750107  -3.1663014E-02   3.3969195E-03
      5     -163.5122331651  -2.2581545E-03   1.7289723E-03
      6     -163.5125307241  -2.9755893E-04   1.0602184E-03
      7     -163.5125988503  -6.8126263E-05   4.8112365E-04
      8     -163.5126057360  -6.8856649E-06   2.1300682E-04
      9     -163.5126088755  -3.1395120E-06   1.2534725E-04
     10     -163.5126100846  -1.2091109E-06   6.5787651E-05
     11     -163.5126107987  -7.1405208E-07   2.5133201E-05
     12     -163.5126109244  -1.2573597E-07   1.0991255E-05
------------------------------------------------------------

 total:                                  13.028 sec
3
{'bond-orders': array([[ 0.00000000e+00,  3.06167284e-01,  2.12188474e-02, ...,
        -1.16460178e-05,  2.35965227e-04,  1.18321766e-03],
       [ 3.06167284e-01,  0.00000000e+00,  2.09127950e-02, ...,
         1.44375199e-04,  1.61556519e-04,  1.18767543e-03],
       [ 2.12188474e-02,  2.09127950e-02,  0.00000000e+00, ...,
         4.59742158e-04,  3.82784028e-04,  3.55619150e-03],
       ...,
       [-1.16460178e-05,  1.44375199e-04,  4.59742158e-04, ...,
         0.00000000e+00,  7.23248700e-03,  2.65102579e-02],
       [ 2.35965227e-04,  1.61556519e-04,  3.82784028e-04, ...,
         7.23248700e-03,  0.00000000e+00,  2.41040555e-02],
       [ 1.18321766e-03,  1.18767543e-03,  3.55619150e-03, ...,
         2.65102579e-02,  2.41040555e-02,  0.00000000e+00]],
      shape=(45, 45))}
{'bond-orders': array([[ 0.00000000e+00,  3.06167284e-01,  2.12188474e-02, ...,
        -1.16460178e-05,  2.35965227e-04,  1.18321766e-03],
       [ 3.06167284e-01,  0.00000000e+00,  2.09127950e-02, ...,
         1.44375199e-04,  1.61556519e-04,  1.18767543e-03],
       [ 2.12188474e-02,  2.09127950e-02,  0.00000000e+00, ...,
         4.59742158e-04,  3.82784028e-04,  3.55619150e-03],
       ...,
       [-1.16460178e-05,  1.44375199e-04,  4.59742158e-04, ...,
         0.00000000e+00,  7.23248700e-03,  2.65102579e-02],
       [ 2.35965227e-04,  1.61556519e-04,  3.82784028e-04, ...,
         7.23248700e-03,  0.00000000e+00,  2.41040555e-02],
       [ 1.18321766e-03,  1.18767543e-03,  3.55619150e-03, ...,
         2.65102579e-02,  2.41040555e-02,  0.00000000e+00]],
      shape=(45, 45)), 'molecular-dipole': array([0.40617783, 2.16929637, 0.11145276])}
{'bond-orders': array([[ 0.00000000e+00,  3.06167284e-01,  2.12188474e-02, ...,
        -1.16460178e-05,  2.35965227e-04,  1.18321766e-03],
       [ 3.06167284e-01,  0.00000000e+00,  2.09127950e-02, ...,
         1.44375199e-04,  1.61556519e-04,  1.18767543e-03],
       [ 2.12188474e-02,  2.09127950e-02,  0.00000000e+00, ...,
         4.59742158e-04,  3.82784028e-04,  3.55619150e-03],
       ...,
       [-1.16460178e-05,  1.44375199e-04,  4.59742158e-04, ...,
         0.00000000e+00,  7.23248700e-03,  2.65102579e-02],
       [ 2.35965227e-04,  1.61556519e-04,  3.82784028e-04, ...,
         7.23248700e-03,  0.00000000e+00,  2.41040555e-02],
       [ 1.18321766e-03,  1.18767543e-03,  3.55619150e-03, ...,
         2.65102579e-02,  2.41040555e-02,  0.00000000e+00]],
      shape=(45, 45)), 'molecular-dipole': array([0.40617783, 2.16929637, 0.11145276]), 'molecular-quadrupole': array([-23.95260854, 143.20180512,  -7.63167594,  80.57447291,
       280.8316466 ,  31.58428448])}
------------------------------------------------------------
  cycle        total energy    energy error   density error
------------------------------------------------------------
      1     -163.5138399139  -1.6326962E+02   1.7944700E-03
      2     -163.5084875900   5.3523239E-03   4.3057381E-03
      3     -163.4985933194   9.8942706E-03   7.0521385E-03
      4     -163.5138653538  -1.5272034E-02   1.0945860E-03
      5     -163.5138749597  -9.6059236E-06   7.7310276E-04
      6     -163.5139158209  -4.0861218E-05   6.7073219E-04
      7     -163.5139359045  -2.0083580E-05   3.7355693E-04
      8     -163.5139428870  -6.9824736E-06   1.5027506E-04
      9     -163.5139442965  -1.4095551E-06   9.4617026E-05
     10     -163.5139452595  -9.6300931E-07   5.2811414E-05
     11     -163.5139457142  -4.5464120E-07   2.3963231E-05
     12     -163.5139458432  -1.2902251E-07   9.7208354E-06
------------------------------------------------------------

 total:                                  13.062 sec
3
{'bond-orders': array([[ 0.00000000e+00,  3.06019072e-01,  2.11497975e-02, ...,
        -7.37631090e-06,  2.23176968e-04,  1.27619851e-03],
       [ 3.06019072e-01,  0.00000000e+00,  2.09041944e-02, ...,
         1.31855203e-04,  1.49117280e-04,  1.20896803e-03],
       [ 2.11497975e-02,  2.09041944e-02,  0.00000000e+00, ...,
         4.24036603e-04,  3.47695784e-04,  3.39659717e-03],
       ...,
       [-7.37631090e-06,  1.31855203e-04,  4.24036603e-04, ...,
         0.00000000e+00,  7.58868266e-03,  2.55061724e-02],
       [ 2.23176968e-04,  1.49117280e-04,  3.47695784e-04, ...,
         7.58868266e-03,  0.00000000e+00,  2.35056507e-02],
       [ 1.27619851e-03,  1.20896803e-03,  3.39659717e-03, ...,
         2.55061724e-02,  2.35056507e-02,  0.00000000e+00]],
      shape=(45, 45))}
{'bond-orders': array([[ 0.00000000e+00,  3.06019072e-01,  2.11497975e-02, ...,
        -7.37631090e-06,  2.23176968e-04,  1.27619851e-03],
       [ 3.06019072e-01,  0.00000000e+00,  2.09041944e-02, ...,
         1.31855203e-04,  1.49117280e-04,  1.20896803e-03],
       [ 2.11497975e-02,  2.09041944e-02,  0.00000000e+00, ...,
         4.24036603e-04,  3.47695784e-04,  3.39659717e-03],
       ...,
       [-7.37631090e-06,  1.31855203e-04,  4.24036603e-04, ...,
         0.00000000e+00,  7.58868266e-03,  2.55061724e-02],
       [ 2.23176968e-04,  1.49117280e-04,  3.47695784e-04, ...,
         7.58868266e-03,  0.00000000e+00,  2.35056507e-02],
       [ 1.27619851e-03,  1.20896803e-03,  3.39659717e-03, ...,
         2.55061724e-02,  2.35056507e-02,  0.00000000e+00]],
      shape=(45, 45)), 'molecular-dipole': array([0.43550833, 2.22287805, 0.08455039])}
{'bond-orders': array([[ 0.00000000e+00,  3.06019072e-01,  2.11497975e-02, ...,
        -7.37631090e-06,  2.23176968e-04,  1.27619851e-03],
       [ 3.06019072e-01,  0.00000000e+00,  2.09041944e-02, ...,
         1.31855203e-04,  1.49117280e-04,  1.20896803e-03],
       [ 2.11497975e-02,  2.09041944e-02,  0.00000000e+00, ...,
         4.24036603e-04,  3.47695784e-04,  3.39659717e-03],
       ...,
       [-7.37631090e-06,  1.31855203e-04,  4.24036603e-04, ...,
         0.00000000e+00,  7.58868266e-03,  2.55061724e-02],
       [ 2.23176968e-04,  1.49117280e-04,  3.47695784e-04, ...,
         7.58868266e-03,  0.00000000e+00,  2.35056507e-02],
       [ 1.27619851e-03,  1.20896803e-03,  3.39659717e-03, ...,
         2.55061724e-02,  2.35056507e-02,  0.00000000e+00]],
      shape=(45, 45)), 'molecular-dipole': array([0.43550833, 2.22287805, 0.08455039]), 'molecular-quadrupole': array([-22.0421446 , 147.03474109,  -6.15118881,  82.6462516 ,
       287.07274823,  28.1933334 ])}
------------------------------------------------------------
  cycle        total energy    energy error   density error
------------------------------------------------------------
      1     -163.5173895121  -1.6327324E+02   3.9829022E-03
      2     -163.4815713522   3.5818160E-02   1.1187854E-02
      3     -163.4476869774   3.3884375E-02   1.5201166E-02
      4     -163.5176742942  -6.9987317E-02   2.1828679E-03
      5     -163.5177563651  -8.2070900E-05   1.6812063E-03
      6     -163.5178954336  -1.3906850E-04   1.4231912E-03
      7     -163.5179986436  -1.0320995E-04   8.9778922E-04
      8     -163.5180333754  -3.4731857E-05   3.9398413E-04
      9     -163.5180399890  -6.6135188E-06   2.2585189E-04
     10     -163.5180459412  -5.9522917E-06   1.2644944E-04
     11     -163.5180485615  -2.6202581E-06   5.4540362E-05
     12     -163.5180491946  -6.3305998E-07   2.4722629E-05
     13     -163.5180493416  -1.4703244E-07   4.7822345E-06
------------------------------------------------------------

 total:                                  13.460 sec
3
{'bond-orders': array([[0.00000000e+00, 3.05680336e-01, 2.09530730e-02, ...,
        5.01838662e-06, 1.86574767e-04, 1.53822538e-03],
       [3.05680336e-01, 0.00000000e+00, 2.08813734e-02, ...,
        1.03063378e-04, 1.19400354e-04, 1.28935014e-03],
       [2.09530730e-02, 2.08813734e-02, 0.00000000e+00, ...,
        3.40003233e-04, 2.71563437e-04, 3.02182511e-03],
       ...,
       [5.01838662e-06, 1.03063378e-04, 3.40003233e-04, ...,
        0.00000000e+00, 8.01700146e-03, 2.33446819e-02],
       [1.86574767e-04, 1.19400354e-04, 2.71563437e-04, ...,
        8.01700146e-03, 0.00000000e+00, 2.22980465e-02],
       [1.53822538e-03, 1.28935014e-03, 3.02182511e-03, ...,
        2.33446819e-02, 2.22980465e-02, 0.00000000e+00]], shape=(45, 45))}
{'bond-orders': array([[0.00000000e+00, 3.05680336e-01, 2.09530730e-02, ...,
        5.01838662e-06, 1.86574767e-04, 1.53822538e-03],
       [3.05680336e-01, 0.00000000e+00, 2.08813734e-02, ...,
        1.03063378e-04, 1.19400354e-04, 1.28935014e-03],
       [2.09530730e-02, 2.08813734e-02, 0.00000000e+00, ...,
        3.40003233e-04, 2.71563437e-04, 3.02182511e-03],
       ...,
       [5.01838662e-06, 1.03063378e-04, 3.40003233e-04, ...,
        0.00000000e+00, 8.01700146e-03, 2.33446819e-02],
       [1.86574767e-04, 1.19400354e-04, 2.71563437e-04, ...,
        8.01700146e-03, 0.00000000e+00, 2.22980465e-02],
       [1.53822538e-03, 1.28935014e-03, 3.02182511e-03, ...,
        2.33446819e-02, 2.22980465e-02, 0.00000000e+00]], shape=(45, 45)), 'molecular-dipole': array([ 0.49731789,  2.36803041, -0.02146584])}
{'bond-orders': array([[0.00000000e+00, 3.05680336e-01, 2.09530730e-02, ...,
        5.01838662e-06, 1.86574767e-04, 1.53822538e-03],
       [3.05680336e-01, 0.00000000e+00, 2.08813734e-02, ...,
        1.03063378e-04, 1.19400354e-04, 1.28935014e-03],
       [2.09530730e-02, 2.08813734e-02, 0.00000000e+00, ...,
        3.40003233e-04, 2.71563437e-04, 3.02182511e-03],
       ...,
       [5.01838662e-06, 1.03063378e-04, 3.40003233e-04, ...,
        0.00000000e+00, 8.01700146e-03, 2.33446819e-02],
       [1.86574767e-04, 1.19400354e-04, 2.71563437e-04, ...,
        8.01700146e-03, 0.00000000e+00, 2.22980465e-02],
       [1.53822538e-03, 1.28935014e-03, 3.02182511e-03, ...,
        2.33446819e-02, 2.22980465e-02, 0.00000000e+00]], shape=(45, 45)), 'molecular-dipole': array([ 0.49731789,  2.36803041, -0.02146584]), 'molecular-quadrupole': array([-16.0374571 , 156.64807759,  -0.79862698,  84.88594165,
       303.4303803 ,  16.83608408])}
------------------------------------------------------------
  cycle        total energy    energy error   density error
------------------------------------------------------------
      1     -163.5231903264  -1.6327775E+02   4.3185772E-03
      2     -163.4809067708   4.2283556E-02   1.2640600E-02
      3     -163.4205729795   6.0333791E-02   1.8413718E-02
      4     -163.5235947130  -1.0302173E-01   2.3493796E-03
      5     -163.5237682318  -1.7351886E-04   2.1095889E-03
      6     -163.5239382721  -1.7004030E-04   1.5994643E-03
      7     -163.5241112799  -1.7300778E-04   7.1190413E-04
      8     -163.5241244332  -1.3153345E-05   3.9501463E-04
      9     -163.5241278096  -3.3763674E-06   2.3407677E-04
     10     -163.5241338527  -6.0430550E-06   1.2026461E-04
     11     -163.5241363445  -2.4918024E-06   4.9559985E-05
     12     -163.5241368532  -5.0871785E-07   2.1756682E-05
     13     -163.5241369643  -1.1109498E-07   4.9325091E-06
------------------------------------------------------------

 total:                                  13.470 sec
3
{'bond-orders': array([[0.00000000e+00, 3.05458827e-01, 2.07479463e-02, ...,
        2.41913906e-05, 1.40725076e-04, 1.88698123e-03],
       [3.05458827e-01, 0.00000000e+00, 2.08372106e-02, ...,
        7.85247766e-05, 8.78555900e-05, 1.43344495e-03],
       [2.07479463e-02, 2.08372106e-02, 0.00000000e+00, ...,
        2.55762332e-04, 2.02210935e-04, 2.63753762e-03],
       ...,
       [2.41913906e-05, 7.85247766e-05, 2.55762332e-04, ...,
        0.00000000e+00, 7.62315740e-03, 2.13313857e-02],
       [1.40725076e-04, 8.78555900e-05, 2.02210935e-04, ...,
        7.62315740e-03, 0.00000000e+00, 2.14700577e-02],
       [1.88698123e-03, 1.43344495e-03, 2.63753762e-03, ...,
        2.13313857e-02, 2.14700577e-02, 0.00000000e+00]], shape=(45, 45))}
{'bond-orders': array([[0.00000000e+00, 3.05458827e-01, 2.07479463e-02, ...,
        2.41913906e-05, 1.40725076e-04, 1.88698123e-03],
       [3.05458827e-01, 0.00000000e+00, 2.08372106e-02, ...,
        7.85247766e-05, 8.78555900e-05, 1.43344495e-03],
       [2.07479463e-02, 2.08372106e-02, 0.00000000e+00, ...,
        2.55762332e-04, 2.02210935e-04, 2.63753762e-03],
       ...,
       [2.41913906e-05, 7.85247766e-05, 2.55762332e-04, ...,
        0.00000000e+00, 7.62315740e-03, 2.13313857e-02],
       [1.40725076e-04, 8.78555900e-05, 2.02210935e-04, ...,
        7.62315740e-03, 0.00000000e+00, 2.14700577e-02],
       [1.88698123e-03, 1.43344495e-03, 2.63753762e-03, ...,
        2.13313857e-02, 2.14700577e-02, 0.00000000e+00]], shape=(45, 45)), 'molecular-dipole': array([ 0.55649676,  2.55508387, -0.18083832])}
{'bond-orders': array([[0.00000000e+00, 3.05458827e-01, 2.07479463e-02, ...,
        2.41913906e-05, 1.40725076e-04, 1.88698123e-03],
       [3.05458827e-01, 0.00000000e+00, 2.08372106e-02, ...,
        7.85247766e-05, 8.78555900e-05, 1.43344495e-03],
       [2.07479463e-02, 2.08372106e-02, 0.00000000e+00, ...,
        2.55762332e-04, 2.02210935e-04, 2.63753762e-03],
       ...,
       [2.41913906e-05, 7.85247766e-05, 2.55762332e-04, ...,
        0.00000000e+00, 7.62315740e-03, 2.13313857e-02],
       [1.40725076e-04, 8.78555900e-05, 2.02210935e-04, ...,
        7.62315740e-03, 0.00000000e+00, 2.14700577e-02],
       [1.88698123e-03, 1.43344495e-03, 2.63753762e-03, ...,
        2.13313857e-02, 2.14700577e-02, 0.00000000e+00]], shape=(45, 45)), 'molecular-dipole': array([ 0.55649676,  2.55508387, -0.18083832]), 'molecular-quadrupole': array([ -7.89249585, 167.93053975,   7.02238925,  84.46509371,
       324.18004192,   0.8701066 ])}
------------------------------------------------------------
  cycle        total energy    energy error   density error
------------------------------------------------------------
      1     -163.5294285934  -1.6328122E+02   3.4817817E-03
      2     -163.4967305260   3.2698067E-02   1.1008025E-02
      3     -163.4591662057   3.7564320E-02   1.5250554E-02
      4     -163.5298300817  -7.0663876E-02   1.8607795E-03
      5     -163.5298392968  -9.2150517E-06   1.6405403E-03
      6     -163.5300064049  -1.6710812E-04   1.0136589E-03
      7     -163.5300786394  -7.2234558E-05   4.6095613E-04
      8     -163.5300855296  -6.8902174E-06   2.3451844E-04
      9     -163.5300874634  -1.9337132E-06   1.3277684E-04
     10     -163.5300894087  -1.9452883E-06   6.1522360E-05
     11     -163.5300900003  -5.9162141E-07   2.3842323E-05
     12     -163.5300901084  -1.0809993E-07   9.4616839E-06
------------------------------------------------------------

 total:                                  13.245 sec
3
{'bond-orders': array([[0.00000000e+00, 3.05459222e-01, 2.06460660e-02, ...,
        4.24600013e-05, 1.08371359e-04, 2.15194720e-03],
       [3.05459222e-01, 0.00000000e+00, 2.07619162e-02, ...,
        7.08010086e-05, 6.87002973e-05, 1.57287860e-03],
       [2.06460660e-02, 2.07619162e-02, 0.00000000e+00, ...,
        2.09164587e-04, 1.67065404e-04, 2.42619988e-03],
       ...,
       [4.24600013e-05, 7.08010086e-05, 2.09164587e-04, ...,
        0.00000000e+00, 6.58303274e-03, 2.04275624e-02],
       [1.08371359e-04, 6.87002973e-05, 1.67065404e-04, ...,
        6.58303274e-03, 0.00000000e+00, 2.14891937e-02],
       [2.15194720e-03, 1.57287860e-03, 2.42619988e-03, ...,
        2.04275624e-02, 2.14891937e-02, 0.00000000e+00]], shape=(45, 45))}
{'bond-orders': array([[0.00000000e+00, 3.05459222e-01, 2.06460660e-02, ...,
        4.24600013e-05, 1.08371359e-04, 2.15194720e-03],
       [3.05459222e-01, 0.00000000e+00, 2.07619162e-02, ...,
        7.08010086e-05, 6.87002973e-05, 1.57287860e-03],
       [2.06460660e-02, 2.07619162e-02, 0.00000000e+00, ...,
        2.09164587e-04, 1.67065404e-04, 2.42619988e-03],
       ...,
       [4.24600013e-05, 7.08010086e-05, 2.09164587e-04, ...,
        0.00000000e+00, 6.58303274e-03, 2.04275624e-02],
       [1.08371359e-04, 6.87002973e-05, 1.67065404e-04, ...,
        6.58303274e-03, 0.00000000e+00, 2.14891937e-02],
       [2.15194720e-03, 1.57287860e-03, 2.42619988e-03, ...,
        2.04275624e-02, 2.14891937e-02, 0.00000000e+00]], shape=(45, 45)), 'molecular-dipole': array([ 0.58317065,  2.69244024, -0.32385776])}
{'bond-orders': array([[0.00000000e+00, 3.05459222e-01, 2.06460660e-02, ...,
        4.24600013e-05, 1.08371359e-04, 2.15194720e-03],
       [3.05459222e-01, 0.00000000e+00, 2.07619162e-02, ...,
        7.08010086e-05, 6.87002973e-05, 1.57287860e-03],
       [2.06460660e-02, 2.07619162e-02, 0.00000000e+00, ...,
        2.09164587e-04, 1.67065404e-04, 2.42619988e-03],
       ...,
       [4.24600013e-05, 7.08010086e-05, 2.09164587e-04, ...,
        0.00000000e+00, 6.58303274e-03, 2.04275624e-02],
       [1.08371359e-04, 6.87002973e-05, 1.67065404e-04, ...,
        6.58303274e-03, 0.00000000e+00, 2.14891937e-02],
       [2.15194720e-03, 1.57287860e-03, 2.42619988e-03, ...,
        2.04275624e-02, 2.14891937e-02, 0.00000000e+00]], shape=(45, 45)), 'molecular-dipole': array([ 0.58317065,  2.69244024, -0.32385776]), 'molecular-quadrupole': array([ -1.26647728, 175.2884384 ,  13.82282827,  81.06011675,
       338.99949672, -12.556351  ])}
------------------------------------------------------------
  cycle        total energy    energy error   density error
------------------------------------------------------------
      1     -163.5354027112  -1.6328410E+02   3.3784934E-03
      2     -163.4963594989   3.9043212E-02   1.1660170E-02
      3     -163.4781287934   1.8230706E-02   1.3805706E-02
      4     -163.5357824354  -5.7653642E-02   1.8664857E-03
      5     -163.5356209317   1.6150362E-04   1.8609818E-03
      6     -163.5359333533  -3.1242157E-04   8.7370616E-04
      7     -163.5359918788  -5.8525468E-05   3.7335273E-04
      8     -163.5359980546  -6.1758069E-06   1.9861154E-04
