/home/ans819/.conda/envs/autoflow/lib/python3.13/site-packages/e3nn/o3/_wigner.py:10: UserWarning: Environment variable TORCH_FORCE_NO_WEIGHTS_ONLY_LOAD detected, since the`weights_only` argument was not explicitly passed to `torch.load`, forcing weights_only=False.
  _Jd, _W3j_flat, _W3j_indices = torch.load(os.path.join(os.path.dirname(__file__), 'constants.pt'))

          ==================== Thresholds ====================
          CN  :   150.00000
          rep :   500.00000
          disp:  2500.00000
          HB1 :   250.00000
          HB2 :   450.00000

          Pauling EN used:
          Z : 1  EN :  2.20
          Z : 6  EN :  2.55
          Z : 8  EN :  3.44
          Z :47  EN :  1.93
          electric field strengths (au): 0.000

           ------------------------------------------------- 
          |           Force Field Initialization            |
           ------------------------------------------------- 

          distances ...
          ----------------------------------------
          generating topology and atomic info file ...
          pair mat ...
          computing topology distances matrix with Floyd-Warshall algo ...
          making topology EEQ charges ...
          #fragments for EEQ constrain: 1
          ----------------------------------------
          generating topology and atomic info file ...
          pair mat ...
          computing topology distances matrix with Floyd-Warshall algo ...
          making topology EEQ charges ...
          #fragments for EEQ constrain: 1
          rings ...
          # BATM   3495
          # H in HB   0

  atom   neighbors  erfCN metchar sp-hybrid imet pi  qest     coordinates
    1  Ag      2    1.35   0.37         2    2    0   0.005    3.849930    0.356229   26.637344
    2  Ag      5    3.15   0.31         0    2    0   0.018    7.340239    4.630967   26.637344
    3  Ag      9    4.27   0.07         0    2    0   0.009   16.066012    8.193249   28.230445
    4  Ag      7    3.92   0.19         0    2    0   0.012   12.575703    3.918511   28.230445
    5  Ag      7    3.92   0.19         0    2    0   0.012   21.301476    7.480793   29.823546
    6  Ag      6    3.59   0.27         0    2    0   0.013   17.811167    3.206054   29.823546
    7  Ag      9    4.27   0.07         0    2    0   0.012    9.085394    6.768336   31.416647
    8  Ag      6    3.59   0.23         0    2    0   0.024    5.595084    2.493598   31.416647
    9  Ag     12    4.39   0.01         0    2    0   0.007   14.320858    6.055880   33.009748
   10  Ag      7    3.92   0.19         0    2    0   0.017   10.830548    1.781141   33.009748
   11  Ag      9    4.27   0.07         0    2    0   0.012   19.556322    5.343423   34.602849
   12  Ag      6    3.59   0.27         0    2    0   0.021   16.066012    1.068685   34.602849
   13  Ag      8    4.14   0.11         0    2    0   0.031    7.340239    4.630967   36.195950
   14  Ag      3    2.00   0.37         2    2    0   0.017    3.849930    0.356229   36.195950
   15  Ag      8    4.14   0.12         0    2    0   0.031   12.575703    3.918511   37.789051
   16  Ag     10    4.34   0.04         0    2    0   0.018   16.066012    8.193249   37.789051
   17  Ag      5    3.15   0.34         0    2    0   0.019   17.811167    3.206054   39.382152
   18  Ag      6    3.59   0.26         0    2    0   0.017   21.301476    7.480793   39.382152
   19  Ag      3    2.00   0.37         2    2    0   0.035    5.595084    2.493598   40.975253
   20  Ag      9    4.37   0.02         0    2    0   0.156    9.085394    6.768336   40.975253
   21  Ag      6    3.59   0.26         0    2    0   0.014   10.830548    8.905705   26.637344
   22  Ag      5    3.15   0.34         0    2    0   0.017   14.320858   13.180444   26.637344
   23  Ag      4    2.61   0.38         3    2    0   0.016   23.046631   16.742726   28.230445
   24  Ag      8    4.14   0.12         0    2    0   0.011   19.556322   12.467987   28.230445
   25  Ag      3    2.00   0.39         2    2    0   0.012   28.282095   16.030269   29.823546
   26  Ag      7    3.92   0.19         0    2    0   0.013   24.791786   11.755531   29.823546
   27  Ag      6    3.59   0.27         0    2    0   0.017   16.066012   15.317813   31.416647
   28  Ag      9    4.27   0.07         0    2    0   0.012   12.575703   11.043075   31.416647
   29  Ag      9    4.27   0.07         0    2    0   0.009   21.301476   14.605357   33.009748
/home/ans819/.conda/envs/autoflow/lib/python3.13/site-packages/mace/calculators/mace.py:197: UserWarning: Environment variable TORCH_FORCE_NO_WEIGHTS_ONLY_LOAD detected, since the`weights_only` argument was not explicitly passed to `torch.load`, forcing weights_only=False.
  torch.load(f=model_path, map_location=device)
/home/ans819/.conda/envs/autoflow/lib/python3.13/site-packages/chgnet/model/model.py:898: UserWarning: Converting a tensor with requires_grad=True to a scalar may lead to unexpected behavior.
Consider using tensor.detach() first. (Triggered internally at /pytorch/torch/csrc/autograd/generated/python_variable_methods.cpp:836.)
  volumes = torch.tensor(volumes, dtype=TORCH_DTYPE, device=atomic_numbers.device)
cuequivariance or cuequivariance_torch is not available. Cuequivariance acceleration will be disabled.
------------------------------------------------------------
  cycle        total energy    energy error   density error
------------------------------------------------------------
      1     -162.8316892888  -1.6269105E+02   1.0050964E+00
      2     -162.4311982054   4.0049108E-01   6.1715421E-01
      3     -73.97720263595   8.8453996E+01   1.3262030E+00
      4     -133.0937287748  -5.9116526E+01   4.5487621E-01
      5      136.3801905115   2.6947392E+02   1.3622432E+00
      6     -102.0201704247  -2.3840036E+02   4.8453786E-01
      7     -160.2218673320  -5.8201697E+01   1.3428589E-01
      8     -158.3190885048   1.9027788E+00   1.5243684E-01
      9     -162.7743209796  -4.4552325E+00   6.9261894E-02
     10     -163.1455977588  -3.7127678E-01   4.7103139E-02
     11     -163.1590166134  -1.3418855E-02   4.4803069E-02
     12     -163.1169316149   4.2084998E-02   4.0740799E-02
     13     -163.2253109734  -1.0837936E-01   3.0117508E-02
     14     -163.2335972718  -8.2862985E-03   2.5858321E-02
     15     -163.2347796417  -1.1823699E-03   2.4567226E-02
     16     -163.2355086325  -7.2899080E-04   2.4041544E-02
     17     -163.2371977398  -1.6891073E-03   2.0134031E-02
     18     -163.2378842185  -6.8647868E-04   1.6345179E-02
     19     -163.2391998395  -1.3156209E-03   1.3186220E-02
     20     -163.2389351263   2.6471312E-04   1.0789095E-02
     21     -163.2411153629  -2.1802366E-03   6.3278003E-03
     22     -163.2423425441  -1.2271812E-03   2.4555918E-03
     23     -163.2422394705   1.0307364E-04   2.1691729E-03
     24     -163.2424365158  -1.9704530E-04   1.5485956E-03
     25     -163.2425913851  -1.5486927E-04   6.4918746E-04
     26     -163.2426017756  -1.0390580E-05   4.9953677E-04
     27     -163.2426016364   1.3925424E-07   4.4510154E-04
     28     -163.2426019406  -3.0420389E-07   4.5251866E-04
     29     -163.2426037399  -1.7993165E-06   4.1960565E-04
     30     -163.2426041286  -3.8868629E-07   4.0035501E-04
     31     -163.2426043642  -2.3563305E-07   3.8698951E-04
     32     -163.2426047053  -3.4108402E-07   3.7571553E-04
     33     -163.2426051914  -4.8611091E-07   3.4124922E-04
     34     -163.2426059190  -7.2757916E-07   2.5694554E-04
     35     -163.2426065417  -6.2272812E-07   1.3987432E-04
     36     -163.2426067469  -2.0522012E-07   4.9162435E-05
     37     -163.2426067740  -2.7035213E-08   1.2776526E-05
------------------------------------------------------------

 total:                                  20.253 sec
3
{'bond-orders': array([[0.00000000e+00, 3.07555057e-01, 2.02110074e-02, ...,
        1.73235964e-04, 6.50697514e-05, 8.76559611e-04],
       [3.07555057e-01, 0.00000000e+00, 2.36262031e-02, ...,
        2.76814316e-04, 2.21208973e-04, 1.72549123e-03],
       [2.02110074e-02, 2.36262031e-02, 0.00000000e+00, ...,
        1.01008210e-04, 3.17872629e-04, 1.62159891e-03],
       ...,
       [1.73235964e-04, 2.76814316e-04, 1.01008210e-04, ...,
        0.00000000e+00, 3.61767696e-03, 1.50790646e-02],
       [6.50697514e-05, 2.21208973e-04, 3.17872629e-04, ...,
        3.61767696e-03, 0.00000000e+00, 2.54399049e-02],
       [8.76559611e-04, 1.72549123e-03, 1.62159891e-03, ...,
        1.50790646e-02, 2.54399049e-02, 0.00000000e+00]], shape=(45, 45))}
{'bond-orders': array([[0.00000000e+00, 3.07555057e-01, 2.02110074e-02, ...,
        1.73235964e-04, 6.50697514e-05, 8.76559611e-04],
       [3.07555057e-01, 0.00000000e+00, 2.36262031e-02, ...,
        2.76814316e-04, 2.21208973e-04, 1.72549123e-03],
       [2.02110074e-02, 2.36262031e-02, 0.00000000e+00, ...,
        1.01008210e-04, 3.17872629e-04, 1.62159891e-03],
       ...,
       [1.73235964e-04, 2.76814316e-04, 1.01008210e-04, ...,
        0.00000000e+00, 3.61767696e-03, 1.50790646e-02],
       [6.50697514e-05, 2.21208973e-04, 3.17872629e-04, ...,
        3.61767696e-03, 0.00000000e+00, 2.54399049e-02],
       [8.76559611e-04, 1.72549123e-03, 1.62159891e-03, ...,
        1.50790646e-02, 2.54399049e-02, 0.00000000e+00]], shape=(45, 45)), 'molecular-dipole': array([-0.23098331,  1.30792352,  0.66304865])}
{'bond-orders': array([[0.00000000e+00, 3.07555057e-01, 2.02110074e-02, ...,
        1.73235964e-04, 6.50697514e-05, 8.76559611e-04],
       [3.07555057e-01, 0.00000000e+00, 2.36262031e-02, ...,
        2.76814316e-04, 2.21208973e-04, 1.72549123e-03],
       [2.02110074e-02, 2.36262031e-02, 0.00000000e+00, ...,
        1.01008210e-04, 3.17872629e-04, 1.62159891e-03],
       ...,
       [1.73235964e-04, 2.76814316e-04, 1.01008210e-04, ...,
        0.00000000e+00, 3.61767696e-03, 1.50790646e-02],
       [6.50697514e-05, 2.21208973e-04, 3.17872629e-04, ...,
        3.61767696e-03, 0.00000000e+00, 2.54399049e-02],
       [8.76559611e-04, 1.72549123e-03, 1.62159891e-03, ...,
        1.50790646e-02, 2.54399049e-02, 0.00000000e+00]], shape=(45, 45)), 'molecular-dipole': array([-0.23098331,  1.30792352,  0.66304865]), 'molecular-quadrupole': array([-72.51602614,  38.08898608, -36.31322498,  41.14638771,
       206.46145441, 108.82925112])}
------------------------------------------------------------
  cycle        total energy    energy error   density error
------------------------------------------------------------
      1     -163.2994458990  -1.6312036E+02   1.2271624E-02
      2     -163.1180441552   1.8140174E-01   2.6074576E-02
      3     -162.4655802987   6.5246386E-01   5.2347465E-02
      4     -163.2955371981  -8.2995690E-01   1.0722652E-02
      5     -163.2895793503   5.9578478E-03   8.1304314E-03
      6     -163.3019744337  -1.2395083E-02   4.7260103E-03
      7     -163.3026277226  -6.5328881E-04   2.4548442E-03
      8     -163.3030835217  -4.5579917E-04   1.5321426E-03
      9     -163.3032021071  -1.1858534E-04   7.2638568E-04
     10     -163.3032863366  -8.4229581E-05   3.0517241E-04
     11     -163.3032938565  -7.5198594E-06   1.3559364E-04
     12     -163.3032949549  -1.0983615E-06   6.3839500E-05
     13     -163.3032952878  -3.3289734E-07   4.4473037E-05
     14     -163.3032952121   7.5665184E-08   3.3374031E-05
     15     -163.3032953360  -1.2388938E-07   1.5993626E-05
------------------------------------------------------------

 total:                                  13.874 sec
3
{'bond-orders': array([[0.00000000e+00, 3.07285898e-01, 1.99096394e-02, ...,
        1.37452135e-04, 3.50124272e-05, 1.02651394e-03],
       [3.07285898e-01, 0.00000000e+00, 2.33625619e-02, ...,
        2.31073974e-04, 2.19490551e-04, 1.46082353e-03],
       [1.99096394e-02, 2.33625619e-02, 0.00000000e+00, ...,
        7.55022934e-05, 2.29105013e-04, 1.82237368e-03],
       ...,
       [1.37452135e-04, 2.31073974e-04, 7.55022934e-05, ...,
        0.00000000e+00, 2.73602144e-03, 1.27301588e-02],
       [3.50124272e-05, 2.19490551e-04, 2.29105013e-04, ...,
        2.73602144e-03, 0.00000000e+00, 2.54770487e-02],
       [1.02651394e-03, 1.46082353e-03, 1.82237368e-03, ...,
        1.27301588e-02, 2.54770487e-02, 0.00000000e+00]], shape=(45, 45))}
{'bond-orders': array([[0.00000000e+00, 3.07285898e-01, 1.99096394e-02, ...,
        1.37452135e-04, 3.50124272e-05, 1.02651394e-03],
       [3.07285898e-01, 0.00000000e+00, 2.33625619e-02, ...,
        2.31073974e-04, 2.19490551e-04, 1.46082353e-03],
       [1.99096394e-02, 2.33625619e-02, 0.00000000e+00, ...,
        7.55022934e-05, 2.29105013e-04, 1.82237368e-03],
       ...,
       [1.37452135e-04, 2.31073974e-04, 7.55022934e-05, ...,
        0.00000000e+00, 2.73602144e-03, 1.27301588e-02],
       [3.50124272e-05, 2.19490551e-04, 2.29105013e-04, ...,
        2.73602144e-03, 0.00000000e+00, 2.54770487e-02],
       [1.02651394e-03, 1.46082353e-03, 1.82237368e-03, ...,
        1.27301588e-02, 2.54770487e-02, 0.00000000e+00]], shape=(45, 45)), 'molecular-dipole': array([-0.08154494,  1.24668223,  0.4913393 ])}
{'bond-orders': array([[0.00000000e+00, 3.07285898e-01, 1.99096394e-02, ...,
        1.37452135e-04, 3.50124272e-05, 1.02651394e-03],
       [3.07285898e-01, 0.00000000e+00, 2.33625619e-02, ...,
        2.31073974e-04, 2.19490551e-04, 1.46082353e-03],
       [1.99096394e-02, 2.33625619e-02, 0.00000000e+00, ...,
        7.55022934e-05, 2.29105013e-04, 1.82237368e-03],
       ...,
       [1.37452135e-04, 2.31073974e-04, 7.55022934e-05, ...,
        0.00000000e+00, 2.73602144e-03, 1.27301588e-02],
       [3.50124272e-05, 2.19490551e-04, 2.29105013e-04, ...,
        2.73602144e-03, 0.00000000e+00, 2.54770487e-02],
       [1.02651394e-03, 1.46082353e-03, 1.82237368e-03, ...,
        1.27301588e-02, 2.54770487e-02, 0.00000000e+00]], shape=(45, 45)), 'molecular-dipole': array([-0.08154494,  1.24668223,  0.4913393 ]), 'molecular-quadrupole': array([-61.06418716,  44.56617965, -30.40397838,  53.55791404,
       194.23075715,  91.46816554])}
------------------------------------------------------------
  cycle        total energy    energy error   density error
------------------------------------------------------------
      1     -163.3329816971  -1.6312000E+02   2.6737511E-02
      2     -163.0939621281   2.3901957E-01   3.9807081E-02
      3     -159.8423760441   3.2515861E+00   1.0547863E-01
      4     -163.2432526000  -3.4008766E+00   3.0678356E-02
      5     -163.3504424425  -1.0718984E-01   6.8575410E-03
      6     -163.3528742798  -2.4318374E-03   5.1653012E-03
      7     -163.3505617326   2.3125473E-03   5.4814388E-03
      8     -163.3519745682  -1.4128356E-03   3.4483306E-03
      9     -163.3531550676  -1.1804994E-03   1.6363129E-03
     10     -163.3535427943  -3.8772670E-04   8.4419168E-04
     11     -163.3536409386  -9.8144372E-05   4.0681318E-04
     12     -163.3536466158  -5.6771759E-06   2.8771229E-04
     13     -163.3536461894   4.2636063E-07   2.3421976E-04
     14     -163.3536492410  -3.0515393E-06   1.4020504E-04
     15     -163.3536511858  -1.9448381E-06   4.6642688E-05
     16     -163.3536512834  -9.7556153E-08   1.7297058E-05
------------------------------------------------------------

 total:                                  14.358 sec
3
{'bond-orders': array([[0.00000000e+00, 3.07003782e-01, 1.94136149e-02, ...,
        1.59585993e-04, 8.04999315e-05, 1.12775554e-03],
       [3.07003782e-01, 0.00000000e+00, 2.31578457e-02, ...,
        2.69221168e-04, 2.16581325e-04, 9.87893290e-04],
       [1.94136149e-02, 2.31578457e-02, 0.00000000e+00, ...,
        9.87426216e-05, 2.91017099e-04, 2.22327008e-03],
       ...,
       [1.59585993e-04, 2.69221168e-04, 9.87426216e-05, ...,
        0.00000000e+00, 4.81992411e-03, 1.55904647e-02],
       [8.04999315e-05, 2.16581325e-04, 2.91017099e-04, ...,
        4.81992411e-03, 0.00000000e+00, 3.20862041e-02],
       [1.12775554e-03, 9.87893290e-04, 2.22327008e-03, ...,
        1.55904647e-02, 3.20862041e-02, 0.00000000e+00]], shape=(45, 45))}
{'bond-orders': array([[0.00000000e+00, 3.07003782e-01, 1.94136149e-02, ...,
        1.59585993e-04, 8.04999315e-05, 1.12775554e-03],
       [3.07003782e-01, 0.00000000e+00, 2.31578457e-02, ...,
        2.69221168e-04, 2.16581325e-04, 9.87893290e-04],
       [1.94136149e-02, 2.31578457e-02, 0.00000000e+00, ...,
        9.87426216e-05, 2.91017099e-04, 2.22327008e-03],
       ...,
       [1.59585993e-04, 2.69221168e-04, 9.87426216e-05, ...,
        0.00000000e+00, 4.81992411e-03, 1.55904647e-02],
       [8.04999315e-05, 2.16581325e-04, 2.91017099e-04, ...,
        4.81992411e-03, 0.00000000e+00, 3.20862041e-02],
       [1.12775554e-03, 9.87893290e-04, 2.22327008e-03, ...,
        1.55904647e-02, 3.20862041e-02, 0.00000000e+00]], shape=(45, 45)), 'molecular-dipole': array([0.07562173, 0.96463607, 0.5884325 ])}
{'bond-orders': array([[0.00000000e+00, 3.07003782e-01, 1.94136149e-02, ...,
        1.59585993e-04, 8.04999315e-05, 1.12775554e-03],
       [3.07003782e-01, 0.00000000e+00, 2.31578457e-02, ...,
        2.69221168e-04, 2.16581325e-04, 9.87893290e-04],
       [1.94136149e-02, 2.31578457e-02, 0.00000000e+00, ...,
        9.87426216e-05, 2.91017099e-04, 2.22327008e-03],
       ...,
       [1.59585993e-04, 2.69221168e-04, 9.87426216e-05, ...,
        0.00000000e+00, 4.81992411e-03, 1.55904647e-02],
       [8.04999315e-05, 2.16581325e-04, 2.91017099e-04, ...,
        4.81992411e-03, 0.00000000e+00, 3.20862041e-02],
       [1.12775554e-03, 9.87893290e-04, 2.22327008e-03, ...,
        1.55904647e-02, 3.20862041e-02, 0.00000000e+00]], shape=(45, 45)), 'molecular-dipole': array([0.07562173, 0.96463607, 0.5884325 ]), 'molecular-quadrupole': array([-61.35527085,  36.06499634, -41.49140991,  79.44697732,
       161.92001411, 102.84668076])}
------------------------------------------------------------
  cycle        total energy    energy error   density error
------------------------------------------------------------
      1     -163.3552229500  -1.6314564E+02   3.3433092E-02
      2     -163.3058600600   4.9362890E-02   3.1391414E-02
      3     -162.2082635657   1.0975965E+00   6.4374055E-02
      4     -162.8344015644  -6.2613800E-01   4.4945065E-02
      5     -163.3802927536  -5.4589119E-01   7.9708649E-03
      6     -163.3832981495  -3.0053959E-03   5.7635353E-03
      7     -163.3827603241   5.3782542E-04   4.5488260E-03
      8     -163.3835964458  -8.3612172E-04   3.0130762E-03
      9     -163.3840763982  -4.7995242E-04   1.7069591E-03
     10     -163.3843100294  -2.3363116E-04   1.0087604E-03
     11     -163.3845046201  -1.9459070E-04   3.4962376E-04
     12     -163.3845212226  -1.6602518E-05   1.5300159E-04
     13     -163.3845223814  -1.1588401E-06   9.8523774E-05
     14     -163.3845224435  -6.2131562E-08   7.9775751E-05
     15     -163.3845225903  -1.4673964E-07   4.6003047E-05
     16     -163.3845226697  -7.9432823E-08   1.5947582E-05
------------------------------------------------------------

 total:                                  14.412 sec
3
{'bond-orders': array([[0.00000000e+00, 3.06984077e-01, 1.87119333e-02, ...,
        1.56985600e-04, 1.23774588e-04, 9.58690720e-04],
       [3.06984077e-01, 0.00000000e+00, 2.32045582e-02, ...,
        3.24067953e-04, 1.76406049e-04, 5.30635174e-04],
       [1.87119333e-02, 2.32045582e-02, 0.00000000e+00, ...,
        1.13175606e-04, 3.60054895e-04, 2.21190792e-03],
       ...,
       [1.56985600e-04, 3.24067953e-04, 1.13175606e-04, ...,
        0.00000000e+00, 9.67018651e-03, 2.72957003e-02],
       [1.23774588e-04, 1.76406049e-04, 3.60054895e-04, ...,
        9.67018651e-03, 0.00000000e+00, 3.99798459e-02],
       [9.58690720e-04, 5.30635174e-04, 2.21190792e-03, ...,
        2.72957003e-02, 3.99798459e-02, 0.00000000e+00]], shape=(45, 45))}
{'bond-orders': array([[0.00000000e+00, 3.06984077e-01, 1.87119333e-02, ...,
        1.56985600e-04, 1.23774588e-04, 9.58690720e-04],
       [3.06984077e-01, 0.00000000e+00, 2.32045582e-02, ...,
        3.24067953e-04, 1.76406049e-04, 5.30635174e-04],
       [1.87119333e-02, 2.32045582e-02, 0.00000000e+00, ...,
        1.13175606e-04, 3.60054895e-04, 2.21190792e-03],
       ...,
       [1.56985600e-04, 3.24067953e-04, 1.13175606e-04, ...,
        0.00000000e+00, 9.67018651e-03, 2.72957003e-02],
       [1.23774588e-04, 1.76406049e-04, 3.60054895e-04, ...,
        9.67018651e-03, 0.00000000e+00, 3.99798459e-02],
       [9.58690720e-04, 5.30635174e-04, 2.21190792e-03, ...,
        2.72957003e-02, 3.99798459e-02, 0.00000000e+00]], shape=(45, 45)), 'molecular-dipole': array([0.3412264 , 0.57437823, 0.52700738])}
{'bond-orders': array([[0.00000000e+00, 3.06984077e-01, 1.87119333e-02, ...,
        1.56985600e-04, 1.23774588e-04, 9.58690720e-04],
       [3.06984077e-01, 0.00000000e+00, 2.32045582e-02, ...,
        3.24067953e-04, 1.76406049e-04, 5.30635174e-04],
       [1.87119333e-02, 2.32045582e-02, 0.00000000e+00, ...,
        1.13175606e-04, 3.60054895e-04, 2.21190792e-03],
       ...,
       [1.56985600e-04, 3.24067953e-04, 1.13175606e-04, ...,
        0.00000000e+00, 9.67018651e-03, 2.72957003e-02],
       [1.23774588e-04, 1.76406049e-04, 3.60054895e-04, ...,
        9.67018651e-03, 0.00000000e+00, 3.99798459e-02],
       [9.58690720e-04, 5.30635174e-04, 2.21190792e-03, ...,
        2.72957003e-02, 3.99798459e-02, 0.00000000e+00]], shape=(45, 45)), 'molecular-dipole': array([0.3412264 , 0.57437823, 0.52700738]), 'molecular-quadrupole': array([-50.09941658,  27.60785403, -49.3655183 , 115.42227672,
       112.16578133,  99.46493489])}
------------------------------------------------------------
  cycle        total energy    energy error   density error
------------------------------------------------------------
      1     -163.4010552443  -1.6316660E+02   1.6516301E-02
      2     -162.7944057517   6.0664949E-01   4.5474034E-02
      3     -162.2422093769   5.5219637E-01   6.2660389E-02
      4     -163.4057140070  -1.1635046E+00   8.9159036E-03
      5     -163.4126381719  -6.9241649E-03   6.7450445E-03
      6     -163.4111319960   1.5061759E-03   6.7495538E-03
      7     -163.4141785674  -3.0465713E-03   2.7788664E-03
      8     -163.4144853940  -3.0682659E-04   1.7452188E-03
      9     -163.4146106379  -1.2524389E-04   8.0138580E-04
     10     -163.4146338177  -2.3179858E-05   3.3326351E-04
     11     -163.4146386180  -4.8003132E-06   2.0843999E-04
     12     -163.4146400220  -1.4040116E-06   1.1274476E-04
     13     -163.4146401832  -1.6111346E-07   6.2607004E-05
     14     -163.4146401939  -1.0770407E-08   4.3565615E-05
     15     -163.4146401786   1.5342977E-08   2.3651651E-05
     16     -163.4146402662  -8.7666251E-08   1.3683247E-05
------------------------------------------------------------

 total:                                  14.588 sec
3
{'bond-orders': array([[0.00000000e+00, 3.07376331e-01, 1.83977791e-02, ...,
        1.24310255e-04, 7.50260052e-05, 7.74857509e-04],
       [3.07376331e-01, 0.00000000e+00, 2.35220161e-02, ...,
        2.83552492e-04, 1.03044910e-04, 4.34330152e-04],
       [1.83977791e-02, 2.35220161e-02, 0.00000000e+00, ...,
        9.76986590e-05, 2.57305839e-04, 2.16708722e-03],
       ...,
       [1.24310255e-04, 2.83552492e-04, 9.76986590e-05, ...,
        0.00000000e+00, 1.23717513e-02, 3.66190846e-02],
       [7.50260052e-05, 1.03044910e-04, 2.57305839e-04, ...,
        1.23717513e-02, 0.00000000e+00, 3.68452675e-02],
       [7.74857509e-04, 4.34330152e-04, 2.16708722e-03, ...,
        3.66190846e-02, 3.68452675e-02, 0.00000000e+00]], shape=(45, 45))}
{'bond-orders': array([[0.00000000e+00, 3.07376331e-01, 1.83977791e-02, ...,
        1.24310255e-04, 7.50260052e-05, 7.74857509e-04],
       [3.07376331e-01, 0.00000000e+00, 2.35220161e-02, ...,
        2.83552492e-04, 1.03044910e-04, 4.34330152e-04],
       [1.83977791e-02, 2.35220161e-02, 0.00000000e+00, ...,
        9.76986590e-05, 2.57305839e-04, 2.16708722e-03],
       ...,
       [1.24310255e-04, 2.83552492e-04, 9.76986590e-05, ...,
        0.00000000e+00, 1.23717513e-02, 3.66190846e-02],
       [7.50260052e-05, 1.03044910e-04, 2.57305839e-04, ...,
        1.23717513e-02, 0.00000000e+00, 3.68452675e-02],
       [7.74857509e-04, 4.34330152e-04, 2.16708722e-03, ...,
        3.66190846e-02, 3.68452675e-02, 0.00000000e+00]], shape=(45, 45)), 'molecular-dipole': array([ 0.57520223,  0.77146375, -0.14762254])}
{'bond-orders': array([[0.00000000e+00, 3.07376331e-01, 1.83977791e-02, ...,
        1.24310255e-04, 7.50260052e-05, 7.74857509e-04],
       [3.07376331e-01, 0.00000000e+00, 2.35220161e-02, ...,
        2.83552492e-04, 1.03044910e-04, 4.34330152e-04],
       [1.83977791e-02, 2.35220161e-02, 0.00000000e+00, ...,
        9.76986590e-05, 2.57305839e-04, 2.16708722e-03],
       ...,
       [1.24310255e-04, 2.83552492e-04, 9.76986590e-05, ...,
        0.00000000e+00, 1.23717513e-02, 3.66190846e-02],
       [7.50260052e-05, 1.03044910e-04, 2.57305839e-04, ...,
        1.23717513e-02, 0.00000000e+00, 3.68452675e-02],
       [7.74857509e-04, 4.34330152e-04, 2.16708722e-03, ...,
        3.66190846e-02, 3.68452675e-02, 0.00000000e+00]], shape=(45, 45)), 'molecular-dipole': array([ 0.57520223,  0.77146375, -0.14762254]), 'molecular-quadrupole': array([-12.52241659,  47.7437097 , -23.36621671, 121.20345493,
       123.02232422,  35.8886333 ])}
------------------------------------------------------------
  cycle        total energy    energy error   density error
------------------------------------------------------------
      1     -163.4268912652  -1.6318648E+02   1.3961114E-02
      2     -163.2321028673   1.9478840E-01   2.8417057E-02
      3     -162.3488125502   8.8329032E-01   5.8852199E-02
      4     -163.4142619851  -1.0654494E+00   1.0044402E-02
      5     -163.4308981937  -1.6636209E-02   6.2147175E-03
      6     -163.4294499619   1.4482318E-03   6.8525739E-03
      7     -163.4331084188  -3.6584569E-03   1.8068147E-03
      8     -163.4333142234  -2.0580464E-04   1.7066288E-03
      9     -163.4334612099  -1.4698645E-04   6.3029664E-04
     10     -163.4334554987   5.7112208E-06   3.9700091E-04
     11     -163.4334685191  -1.3020409E-05   2.7749140E-04
     12     -163.4334767651  -8.2459858E-06   1.1530094E-04
     13     -163.4334776452  -8.8015668E-07   4.2257304E-05
     14     -163.4334773009   3.4428027E-07   4.3559367E-05
     15     -163.4334775279  -2.2693825E-07   2.6399349E-05
     16     -163.4334777095  -1.8167299E-07   8.5508919E-06
------------------------------------------------------------

 total:                                  14.899 sec
3
{'bond-orders': array([[0.00000000e+00, 3.07418139e-01, 1.82083788e-02, ...,
        1.03339462e-04, 5.02920767e-05, 5.94936122e-04],
       [3.07418139e-01, 0.00000000e+00, 2.38579137e-02, ...,
        2.64514880e-04, 7.03243203e-05, 3.33707572e-04],
       [1.82083788e-02, 2.38579137e-02, 0.00000000e+00, ...,
        9.07147820e-05, 1.92697773e-04, 1.91280705e-03],
       ...,
       [1.03339462e-04, 2.64514880e-04, 9.07147820e-05, ...,
        0.00000000e+00, 1.54406312e-02, 4.88351549e-02],
       [5.02920767e-05, 7.03243203e-05, 1.92697773e-04, ...,
        1.54406312e-02, 0.00000000e+00, 3.43770021e-02],
       [5.94936122e-04, 3.33707572e-04, 1.91280705e-03, ...,
        4.88351549e-02, 3.43770021e-02, 0.00000000e+00]], shape=(45, 45))}
{'bond-orders': array([[0.00000000e+00, 3.07418139e-01, 1.82083788e-02, ...,
        1.03339462e-04, 5.02920767e-05, 5.94936122e-04],
       [3.07418139e-01, 0.00000000e+00, 2.38579137e-02, ...,
        2.64514880e-04, 7.03243203e-05, 3.33707572e-04],
       [1.82083788e-02, 2.38579137e-02, 0.00000000e+00, ...,
        9.07147820e-05, 1.92697773e-04, 1.91280705e-03],
       ...,
       [1.03339462e-04, 2.64514880e-04, 9.07147820e-05, ...,
        0.00000000e+00, 1.54406312e-02, 4.88351549e-02],
       [5.02920767e-05, 7.03243203e-05, 1.92697773e-04, ...,
        1.54406312e-02, 0.00000000e+00, 3.43770021e-02],
       [5.94936122e-04, 3.33707572e-04, 1.91280705e-03, ...,
        4.88351549e-02, 3.43770021e-02, 0.00000000e+00]], shape=(45, 45)), 'molecular-dipole': array([ 0.79623354,  0.8179884 , -0.68613027])}
{'bond-orders': array([[0.00000000e+00, 3.07418139e-01, 1.82083788e-02, ...,
        1.03339462e-04, 5.02920767e-05, 5.94936122e-04],
       [3.07418139e-01, 0.00000000e+00, 2.38579137e-02, ...,
        2.64514880e-04, 7.03243203e-05, 3.33707572e-04],
       [1.82083788e-02, 2.38579137e-02, 0.00000000e+00, ...,
        9.07147820e-05, 1.92697773e-04, 1.91280705e-03],
       ...,
       [1.03339462e-04, 2.64514880e-04, 9.07147820e-05, ...,
        0.00000000e+00, 1.54406312e-02, 4.88351549e-02],
       [5.02920767e-05, 7.03243203e-05, 1.92697773e-04, ...,
        1.54406312e-02, 0.00000000e+00, 3.43770021e-02],
       [5.94936122e-04, 3.33707572e-04, 1.91280705e-03, ...,
        4.88351549e-02, 3.43770021e-02, 0.00000000e+00]], shape=(45, 45)), 'molecular-dipole': array([ 0.79623354,  0.8179884 , -0.68613027]), 'molecular-quadrupole': array([ 19.30606315,  60.97922953,  -4.2877233 , 130.01451662,
       116.90478011, -15.01833985])}
------------------------------------------------------------
  cycle        total energy    energy error   density error
------------------------------------------------------------
      1     -163.4422930864  -1.6320711E+02   9.9866077E-03
      2     -163.3168385981   1.2545449E-01   2.2182715E-02
      3     -162.8664735302   4.5036507E-01   4.2968788E-02
      4     -163.4404093453  -5.7393582E-01   6.0915768E-03
      5     -163.4440660266  -3.6566813E-03   4.0919721E-03
      6     -163.4419451296   2.1208970E-03   5.3811972E-03
      7     -163.4450408091  -3.0956795E-03   2.0105793E-03
      8     -163.4456585529  -6.1774371E-04   1.2796018E-03
      9     -163.4457680778  -1.0952494E-04   3.6348877E-04
     10     -163.4457763083  -8.2304613E-06   1.9365885E-04
     11     -163.4457766177  -3.0945716E-07   1.3596605E-04
     12     -163.4457771798  -5.6204556E-07   8.4452368E-05
     13     -163.4457781477  -9.6796970E-07   3.9666817E-05
     14     -163.4457782418  -9.4116814E-08   1.9031357E-05
------------------------------------------------------------

 total:                                  14.339 sec
3
{'bond-orders': array([[0.00000000e+00, 3.07258045e-01, 1.80746603e-02, ...,
        9.03325283e-05, 4.00199700e-05, 4.79562146e-04],
       [3.07258045e-01, 0.00000000e+00, 2.40234677e-02, ...,
        2.49461496e-04, 6.41665969e-05, 2.86897207e-04],
       [1.80746603e-02, 2.40234677e-02, 0.00000000e+00, ...,
        8.55874108e-05, 1.64719983e-04, 1.65975806e-03],
       ...,
       [9.03325283e-05, 2.49461496e-04, 8.55874108e-05, ...,
        0.00000000e+00, 1.63796363e-02, 5.46857782e-02],
       [4.00199700e-05, 6.41665969e-05, 1.64719983e-04, ...,
        1.63796363e-02, 0.00000000e+00, 3.40037631e-02],
       [4.79562146e-04, 2.86897207e-04, 1.65975806e-03, ...,
        5.46857782e-02, 3.40037631e-02, 0.00000000e+00]], shape=(45, 45))}
{'bond-orders': array([[0.00000000e+00, 3.07258045e-01, 1.80746603e-02, ...,
        9.03325283e-05, 4.00199700e-05, 4.79562146e-04],
       [3.07258045e-01, 0.00000000e+00, 2.40234677e-02, ...,
        2.49461496e-04, 6.41665969e-05, 2.86897207e-04],
       [1.80746603e-02, 2.40234677e-02, 0.00000000e+00, ...,
        8.55874108e-05, 1.64719983e-04, 1.65975806e-03],
       ...,
       [9.03325283e-05, 2.49461496e-04, 8.55874108e-05, ...,
        0.00000000e+00, 1.63796363e-02, 5.46857782e-02],
       [4.00199700e-05, 6.41665969e-05, 1.64719983e-04, ...,
        1.63796363e-02, 0.00000000e+00, 3.40037631e-02],
       [4.79562146e-04, 2.86897207e-04, 1.65975806e-03, ...,
        5.46857782e-02, 3.40037631e-02, 0.00000000e+00]], shape=(45, 45)), 'molecular-dipole': array([ 0.89849927,  0.82158293, -1.00805381])}
{'bond-orders': array([[0.00000000e+00, 3.07258045e-01, 1.80746603e-02, ...,
        9.03325283e-05, 4.00199700e-05, 4.79562146e-04],
       [3.07258045e-01, 0.00000000e+00, 2.40234677e-02, ...,
        2.49461496e-04, 6.41665969e-05, 2.86897207e-04],
       [1.80746603e-02, 2.40234677e-02, 0.00000000e+00, ...,
        8.55874108e-05, 1.64719983e-04, 1.65975806e-03],
       ...,
       [9.03325283e-05, 2.49461496e-04, 8.55874108e-05, ...,
        0.00000000e+00, 1.63796363e-02, 5.46857782e-02],
       [4.00199700e-05, 6.41665969e-05, 1.64719983e-04, ...,
        1.63796363e-02, 0.00000000e+00, 3.40037631e-02],
       [4.79562146e-04, 2.86897207e-04, 1.65975806e-03, ...,
        5.46857782e-02, 3.40037631e-02, 0.00000000e+00]], shape=(45, 45)), 'molecular-dipole': array([ 0.89849927,  0.82158293, -1.00805381]), 'molecular-quadrupole': array([ 37.63210811,  68.03804128,   7.40976482, 131.26526108,
       109.86760816, -45.04187294])}
------------------------------------------------------------
  cycle        total energy    energy error   density error
------------------------------------------------------------
      1     -163.4574205527  -1.6323274E+02   8.7507069E-03
      2     -163.4189148663   3.8505686E-02   1.4194005E-02
      3     -162.9838945055   4.3502036E-01   3.8661493E-02
      4     -163.4578564149  -4.7396191E-01   4.7227305E-03
      5     -163.4595440522  -1.6876373E-03   2.8832194E-03
      6     -163.4574296701   2.1143821E-03   3.6769579E-03
      7     -163.4591907491  -1.7610790E-03   2.0431574E-03
      8     -163.4600081756  -8.1742652E-04   5.0582655E-04
      9     -163.4600181581  -9.9825189E-06   3.7536929E-04
     10     -163.4600246729  -6.5147607E-06   2.1943014E-04
     11     -163.4600283268  -3.6539194E-06   9.1949793E-05
     12     -163.4600283462  -1.9393298E-08   6.4242731E-05
     13     -163.4600287946  -4.4841224E-07   3.6929128E-05
     14     -163.4600288271  -3.2510343E-08   1.8149357E-05
------------------------------------------------------------

 total:                                  14.431 sec
3
{'bond-orders': array([[0.00000000e+00, 3.06933570e-01, 1.79049886e-02, ...,
        7.65004223e-05, 3.73800190e-05, 3.84363098e-04],
       [3.06933570e-01, 0.00000000e+00, 2.40464280e-02, ...,
        2.27068529e-04, 6.47185727e-05, 2.62826092e-04],
       [1.79049886e-02, 2.40464280e-02, 0.00000000e+00, ...,
        8.47862281e-05, 1.64647947e-04, 1.40910762e-03],
       ...,
       [7.65004223e-05, 2.27068529e-04, 8.47862281e-05, ...,
        0.00000000e+00, 1.59607240e-02, 5.22586086e-02],
       [3.73800190e-05, 6.47185727e-05, 1.64647947e-04, ...,
        1.59607240e-02, 0.00000000e+00, 3.78436004e-02],
       [3.84363098e-04, 2.62826092e-04, 1.40910762e-03, ...,
        5.22586086e-02, 3.78436004e-02, 0.00000000e+00]], shape=(45, 45))}
{'bond-orders': array([[0.00000000e+00, 3.06933570e-01, 1.79049886e-02, ...,
        7.65004223e-05, 3.73800190e-05, 3.84363098e-04],
       [3.06933570e-01, 0.00000000e+00, 2.40464280e-02, ...,
        2.27068529e-04, 6.47185727e-05, 2.62826092e-04],
       [1.79049886e-02, 2.40464280e-02, 0.00000000e+00, ...,
        8.47862281e-05, 1.64647947e-04, 1.40910762e-03],
       ...,
       [7.65004223e-05, 2.27068529e-04, 8.47862281e-05, ...,
        0.00000000e+00, 1.59607240e-02, 5.22586086e-02],
       [3.73800190e-05, 6.47185727e-05, 1.64647947e-04, ...,
        1.59607240e-02, 0.00000000e+00, 3.78436004e-02],
       [3.84363098e-04, 2.62826092e-04, 1.40910762e-03, ...,
        5.22586086e-02, 3.78436004e-02, 0.00000000e+00]], shape=(45, 45)), 'molecular-dipole': array([ 0.91839098,  0.81830914, -1.15957136])}
{'bond-orders': array([[0.00000000e+00, 3.06933570e-01, 1.79049886e-02, ...,
        7.65004223e-05, 3.73800190e-05, 3.84363098e-04],
       [3.06933570e-01, 0.00000000e+00, 2.40464280e-02, ...,
        2.27068529e-04, 6.47185727e-05, 2.62826092e-04],
       [1.79049886e-02, 2.40464280e-02, 0.00000000e+00, ...,
        8.47862281e-05, 1.64647947e-04, 1.40910762e-03],
       ...,
       [7.65004223e-05, 2.27068529e-04, 8.47862281e-05, ...,
        0.00000000e+00, 1.59607240e-02, 5.22586086e-02],
       [3.73800190e-05, 6.47185727e-05, 1.64647947e-04, ...,
        1.59607240e-02, 0.00000000e+00, 3.78436004e-02],
       [3.84363098e-04, 2.62826092e-04, 1.40910762e-03, ...,
        5.22586086e-02, 3.78436004e-02, 0.00000000e+00]], shape=(45, 45)), 'molecular-dipole': array([ 0.91839098,  0.81830914, -1.15957136]), 'molecular-quadrupole': array([ 45.6645233 ,  71.53561054,  13.38509995, 128.44700109,
       105.72320629, -59.04962326])}
------------------------------------------------------------
  cycle        total energy    energy error   density error
------------------------------------------------------------
      1     -163.4685839522  -1.6325189E+02   6.9801847E-03
      2     -163.4469210734   2.1662879E-02   1.1230763E-02
      3     -163.1816210303   2.6530004E-01   3.0143151E-02
      4     -163.4699191082  -2.8829808E-01   3.3553723E-03
      5     -163.4701271355  -2.0802732E-04   2.2003278E-03
      6     -163.4697941562   3.3297938E-04   2.4211953E-03
      7     -163.4691377776   6.5637857E-04   2.5101540E-03
      8     -163.4702412841  -1.1035065E-03   1.0738410E-03
      9     -163.4703645031  -1.2321902E-04   2.6099891E-04
     10     -163.4703703336  -5.8304416E-06   1.4991737E-04
     11     -163.4703719520  -1.6183961E-06   7.5492338E-05
     12     -163.4703720634  -1.1138397E-07   4.0218529E-05
     13     -163.4703722815  -2.1812357E-07   2.1871325E-05
     14     -163.4703723285  -4.7030056E-08   7.6130797E-06
------------------------------------------------------------

 total:                                  14.384 sec
3
{'bond-orders': array([[0.00000000e+00, 3.06409801e-01, 1.77165905e-02, ...,
        6.10272848e-05, 3.64270124e-05, 3.26784253e-04],
       [3.06409801e-01, 0.00000000e+00, 2.39933260e-02, ...,
        1.92296887e-04, 6.20725628e-05, 2.61061107e-04],
       [1.77165905e-02, 2.39933260e-02, 0.00000000e+00, ...,
        8.29037597e-05, 1.76256737e-04, 1.35756612e-03],
       ...,
       [6.10272848e-05, 1.92296887e-04, 8.29037597e-05, ...,
        0.00000000e+00, 1.41317284e-02, 4.16754757e-02],
       [3.64270124e-05, 6.20725628e-05, 1.76256737e-04, ...,
        1.41317284e-02, 0.00000000e+00, 4.39146677e-02],
       [3.26784253e-04, 2.61061107e-04, 1.35756612e-03, ...,
        4.16754757e-02, 4.39146677e-02, 0.00000000e+00]], shape=(45, 45))}
{'bond-orders': array([[0.00000000e+00, 3.06409801e-01, 1.77165905e-02, ...,
        6.10272848e-05, 3.64270124e-05, 3.26784253e-04],
       [3.06409801e-01, 0.00000000e+00, 2.39933260e-02, ...,
        1.92296887e-04, 6.20725628e-05, 2.61061107e-04],
       [1.77165905e-02, 2.39933260e-02, 0.00000000e+00, ...,
        8.29037597e-05, 1.76256737e-04, 1.35756612e-03],
       ...,
       [6.10272848e-05, 1.92296887e-04, 8.29037597e-05, ...,
        0.00000000e+00, 1.41317284e-02, 4.16754757e-02],
       [3.64270124e-05, 6.20725628e-05, 1.76256737e-04, ...,
        1.41317284e-02, 0.00000000e+00, 4.39146677e-02],
       [3.26784253e-04, 2.61061107e-04, 1.35756612e-03, ...,
        4.16754757e-02, 4.39146677e-02, 0.00000000e+00]], shape=(45, 45)), 'molecular-dipole': array([ 0.87841907,  0.88833522, -1.23855596])}
{'bond-orders': array([[0.00000000e+00, 3.06409801e-01, 1.77165905e-02, ...,
        6.10272848e-05, 3.64270124e-05, 3.26784253e-04],
       [3.06409801e-01, 0.00000000e+00, 2.39933260e-02, ...,
        1.92296887e-04, 6.20725628e-05, 2.61061107e-04],
       [1.77165905e-02, 2.39933260e-02, 0.00000000e+00, ...,
        8.29037597e-05, 1.76256737e-04, 1.35756612e-03],
       ...,
       [6.10272848e-05, 1.92296887e-04, 8.29037597e-05, ...,
        0.00000000e+00, 1.41317284e-02, 4.16754757e-02],
       [3.64270124e-05, 6.20725628e-05, 1.76256737e-04, ...,
        1.41317284e-02, 0.00000000e+00, 4.39146677e-02],
       [3.26784253e-04, 2.61061107e-04, 1.35756612e-03, ...,
