/home/ans819/.conda/envs/autoflow/lib/python3.13/site-packages/e3nn/o3/_wigner.py:10: UserWarning: Environment variable TORCH_FORCE_NO_WEIGHTS_ONLY_LOAD detected, since the`weights_only` argument was not explicitly passed to `torch.load`, forcing weights_only=False.
  _Jd, _W3j_flat, _W3j_indices = torch.load(os.path.join(os.path.dirname(__file__), 'constants.pt'))

          ==================== Thresholds ====================
          CN  :   150.00000
          rep :   500.00000
          disp:  2500.00000
          HB1 :   250.00000
          HB2 :   450.00000

          Pauling EN used:
          Z : 1  EN :  2.20
          Z : 6  EN :  2.55
          Z : 8  EN :  3.44
          Z :47  EN :  1.93
          electric field strengths (au): 0.000

           ------------------------------------------------- 
          |           Force Field Initialization            |
           ------------------------------------------------- 

          distances ...
          ----------------------------------------
          generating topology and atomic info file ...
          pair mat ...
          computing topology distances matrix with Floyd-Warshall algo ...
          making topology EEQ charges ...
          #fragments for EEQ constrain: 1
          ----------------------------------------
          generating topology and atomic info file ...
          pair mat ...
          computing topology distances matrix with Floyd-Warshall algo ...
          making topology EEQ charges ...
          #fragments for EEQ constrain: 1
          rings ...
          # BATM   3030
          # H in HB   0

  atom   neighbors  erfCN metchar sp-hybrid imet pi  qest     coordinates
    1  Ag      2    1.35   0.37         2    2    0   0.005    3.199451    0.356229   26.218690
    2  Ag      5    3.15   0.31         0    2    0   0.019    6.689760    4.630967   26.218690
    3  Ag      9    4.27   0.07         0    2    0   0.010   15.415533    8.193249   27.811791
    4  Ag      7    3.92   0.19         0    2    0   0.013   11.925224    3.918511   27.811791
    5  Ag      7    3.92   0.19         0    2    0   0.011   20.650997    7.480793   29.404892
    6  Ag      6    3.59   0.27         0    2    0   0.015   17.160688    3.206054   29.404892
    7  Ag      9    4.27   0.07         0    2    0   0.013    8.434915    6.768336   30.997993
    8  Ag      6    3.59   0.23         0    2    0   0.023    4.944605    2.493598   30.997993
    9  Ag     12    4.39   0.01         0    2    0   0.009   13.670379    6.055880   32.591094
   10  Ag      7    3.92   0.19         0    2    0   0.017   10.180069    1.781141   32.591094
   11  Ag      9    4.27   0.07         0    2    0   0.009   18.905843    5.343423   34.184195
   12  Ag      6    3.59   0.27         0    2    0   0.021   15.415533    1.068685   34.184195
   13  Ag      8    4.14   0.11         0    2    0   0.028    6.689760    4.630967   35.777296
   14  Ag      3    2.00   0.37         2    2    0   0.017    3.199451    0.356229   35.777296
   15  Ag      8    4.14   0.12         0    2    0   0.028   11.925224    3.918511   37.370397
   16  Ag     10    4.34   0.04         0    2    0   0.010   15.415533    8.193249   37.370397
   17  Ag      5    3.15   0.34         0    2    0   0.022   17.160688    3.206054   38.963498
   18  Ag      6    3.59   0.26         0    2    0   0.014   20.650997    7.480793   38.963498
   19  Ag      3    2.08   0.41         2    2    0   0.032    4.944605    2.493598   40.556598
   20  Ag      6    3.80   0.19         0    2    0   0.114    8.434915    6.768336   40.556598
   21  Ag      6    3.59   0.26         0    2    0   0.015   10.180069    8.905705   26.218690
   22  Ag      5    3.15   0.34         0    2    0   0.018   13.670379   13.180444   26.218690
   23  Ag      4    2.61   0.38         3    2    0   0.019   22.396152   16.742726   27.811791
   24  Ag      8    4.14   0.12         0    2    0   0.011   18.905843   12.467987   27.811791
   25  Ag      3    2.00   0.39         2    2    0   0.013   27.631616   16.030269   29.404892
   26  Ag      7    3.92   0.19         0    2    0   0.016   24.141307   11.755531   29.404892
   27  Ag      6    3.59   0.27         0    2    0   0.014   15.415533   15.317813   30.997993
   28  Ag      9    4.27   0.07         0    2    0   0.014   11.925224   11.043075   30.997993
   29  Ag      9    4.27   0.07         0    2    0   0.009   20.650997   14.605357   32.591094
/home/ans819/.conda/envs/autoflow/lib/python3.13/site-packages/mace/calculators/mace.py:197: UserWarning: Environment variable TORCH_FORCE_NO_WEIGHTS_ONLY_LOAD detected, since the`weights_only` argument was not explicitly passed to `torch.load`, forcing weights_only=False.
  torch.load(f=model_path, map_location=device)
/home/ans819/.conda/envs/autoflow/lib/python3.13/site-packages/chgnet/model/model.py:898: UserWarning: Converting a tensor with requires_grad=True to a scalar may lead to unexpected behavior.
Consider using tensor.detach() first. (Triggered internally at /pytorch/torch/csrc/autograd/generated/python_variable_methods.cpp:836.)
  volumes = torch.tensor(volumes, dtype=TORCH_DTYPE, device=atomic_numbers.device)
cuequivariance or cuequivariance_torch is not available. Cuequivariance acceleration will be disabled.
------------------------------------------------------------
  cycle        total energy    energy error   density error
------------------------------------------------------------
      1     -163.2105999453  -1.6296922E+02   9.9761863E-01
      2     -161.8819508882   1.3286491E+00   6.1699023E-01
      3      210.1251697803   3.7200712E+02   1.6948041E+00
      4     -120.1575069092  -3.3028268E+02   7.8248008E-01
      5     -45.47080184296   7.4686705E+01   7.3645799E-01
      6     -159.5056548062  -1.1403485E+02   2.1951248E-01
      7     -149.0620474992   1.0443607E+01   2.3805407E-01
      8     -162.0693139242  -1.3007266E+01   9.0104350E-02
      9     -162.8729990050  -8.0368508E-01   7.1845666E-02
     10     -163.3025358043  -4.2953680E-01   4.5993722E-02
     11     -163.4727088184  -1.7017301E-01   4.1483250E-02
     12     -163.5043159921  -3.1607174E-02   3.1874018E-02
     13     -163.5030184555   1.2975366E-03   2.6911408E-02
     14     -163.5152593196  -1.2240864E-02   2.2234607E-02
     15     -163.5188490677  -3.5897481E-03   2.0369835E-02
     16     -163.5205064340  -1.6573663E-03   1.7968332E-02
     17     -163.5212347262  -7.2829218E-04   1.5608127E-02
     18     -163.5213194964  -8.4770207E-05   1.3849849E-02
     19     -163.5217181635  -3.9866707E-04   1.2504818E-02
     20     -163.5219651451  -2.4698160E-04   1.1202972E-02
     21     -163.5221133016  -1.4815650E-04   9.6982019E-03
     22     -163.5222886158  -1.7531422E-04   8.7769067E-03
     23     -163.5227080619  -4.1944614E-04   7.7306075E-03
     24     -163.5232419201  -5.3385818E-04   6.1324899E-03
     25     -163.5236739571  -4.3203697E-04   3.3768222E-03
     26     -163.5238007396  -1.2678247E-04   1.6745714E-03
     27     -163.5238473623  -4.6622720E-05   4.6439628E-04
     28     -163.5238462987   1.0636373E-06   3.1356749E-04
     29     -163.5238482999  -2.0012014E-06   2.8569282E-04
     30     -163.5238484976  -1.9775536E-07   3.2776636E-04
     31     -163.5238493931  -8.9546938E-07   2.1613371E-04
     32     -163.5238494664  -7.3331080E-08   1.7409244E-04
     33     -163.5238495165  -5.0120718E-08   1.4241907E-04
     34     -163.5238499295  -4.1299666E-07   9.0461688E-05
     35     -163.5238500378  -1.0826389E-07   3.5600417E-05
     36     -163.5238500507  -1.2894702E-08   9.6098903E-06
------------------------------------------------------------

 total:                                  20.515 sec
3
{'bond-orders': array([[0.00000000e+00, 3.09480054e-01, 1.68492220e-02, ...,
        7.52801441e-05, 2.01036279e-04, 1.71771209e-03],
       [3.09480054e-01, 0.00000000e+00, 1.97965701e-02, ...,
        1.49013313e-05, 1.19296745e-04, 1.34656410e-03],
       [1.68492220e-02, 1.97965701e-02, 0.00000000e+00, ...,
        1.55297787e-04, 1.88212577e-04, 3.37039960e-03],
       ...,
       [7.52801441e-05, 1.49013313e-05, 1.55297787e-04, ...,
        0.00000000e+00, 4.01614417e-03, 2.10544961e-02],
       [2.01036279e-04, 1.19296745e-04, 1.88212577e-04, ...,
        4.01614417e-03, 0.00000000e+00, 1.99877364e-02],
       [1.71771209e-03, 1.34656410e-03, 3.37039960e-03, ...,
        2.10544961e-02, 1.99877364e-02, 0.00000000e+00]], shape=(45, 45))}
{'bond-orders': array([[0.00000000e+00, 3.09480054e-01, 1.68492220e-02, ...,
        7.52801441e-05, 2.01036279e-04, 1.71771209e-03],
       [3.09480054e-01, 0.00000000e+00, 1.97965701e-02, ...,
        1.49013313e-05, 1.19296745e-04, 1.34656410e-03],
       [1.68492220e-02, 1.97965701e-02, 0.00000000e+00, ...,
        1.55297787e-04, 1.88212577e-04, 3.37039960e-03],
       ...,
       [7.52801441e-05, 1.49013313e-05, 1.55297787e-04, ...,
        0.00000000e+00, 4.01614417e-03, 2.10544961e-02],
       [2.01036279e-04, 1.19296745e-04, 1.88212577e-04, ...,
        4.01614417e-03, 0.00000000e+00, 1.99877364e-02],
       [1.71771209e-03, 1.34656410e-03, 3.37039960e-03, ...,
        2.10544961e-02, 1.99877364e-02, 0.00000000e+00]], shape=(45, 45)), 'molecular-dipole': array([-0.39139694,  0.05938546, -0.20770686])}
{'bond-orders': array([[0.00000000e+00, 3.09480054e-01, 1.68492220e-02, ...,
        7.52801441e-05, 2.01036279e-04, 1.71771209e-03],
       [3.09480054e-01, 0.00000000e+00, 1.97965701e-02, ...,
        1.49013313e-05, 1.19296745e-04, 1.34656410e-03],
       [1.68492220e-02, 1.97965701e-02, 0.00000000e+00, ...,
        1.55297787e-04, 1.88212577e-04, 3.37039960e-03],
       ...,
       [7.52801441e-05, 1.49013313e-05, 1.55297787e-04, ...,
        0.00000000e+00, 4.01614417e-03, 2.10544961e-02],
       [2.01036279e-04, 1.19296745e-04, 1.88212577e-04, ...,
        4.01614417e-03, 0.00000000e+00, 1.99877364e-02],
       [1.71771209e-03, 1.34656410e-03, 3.37039960e-03, ...,
        2.10544961e-02, 1.99877364e-02, 0.00000000e+00]], shape=(45, 45)), 'molecular-dipole': array([-0.39139694,  0.05938546, -0.20770686]), 'molecular-quadrupole': array([-36.78343348,  21.19633848,   2.6334553 ,  -3.20500442,
        21.6546637 ,  34.14997818])}
------------------------------------------------------------
  cycle        total energy    energy error   density error
------------------------------------------------------------
      1     -163.5279536014  -1.6328892E+02   8.5191834E-03
      2     -163.3786380376   1.4931556E-01   2.3983642E-02
      3     -163.0486940292   3.2994401E-01   3.9049217E-02
      4     -163.5260870857  -4.7739306E-01   7.8414633E-03
      5     -163.5263290566  -2.4197089E-04   5.9975853E-03
      6     -163.5288674517  -2.5383951E-03   3.0422870E-03
      7     -163.5299759134  -1.1084617E-03   1.5243537E-03
      8     -163.5299772893  -1.3759852E-06   1.1301198E-03
      9     -163.5300640085  -8.6719127E-05   5.6680354E-04
     10     -163.5300995089  -3.5500405E-05   3.4383542E-04
     11     -163.5301235063  -2.3997413E-05   1.0271917E-04
     12     -163.5301242180  -7.1170166E-07   4.0118823E-05
     13     -163.5301241928   2.5233845E-08   3.0609859E-05
     14     -163.5301242180  -2.5230889E-08   1.7706604E-05
------------------------------------------------------------

 total:                                  13.647 sec
3
{'bond-orders': array([[0.00000000e+00, 3.09659420e-01, 1.65990689e-02, ...,
        4.68980099e-05, 2.30283608e-04, 1.49665038e-03],
       [3.09659420e-01, 0.00000000e+00, 1.94965921e-02, ...,
        3.02608828e-07, 1.19650796e-04, 1.23017460e-03],
       [1.65990689e-02, 1.94965921e-02, 0.00000000e+00, ...,
        2.18736211e-04, 2.40085963e-04, 3.50292474e-03],
       ...,
       [4.68980099e-05, 3.02608828e-07, 2.18736211e-04, ...,
        0.00000000e+00, 4.01991562e-03, 2.51644831e-02],
       [2.30283608e-04, 1.19650796e-04, 2.40085963e-04, ...,
        4.01991562e-03, 0.00000000e+00, 2.13569364e-02],
       [1.49665038e-03, 1.23017460e-03, 3.50292474e-03, ...,
        2.51644831e-02, 2.13569364e-02, 0.00000000e+00]], shape=(45, 45))}
{'bond-orders': array([[0.00000000e+00, 3.09659420e-01, 1.65990689e-02, ...,
        4.68980099e-05, 2.30283608e-04, 1.49665038e-03],
       [3.09659420e-01, 0.00000000e+00, 1.94965921e-02, ...,
        3.02608828e-07, 1.19650796e-04, 1.23017460e-03],
       [1.65990689e-02, 1.94965921e-02, 0.00000000e+00, ...,
        2.18736211e-04, 2.40085963e-04, 3.50292474e-03],
       ...,
       [4.68980099e-05, 3.02608828e-07, 2.18736211e-04, ...,
        0.00000000e+00, 4.01991562e-03, 2.51644831e-02],
       [2.30283608e-04, 1.19650796e-04, 2.40085963e-04, ...,
        4.01991562e-03, 0.00000000e+00, 2.13569364e-02],
       [1.49665038e-03, 1.23017460e-03, 3.50292474e-03, ...,
        2.51644831e-02, 2.13569364e-02, 0.00000000e+00]], shape=(45, 45)), 'molecular-dipole': array([-0.24484122,  0.19102578, -0.30567848])}
{'bond-orders': array([[0.00000000e+00, 3.09659420e-01, 1.65990689e-02, ...,
        4.68980099e-05, 2.30283608e-04, 1.49665038e-03],
       [3.09659420e-01, 0.00000000e+00, 1.94965921e-02, ...,
        3.02608828e-07, 1.19650796e-04, 1.23017460e-03],
       [1.65990689e-02, 1.94965921e-02, 0.00000000e+00, ...,
        2.18736211e-04, 2.40085963e-04, 3.50292474e-03],
       ...,
       [4.68980099e-05, 3.02608828e-07, 2.18736211e-04, ...,
        0.00000000e+00, 4.01991562e-03, 2.51644831e-02],
       [2.30283608e-04, 1.19650796e-04, 2.40085963e-04, ...,
        4.01991562e-03, 0.00000000e+00, 2.13569364e-02],
       [1.49665038e-03, 1.23017460e-03, 3.50292474e-03, ...,
        2.51644831e-02, 2.13569364e-02, 0.00000000e+00]], shape=(45, 45)), 'molecular-dipole': array([-0.24484122,  0.19102578, -0.30567848]), 'molecular-quadrupole': array([-28.6850808 ,  31.07782233,   5.21031887,   9.03443859,
        35.42768554,  23.47476192])}
------------------------------------------------------------
  cycle        total energy    energy error   density error
------------------------------------------------------------
      1     -163.5306534089  -1.6329345E+02   9.3076736E-03
      2     -163.1366493476   3.9400406E-01   3.7157288E-02
      3     -163.0929514662   4.3697881E-02   3.7741532E-02
      4     -163.5303174962  -4.3736603E-01   7.7200374E-03
      5     -163.5312127795  -8.9528327E-04   5.8781610E-03
      6     -163.5328578746  -1.6450951E-03   3.6438539E-03
      7     -163.5346806285  -1.8227539E-03   1.5391926E-03
      8     -163.5347284057  -4.7777145E-05   1.1009948E-03
      9     -163.5348097836  -8.1377900E-05   6.1956847E-04
     10     -163.5348436785  -3.3894976E-05   3.8559738E-04
     11     -163.5348693934  -2.5714858E-05   1.5665283E-04
     12     -163.5348721604  -2.7669717E-06   6.4249410E-05
     13     -163.5348722819  -1.2148206E-07   3.4065319E-05
     14     -163.5348723203  -3.8480977E-08   1.6723419E-05
------------------------------------------------------------

 total:                                  13.680 sec
3
{'bond-orders': array([[ 0.00000000e+00,  3.09982903e-01,  1.64517846e-02, ...,
         1.73970096e-05,  2.42501719e-04,  1.30627078e-03],
       [ 3.09982903e-01,  0.00000000e+00,  1.92587241e-02, ...,
        -1.41124283e-05,  1.14478463e-04,  1.18970613e-03],
       [ 1.64517846e-02,  1.92587241e-02,  0.00000000e+00, ...,
         2.84501384e-04,  2.62739839e-04,  3.67221259e-03],
       ...,
       [ 1.73970096e-05, -1.41124283e-05,  2.84501384e-04, ...,
         0.00000000e+00,  3.85362402e-03,  2.74762251e-02],
       [ 2.42501719e-04,  1.14478463e-04,  2.62739839e-04, ...,
         3.85362402e-03,  0.00000000e+00,  2.23427043e-02],
       [ 1.30627078e-03,  1.18970613e-03,  3.67221259e-03, ...,
         2.74762251e-02,  2.23427043e-02,  0.00000000e+00]],
      shape=(45, 45))}
{'bond-orders': array([[ 0.00000000e+00,  3.09982903e-01,  1.64517846e-02, ...,
         1.73970096e-05,  2.42501719e-04,  1.30627078e-03],
       [ 3.09982903e-01,  0.00000000e+00,  1.92587241e-02, ...,
        -1.41124283e-05,  1.14478463e-04,  1.18970613e-03],
       [ 1.64517846e-02,  1.92587241e-02,  0.00000000e+00, ...,
         2.84501384e-04,  2.62739839e-04,  3.67221259e-03],
       ...,
       [ 1.73970096e-05, -1.41124283e-05,  2.84501384e-04, ...,
         0.00000000e+00,  3.85362402e-03,  2.74762251e-02],
       [ 2.42501719e-04,  1.14478463e-04,  2.62739839e-04, ...,
         3.85362402e-03,  0.00000000e+00,  2.23427043e-02],
       [ 1.30627078e-03,  1.18970613e-03,  3.67221259e-03, ...,
         2.74762251e-02,  2.23427043e-02,  0.00000000e+00]],
      shape=(45, 45)), 'molecular-dipole': array([-0.1134431 ,  0.32242358, -0.46433945])}
{'bond-orders': array([[ 0.00000000e+00,  3.09982903e-01,  1.64517846e-02, ...,
         1.73970096e-05,  2.42501719e-04,  1.30627078e-03],
       [ 3.09982903e-01,  0.00000000e+00,  1.92587241e-02, ...,
        -1.41124283e-05,  1.14478463e-04,  1.18970613e-03],
       [ 1.64517846e-02,  1.92587241e-02,  0.00000000e+00, ...,
         2.84501384e-04,  2.62739839e-04,  3.67221259e-03],
       ...,
       [ 1.73970096e-05, -1.41124283e-05,  2.84501384e-04, ...,
         0.00000000e+00,  3.85362402e-03,  2.74762251e-02],
       [ 2.42501719e-04,  1.14478463e-04,  2.62739839e-04, ...,
         3.85362402e-03,  0.00000000e+00,  2.23427043e-02],
       [ 1.30627078e-03,  1.18970613e-03,  3.67221259e-03, ...,
         2.74762251e-02,  2.23427043e-02,  0.00000000e+00]],
      shape=(45, 45)), 'molecular-dipole': array([-0.1134431 ,  0.32242358, -0.46433945]), 'molecular-quadrupole': array([-18.23797764,  40.66250934,  10.39339642,  17.00366371,
        47.76818163,   7.84458121])}
------------------------------------------------------------
  cycle        total energy    energy error   density error
------------------------------------------------------------
      1     -163.5344778192  -1.6329531E+02   9.1711875E-03
      2     -163.1243484334   4.1012939E-01   3.7668645E-02
      3     -163.1703736266  -4.6025193E-02   3.4762783E-02
      4     -163.5363987413  -3.6602511E-01   6.9069037E-03
      5     -163.5374662089  -1.0674676E-03   4.9695870E-03
      6     -163.5375256190  -5.9410164E-05   3.5036398E-03
      7     -163.5390822162  -1.5565972E-03   1.4533329E-03
      8     -163.5391635384  -8.1322183E-05   9.5375939E-04
      9     -163.5392490666  -8.5528199E-05   5.3900190E-04
     10     -163.5392733465  -2.4279887E-05   2.7459075E-04
     11     -163.5392830147  -9.6681902E-06   1.4474239E-04
     12     -163.5392855643  -2.5496737E-06   7.6673552E-05
     13     -163.5392863138  -7.4950984E-07   2.6559506E-05
     14     -163.5392863471  -3.3247801E-08   1.0902406E-05
------------------------------------------------------------

 total:                                  13.719 sec
3
{'bond-orders': array([[ 0.00000000e+00,  3.10339648e-01,  1.63839738e-02, ...,
        -5.99958620e-06,  2.44427443e-04,  1.16854362e-03],
       [ 3.10339648e-01,  0.00000000e+00,  1.90638736e-02, ...,
        -2.78543719e-05,  1.06470995e-04,  1.19113084e-03],
       [ 1.63839738e-02,  1.90638736e-02,  0.00000000e+00, ...,
         3.32226676e-04,  2.58431132e-04,  3.84902165e-03],
       ...,
       [-5.99958620e-06, -2.78543719e-05,  3.32226676e-04, ...,
         0.00000000e+00,  3.62557549e-03,  2.79795022e-02],
       [ 2.44427443e-04,  1.06470995e-04,  2.58431132e-04, ...,
         3.62557549e-03,  0.00000000e+00,  2.30629428e-02],
       [ 1.16854362e-03,  1.19113084e-03,  3.84902165e-03, ...,
         2.79795022e-02,  2.30629428e-02,  0.00000000e+00]],
      shape=(45, 45))}
{'bond-orders': array([[ 0.00000000e+00,  3.10339648e-01,  1.63839738e-02, ...,
        -5.99958620e-06,  2.44427443e-04,  1.16854362e-03],
       [ 3.10339648e-01,  0.00000000e+00,  1.90638736e-02, ...,
        -2.78543719e-05,  1.06470995e-04,  1.19113084e-03],
       [ 1.63839738e-02,  1.90638736e-02,  0.00000000e+00, ...,
         3.32226676e-04,  2.58431132e-04,  3.84902165e-03],
       ...,
       [-5.99958620e-06, -2.78543719e-05,  3.32226676e-04, ...,
         0.00000000e+00,  3.62557549e-03,  2.79795022e-02],
       [ 2.44427443e-04,  1.06470995e-04,  2.58431132e-04, ...,
         3.62557549e-03,  0.00000000e+00,  2.30629428e-02],
       [ 1.16854362e-03,  1.19113084e-03,  3.84902165e-03, ...,
         2.79795022e-02,  2.30629428e-02,  0.00000000e+00]],
      shape=(45, 45)), 'molecular-dipole': array([-0.01132589,  0.45677207, -0.67467899])}
{'bond-orders': array([[ 0.00000000e+00,  3.10339648e-01,  1.63839738e-02, ...,
        -5.99958620e-06,  2.44427443e-04,  1.16854362e-03],
       [ 3.10339648e-01,  0.00000000e+00,  1.90638736e-02, ...,
        -2.78543719e-05,  1.06470995e-04,  1.19113084e-03],
       [ 1.63839738e-02,  1.90638736e-02,  0.00000000e+00, ...,
         3.32226676e-04,  2.58431132e-04,  3.84902165e-03],
       ...,
       [-5.99958620e-06, -2.78543719e-05,  3.32226676e-04, ...,
         0.00000000e+00,  3.62557549e-03,  2.79795022e-02],
       [ 2.44427443e-04,  1.06470995e-04,  2.58431132e-04, ...,
         3.62557549e-03,  0.00000000e+00,  2.30629428e-02],
       [ 1.16854362e-03,  1.19113084e-03,  3.84902165e-03, ...,
         2.79795022e-02,  2.30629428e-02,  0.00000000e+00]],
      shape=(45, 45)), 'molecular-dipole': array([-0.01132589,  0.45677207, -0.67467899]), 'molecular-quadrupole': array([ -6.21458882,  49.79549015,  18.19471929,  19.61545289,
        59.46988434, -11.98013046])}
------------------------------------------------------------
  cycle        total energy    energy error   density error
------------------------------------------------------------
      1     -163.5392733477  -1.6329586E+02   7.1997469E-03
      2     -163.3236018899   2.1567146E-01   2.7377709E-02
      3     -163.3427190428  -1.9117153E-02   2.5791860E-02
      4     -163.5393270768  -1.9660803E-01   5.6980803E-03
      5     -163.5415306927  -2.2036159E-03   3.8453869E-03
      6     -163.5415541644  -2.3471692E-05   2.6668808E-03
      7     -163.5421976153  -6.4345096E-04   1.2020432E-03
      8     -163.5422471210  -4.9505637E-05   6.5585041E-04
      9     -163.5422812902  -3.4169274E-05   3.6971446E-04
     10     -163.5422932251  -1.1934894E-05   1.5385404E-04
     11     -163.5422969886  -3.7634819E-06   7.3160059E-05
     12     -163.5422979111  -9.2246609E-07   3.6241978E-05
     13     -163.5422981094  -1.9833385E-07   1.4947624E-05
------------------------------------------------------------

 total:                                  13.440 sec
3
{'bond-orders': array([[ 0.00000000e+00,  3.10570503e-01,  1.63443232e-02, ...,
        -2.00210054e-05,  2.49922159e-04,  1.11268748e-03],
       [ 3.10570503e-01,  0.00000000e+00,  1.89008684e-02, ...,
        -3.93404985e-05,  1.01151319e-04,  1.16711367e-03],
       [ 1.63443232e-02,  1.89008684e-02,  0.00000000e+00, ...,
         3.68780705e-04,  2.57872259e-04,  4.02260608e-03],
       ...,
       [-2.00210054e-05, -3.93404985e-05,  3.68780705e-04, ...,
         0.00000000e+00,  3.55245349e-03,  2.79604432e-02],
       [ 2.49922159e-04,  1.01151319e-04,  2.57872259e-04, ...,
         3.55245349e-03,  0.00000000e+00,  2.37188089e-02],
       [ 1.11268748e-03,  1.16711367e-03,  4.02260608e-03, ...,
         2.79604432e-02,  2.37188089e-02,  0.00000000e+00]],
      shape=(45, 45))}
{'bond-orders': array([[ 0.00000000e+00,  3.10570503e-01,  1.63443232e-02, ...,
        -2.00210054e-05,  2.49922159e-04,  1.11268748e-03],
       [ 3.10570503e-01,  0.00000000e+00,  1.89008684e-02, ...,
        -3.93404985e-05,  1.01151319e-04,  1.16711367e-03],
       [ 1.63443232e-02,  1.89008684e-02,  0.00000000e+00, ...,
         3.68780705e-04,  2.57872259e-04,  4.02260608e-03],
       ...,
       [-2.00210054e-05, -3.93404985e-05,  3.68780705e-04, ...,
         0.00000000e+00,  3.55245349e-03,  2.79604432e-02],
       [ 2.49922159e-04,  1.01151319e-04,  2.57872259e-04, ...,
         3.55245349e-03,  0.00000000e+00,  2.37188089e-02],
       [ 1.11268748e-03,  1.16711367e-03,  4.02260608e-03, ...,
         2.79604432e-02,  2.37188089e-02,  0.00000000e+00]],
      shape=(45, 45)), 'molecular-dipole': array([ 0.0655242 ,  0.59085113, -0.88141832])}
{'bond-orders': array([[ 0.00000000e+00,  3.10570503e-01,  1.63443232e-02, ...,
        -2.00210054e-05,  2.49922159e-04,  1.11268748e-03],
       [ 3.10570503e-01,  0.00000000e+00,  1.89008684e-02, ...,
        -3.93404985e-05,  1.01151319e-04,  1.16711367e-03],
       [ 1.63443232e-02,  1.89008684e-02,  0.00000000e+00, ...,
         3.68780705e-04,  2.57872259e-04,  4.02260608e-03],
       ...,
       [-2.00210054e-05, -3.93404985e-05,  3.68780705e-04, ...,
         0.00000000e+00,  3.55245349e-03,  2.79604432e-02],
       [ 2.49922159e-04,  1.01151319e-04,  2.57872259e-04, ...,
         3.55245349e-03,  0.00000000e+00,  2.37188089e-02],
       [ 1.11268748e-03,  1.16711367e-03,  4.02260608e-03, ...,
         2.79604432e-02,  2.37188089e-02,  0.00000000e+00]],
      shape=(45, 45)), 'molecular-dipole': array([ 0.0655242 ,  0.59085113, -0.88141832]), 'molecular-quadrupole': array([  4.94175302,  58.25779286,  26.39847584,  19.68855886,
        71.32713813, -31.34022885])}
------------------------------------------------------------
  cycle        total energy    energy error   density error
------------------------------------------------------------
      1     -163.5432882732  -1.6329724E+02   3.4245026E-03
      2     -163.5179392152   2.5349058E-02   9.8776047E-03
      3     -163.4906835134   2.7255702E-02   1.3189950E-02
      4     -163.5417982733  -5.1114760E-02   3.4033724E-03
      5     -163.5436229795  -1.8247062E-03   2.0564267E-03
      6     -163.5437497205  -1.2674101E-04   1.2406860E-03
      7     -163.5438438644  -9.4143864E-05   6.1909282E-04
      8     -163.5438577202  -1.3855813E-05   2.7105756E-04
      9     -163.5438614909  -3.7706645E-06   1.5661897E-04
     10     -163.5438635497  -2.0588530E-06   7.9723413E-05
     11     -163.5438645804  -1.0306985E-06   3.2986281E-05
     12     -163.5438647579  -1.7745108E-07   1.4613400E-05
------------------------------------------------------------

 total:                                  13.262 sec
3
{'bond-orders': array([[ 0.00000000e+00,  3.10598716e-01,  1.63184042e-02, ...,
        -2.50594308e-05,  2.53252193e-04,  1.10545447e-03],
       [ 3.10598716e-01,  0.00000000e+00,  1.87997047e-02, ...,
        -4.46569322e-05,  9.87233378e-05,  1.13494791e-03],
       [ 1.63184042e-02,  1.87997047e-02,  0.00000000e+00, ...,
         3.93596190e-04,  2.61889535e-04,  4.13275009e-03],
       ...,
       [-2.50594308e-05, -4.46569322e-05,  3.93596190e-04, ...,
         0.00000000e+00,  3.66089430e-03,  2.80921828e-02],
       [ 2.53252193e-04,  9.87233378e-05,  2.61889535e-04, ...,
         3.66089430e-03,  0.00000000e+00,  2.42070303e-02],
       [ 1.10545447e-03,  1.13494791e-03,  4.13275009e-03, ...,
         2.80921828e-02,  2.42070303e-02,  0.00000000e+00]],
      shape=(45, 45))}
{'bond-orders': array([[ 0.00000000e+00,  3.10598716e-01,  1.63184042e-02, ...,
        -2.50594308e-05,  2.53252193e-04,  1.10545447e-03],
       [ 3.10598716e-01,  0.00000000e+00,  1.87997047e-02, ...,
        -4.46569322e-05,  9.87233378e-05,  1.13494791e-03],
       [ 1.63184042e-02,  1.87997047e-02,  0.00000000e+00, ...,
         3.93596190e-04,  2.61889535e-04,  4.13275009e-03],
       ...,
       [-2.50594308e-05, -4.46569322e-05,  3.93596190e-04, ...,
         0.00000000e+00,  3.66089430e-03,  2.80921828e-02],
       [ 2.53252193e-04,  9.87233378e-05,  2.61889535e-04, ...,
         3.66089430e-03,  0.00000000e+00,  2.42070303e-02],
       [ 1.10545447e-03,  1.13494791e-03,  4.13275009e-03, ...,
         2.80921828e-02,  2.42070303e-02,  0.00000000e+00]],
      shape=(45, 45)), 'molecular-dipole': array([ 0.10467453,  0.66663711, -0.99336794])}
{'bond-orders': array([[ 0.00000000e+00,  3.10598716e-01,  1.63184042e-02, ...,
        -2.50594308e-05,  2.53252193e-04,  1.10545447e-03],
       [ 3.10598716e-01,  0.00000000e+00,  1.87997047e-02, ...,
        -4.46569322e-05,  9.87233378e-05,  1.13494791e-03],
       [ 1.63184042e-02,  1.87997047e-02,  0.00000000e+00, ...,
         3.93596190e-04,  2.61889535e-04,  4.13275009e-03],
       ...,
       [-2.50594308e-05, -4.46569322e-05,  3.93596190e-04, ...,
         0.00000000e+00,  3.66089430e-03,  2.80921828e-02],
       [ 2.53252193e-04,  9.87233378e-05,  2.61889535e-04, ...,
         3.66089430e-03,  0.00000000e+00,  2.42070303e-02],
       [ 1.10545447e-03,  1.13494791e-03,  4.13275009e-03, ...,
         2.80921828e-02,  2.42070303e-02,  0.00000000e+00]],
      shape=(45, 45)), 'molecular-dipole': array([ 0.10467453,  0.66663711, -0.99336794]), 'molecular-quadrupole': array([ 10.9359772 ,  62.70243038,  30.86123152,  19.61433901,
        78.30663766, -41.79720872])}
------------------------------------------------------------
  cycle        total energy    energy error   density error
------------------------------------------------------------
      1     -163.5452869602  -1.6329728E+02   2.4679632E-03
      2     -163.5411090248   4.1779354E-03   4.6552644E-03
      3     -163.5164539066   2.4655118E-02   9.6179532E-03
      4     -163.5432104022  -2.6756496E-02   3.0999402E-03
      5     -163.5453224269  -2.1120246E-03   1.7230887E-03
      6     -163.5454516478  -1.2922094E-04   8.3681193E-04
      7     -163.5454939453  -4.2297437E-05   4.0818110E-04
      8     -163.5454994678  -5.5225782E-06   2.0430475E-04
      9     -163.5455006329  -1.1650845E-06   1.2471799E-04
     10     -163.5455016128  -9.7988126E-07   7.4892500E-05
     11     -163.5455023228  -7.0999991E-07   3.1963203E-05
     12     -163.5455024973  -1.7447184E-07   1.2956055E-05
------------------------------------------------------------

 total:                                  13.179 sec
3
{'bond-orders': array([[ 0.00000000e+00,  3.10539260e-01,  1.62854293e-02, ...,
        -2.70668379e-05,  2.57529820e-04,  1.10602790e-03],
       [ 3.10539260e-01,  0.00000000e+00,  1.86921328e-02, ...,
        -4.72250799e-05,  9.72498482e-05,  1.09964966e-03],
       [ 1.62854293e-02,  1.86921328e-02,  0.00000000e+00, ...,
         4.27069209e-04,  2.73077012e-04,  4.25215688e-03],
       ...,
       [-2.70668379e-05, -4.72250799e-05,  4.27069209e-04, ...,
         0.00000000e+00,  3.96856635e-03,  2.84646513e-02],
       [ 2.57529820e-04,  9.72498482e-05,  2.73077012e-04, ...,
         3.96856635e-03,  0.00000000e+00,  2.49118030e-02],
       [ 1.10602790e-03,  1.09964966e-03,  4.25215688e-03, ...,
         2.84646513e-02,  2.49118030e-02,  0.00000000e+00]],
      shape=(45, 45))}
{'bond-orders': array([[ 0.00000000e+00,  3.10539260e-01,  1.62854293e-02, ...,
        -2.70668379e-05,  2.57529820e-04,  1.10602790e-03],
       [ 3.10539260e-01,  0.00000000e+00,  1.86921328e-02, ...,
        -4.72250799e-05,  9.72498482e-05,  1.09964966e-03],
       [ 1.62854293e-02,  1.86921328e-02,  0.00000000e+00, ...,
         4.27069209e-04,  2.73077012e-04,  4.25215688e-03],
       ...,
       [-2.70668379e-05, -4.72250799e-05,  4.27069209e-04, ...,
         0.00000000e+00,  3.96856635e-03,  2.84646513e-02],
       [ 2.57529820e-04,  9.72498482e-05,  2.73077012e-04, ...,
         3.96856635e-03,  0.00000000e+00,  2.49118030e-02],
       [ 1.10602790e-03,  1.09964966e-03,  4.25215688e-03, ...,
         2.84646513e-02,  2.49118030e-02,  0.00000000e+00]],
      shape=(45, 45)), 'molecular-dipole': array([ 0.14181159,  0.73811291, -1.07609447])}
{'bond-orders': array([[ 0.00000000e+00,  3.10539260e-01,  1.62854293e-02, ...,
        -2.70668379e-05,  2.57529820e-04,  1.10602790e-03],
       [ 3.10539260e-01,  0.00000000e+00,  1.86921328e-02, ...,
        -4.72250799e-05,  9.72498482e-05,  1.09964966e-03],
       [ 1.62854293e-02,  1.86921328e-02,  0.00000000e+00, ...,
         4.27069209e-04,  2.73077012e-04,  4.25215688e-03],
       ...,
       [-2.70668379e-05, -4.72250799e-05,  4.27069209e-04, ...,
         0.00000000e+00,  3.96856635e-03,  2.84646513e-02],
       [ 2.57529820e-04,  9.72498482e-05,  2.73077012e-04, ...,
         3.96856635e-03,  0.00000000e+00,  2.49118030e-02],
       [ 1.10602790e-03,  1.09964966e-03,  4.25215688e-03, ...,
         2.84646513e-02,  2.49118030e-02,  0.00000000e+00]],
      shape=(45, 45)), 'molecular-dipole': array([ 0.14181159,  0.73811291, -1.07609447]), 'molecular-quadrupole': array([ 15.57385178,  66.78229645,  34.15176211,  20.51631604,
        85.24323561, -49.72561389])}
------------------------------------------------------------
  cycle        total energy    energy error   density error
------------------------------------------------------------
      1     -163.5467173327  -1.6329863E+02   1.1069210E-03
      2     -163.5444175314   2.2998013E-03   2.8881673E-03
      3     -163.5421989625   2.2185689E-03   3.7491184E-03
      4     -163.5464225704  -4.2236079E-03   1.4231467E-03
      5     -163.5467032320  -2.8066163E-04   7.2937415E-04
      6     -163.5467412099  -3.7977891E-05   2.1326307E-04
      7     -163.5467447599  -3.5500293E-06   1.1184082E-04
      8     -163.5467447381   2.1809825E-08   8.9718488E-05
      9     -163.5467449942  -2.5607497E-07   5.4300179E-05
     10     -163.5467453812  -3.8701680E-07   3.1022254E-05
     11     -163.5467455064  -1.2520428E-07   1.4881448E-05
------------------------------------------------------------

 total:                                  12.766 sec
3
{'bond-orders': array([[ 0.00000000e+00,  3.10419675e-01,  1.62604684e-02, ...,
        -2.58191207e-05,  2.58996064e-04,  1.10393702e-03],
       [ 3.10419675e-01,  0.00000000e+00,  1.86081301e-02, ...,
        -4.55202801e-05,  9.63977029e-05,  1.08996921e-03],
       [ 1.62604684e-02,  1.86081301e-02,  0.00000000e+00, ...,
         4.54360208e-04,  2.84527185e-04,  4.33800424e-03],
       ...,
       [-2.58191207e-05, -4.55202801e-05,  4.54360208e-04, ...,
         0.00000000e+00,  4.34167561e-03,  2.88042247e-02],
       [ 2.58996064e-04,  9.63977029e-05,  2.84527185e-04, ...,
         4.34167561e-03,  0.00000000e+00,  2.54803225e-02],
       [ 1.10393702e-03,  1.08996921e-03,  4.33800424e-03, ...,
         2.88042247e-02,  2.54803225e-02,  0.00000000e+00]],
      shape=(45, 45))}
{'bond-orders': array([[ 0.00000000e+00,  3.10419675e-01,  1.62604684e-02, ...,
        -2.58191207e-05,  2.58996064e-04,  1.10393702e-03],
       [ 3.10419675e-01,  0.00000000e+00,  1.86081301e-02, ...,
        -4.55202801e-05,  9.63977029e-05,  1.08996921e-03],
       [ 1.62604684e-02,  1.86081301e-02,  0.00000000e+00, ...,
         4.54360208e-04,  2.84527185e-04,  4.33800424e-03],
       ...,
       [-2.58191207e-05, -4.55202801e-05,  4.54360208e-04, ...,
         0.00000000e+00,  4.34167561e-03,  2.88042247e-02],
       [ 2.58996064e-04,  9.63977029e-05,  2.84527185e-04, ...,
         4.34167561e-03,  0.00000000e+00,  2.54803225e-02],
       [ 1.10393702e-03,  1.08996921e-03,  4.33800424e-03, ...,
         2.88042247e-02,  2.54803225e-02,  0.00000000e+00]],
      shape=(45, 45)), 'molecular-dipole': array([ 0.15992847,  0.77067815, -1.0975464 ])}
{'bond-orders': array([[ 0.00000000e+00,  3.10419675e-01,  1.62604684e-02, ...,
        -2.58191207e-05,  2.58996064e-04,  1.10393702e-03],
       [ 3.10419675e-01,  0.00000000e+00,  1.86081301e-02, ...,
        -4.55202801e-05,  9.63977029e-05,  1.08996921e-03],
       [ 1.62604684e-02,  1.86081301e-02,  0.00000000e+00, ...,
         4.54360208e-04,  2.84527185e-04,  4.33800424e-03],
       ...,
       [-2.58191207e-05, -4.55202801e-05,  4.54360208e-04, ...,
         0.00000000e+00,  4.34167561e-03,  2.88042247e-02],
       [ 2.58996064e-04,  9.63977029e-05,  2.84527185e-04, ...,
         4.34167561e-03,  0.00000000e+00,  2.54803225e-02],
       [ 1.10393702e-03,  1.08996921e-03,  4.33800424e-03, ...,
         2.88042247e-02,  2.54803225e-02,  0.00000000e+00]],
      shape=(45, 45)), 'molecular-dipole': array([ 0.15992847,  0.77067815, -1.0975464 ]), 'molecular-quadrupole': array([ 17.00874668,  68.51030276,  34.88234852,  21.72863745,
        88.69879475, -51.8910952 ])}
------------------------------------------------------------
  cycle        total energy    energy error   density error
------------------------------------------------------------
      1     -163.5473732814  -1.6330087E+02   1.0050042E-03
      2     -163.5338981908   1.3475091E-02   6.5249766E-03
      3     -163.5473637249  -1.3465534E-02   9.8484667E-04
      4     -163.5474126487  -4.8923776E-05   6.7082489E-04
      5     -163.5474482711  -3.5622431E-05   6.1044504E-04
      6     -163.5474580941  -9.8229911E-06   3.7401313E-04
      7     -163.5474666384  -8.5442565E-06   1.6646866E-04
      8     -163.5474684942  -1.8558020E-06   7.1221760E-05
      9     -163.5474686877  -1.9352495E-07   3.7252614E-05
     10     -163.5474687476  -5.9906938E-08   1.8125614E-05
------------------------------------------------------------

 total:                                  12.286 sec
3
{'bond-orders': array([[ 0.00000000e+00,  3.10282141e-01,  1.62488738e-02, ...,
        -2.33613214e-05,  2.56287031e-04,  1.10284885e-03],
       [ 3.10282141e-01,  0.00000000e+00,  1.85616787e-02, ...,
        -4.15931893e-05,  9.56669363e-05,  1.10895656e-03],
       [ 1.62488738e-02,  1.85616787e-02,  0.00000000e+00, ...,
         4.64018484e-04,  2.91101240e-04,  4.38218966e-03],
       ...,
       [-2.33613214e-05, -4.15931893e-05,  4.64018484e-04, ...,
         0.00000000e+00,  4.58972624e-03,  2.88625430e-02],
       [ 2.56287031e-04,  9.56669363e-05,  2.91101240e-04, ...,
         4.58972624e-03,  0.00000000e+00,  2.56005056e-02],
       [ 1.10284885e-03,  1.10895656e-03,  4.38218966e-03, ...,
         2.88625430e-02,  2.56005056e-02,  0.00000000e+00]],
      shape=(45, 45))}
{'bond-orders': array([[ 0.00000000e+00,  3.10282141e-01,  1.62488738e-02, ...,
        -2.33613214e-05,  2.56287031e-04,  1.10284885e-03],
       [ 3.10282141e-01,  0.00000000e+00,  1.85616787e-02, ...,
        -4.15931893e-05,  9.56669363e-05,  1.10895656e-03],
       [ 1.62488738e-02,  1.85616787e-02,  0.00000000e+00, ...,
         4.64018484e-04,  2.91101240e-04,  4.38218966e-03],
       ...,
       [-2.33613214e-05, -4.15931893e-05,  4.64018484e-04, ...,
         0.00000000e+00,  4.58972624e-03,  2.88625430e-02],
       [ 2.56287031e-04,  9.56669363e-05,  2.91101240e-04, ...,
         4.58972624e-03,  0.00000000e+00,  2.56005056e-02],
       [ 1.10284885e-03,  1.10895656e-03,  4.38218966e-03, ...,
         2.88625430e-02,  2.56005056e-02,  0.00000000e+00]],
      shape=(45, 45)), 'molecular-dipole': array([ 0.15886087,  0.76637615, -1.06979406])}
{'bond-orders': array([[ 0.00000000e+00,  3.10282141e-01,  1.62488738e-02, ...,
        -2.33613214e-05,  2.56287031e-04,  1.10284885e-03],
       [ 3.10282141e-01,  0.00000000e+00,  1.85616787e-02, ...,
        -4.15931893e-05,  9.56669363e-05,  1.10895656e-03],
       [ 1.62488738e-02,  1.85616787e-02,  0.00000000e+00, ...,
         4.64018484e-04,  2.91101240e-04,  4.38218966e-03],
       ...,
       [-2.33613214e-05, -4.15931893e-05,  4.64018484e-04, ...,
         0.00000000e+00,  4.58972624e-03,  2.88625430e-02],
       [ 2.56287031e-04,  9.56669363e-05,  2.91101240e-04, ...,
         4.58972624e-03,  0.00000000e+00,  2.56005056e-02],
       [ 1.10284885e-03,  1.10895656e-03,  4.38218966e-03, ...,
         2.88625430e-02,  2.56005056e-02,  0.00000000e+00]],
      shape=(45, 45)), 'molecular-dipole': array([ 0.15886087,  0.76637615, -1.06979406]), 'molecular-quadrupole': array([ 15.84855109,  68.1776722 ,  33.62496092,  22.71930018,
        88.76025998, -49.47351201])}
------------------------------------------------------------
  cycle        total energy    energy error   density error
------------------------------------------------------------
      1     -163.5478666453  -1.6330316E+02   7.3666507E-04
