/home/ans819/.conda/envs/autoflow/lib/python3.13/site-packages/e3nn/o3/_wigner.py:10: UserWarning: Environment variable TORCH_FORCE_NO_WEIGHTS_ONLY_LOAD detected, since the`weights_only` argument was not explicitly passed to `torch.load`, forcing weights_only=False.
  _Jd, _W3j_flat, _W3j_indices = torch.load(os.path.join(os.path.dirname(__file__), 'constants.pt'))

          ==================== Thresholds ====================
          CN  :   150.00000
          rep :   500.00000
          disp:  2500.00000
          HB1 :   250.00000
          HB2 :   450.00000

          Pauling EN used:
          Z : 1  EN :  2.20
          Z : 6  EN :  2.55
          Z : 8  EN :  3.44
          Z :47  EN :  1.93
          electric field strengths (au): 0.000

           ------------------------------------------------- 
          |           Force Field Initialization            |
           ------------------------------------------------- 

          distances ...
          ----------------------------------------
          generating topology and atomic info file ...
          pair mat ...
          computing topology distances matrix with Floyd-Warshall algo ...
          making topology EEQ charges ...
          #fragments for EEQ constrain: 1
          ----------------------------------------
          generating topology and atomic info file ...
          pair mat ...
          computing topology distances matrix with Floyd-Warshall algo ...
          making topology EEQ charges ...
          #fragments for EEQ constrain: 1
          rings ...
          # BATM   3053
          # H in HB   0

  atom   neighbors  erfCN metchar sp-hybrid imet pi  qest     coordinates
    1  Ag      2    1.35   0.37         2    2    0   0.006    4.336763    0.356229   25.299958
    2  Ag      5    3.15   0.31         0    2    0   0.020    7.827073    4.630967   25.299958
    3  Ag      9    4.27   0.07         0    2    0   0.009   16.552846    8.193249   26.893059
    4  Ag      7    3.92   0.19         0    2    0   0.015   13.062537    3.918511   26.893059
    5  Ag      7    3.92   0.19         0    2    0   0.014   21.788310    7.480793   28.486160
    6  Ag      6    3.59   0.27         0    2    0   0.014   18.298001    3.206054   28.486160
    7  Ag      9    4.27   0.07         0    2    0   0.016    9.572227    6.768336   30.079261
    8  Ag      6    3.59   0.23         0    2    0   0.023    6.081918    2.493598   30.079261
    9  Ag     12    4.39   0.01         0    2    0   0.006   14.807691    6.055880   31.672361
   10  Ag      7    3.92   0.19         0    2    0   0.020   11.317382    1.781141   31.672361
   11  Ag      9    4.27   0.07         0    2    0   0.008   20.043155    5.343423   33.265462
   12  Ag      6    3.59   0.27         0    2    0   0.016   16.552846    1.068685   33.265462
   13  Ag      8    4.14   0.11         0    2    0   0.030    7.827073    4.630967   34.858563
   14  Ag      3    2.00   0.37         2    2    0   0.034    4.336763    0.356229   34.858563
   15  Ag      8    4.14   0.12         0    2    0   0.017   13.062537    3.918511   36.451664
   16  Ag     10    4.34   0.04         0    2    0   0.009   16.552846    8.193249   36.451664
   17  Ag      5    3.15   0.34         0    2    0   0.018   18.298001    3.206054   38.044765
   18  Ag      6    3.59   0.26         0    2    0   0.014   21.788310    7.480793   38.044765
   19  Ag      5    3.29   0.28         0    2    0   0.131    6.081918    2.493598   39.637866
   20  Ag      5    3.29   0.31         0    2    0   0.038    9.572227    6.768336   39.637866
   21  Ag      6    3.59   0.26         0    2    0   0.017   11.317382    8.905705   25.299958
   22  Ag      5    3.15   0.34         0    2    0   0.016   14.807691   13.180444   25.299958
   23  Ag      4    2.61   0.38         3    2    0   0.019   23.533465   16.742726   26.893059
   24  Ag      8    4.14   0.12         0    2    0   0.013   20.043155   12.467987   26.893059
   25  Ag      3    2.00   0.39         2    2    0   0.014   28.768929   16.030269   28.486160
   26  Ag      7    3.92   0.19         0    2    0   0.016   25.278619   11.755531   28.486160
   27  Ag      6    3.59   0.27         0    2    0   0.013   16.552846   15.317813   30.079261
   28  Ag      9    4.27   0.07         0    2    0   0.010   13.062537   11.043075   30.079261
   29  Ag      9    4.27   0.07         0    2    0   0.011   21.788310   14.605357   31.672361
/home/ans819/.conda/envs/autoflow/lib/python3.13/site-packages/mace/calculators/mace.py:197: UserWarning: Environment variable TORCH_FORCE_NO_WEIGHTS_ONLY_LOAD detected, since the`weights_only` argument was not explicitly passed to `torch.load`, forcing weights_only=False.
  torch.load(f=model_path, map_location=device)
/home/ans819/.conda/envs/autoflow/lib/python3.13/site-packages/chgnet/model/model.py:898: UserWarning: Converting a tensor with requires_grad=True to a scalar may lead to unexpected behavior.
Consider using tensor.detach() first. (Triggered internally at /pytorch/torch/csrc/autograd/generated/python_variable_methods.cpp:836.)
  volumes = torch.tensor(volumes, dtype=TORCH_DTYPE, device=atomic_numbers.device)
cuequivariance or cuequivariance_torch is not available. Cuequivariance acceleration will be disabled.
------------------------------------------------------------
  cycle        total energy    energy error   density error
------------------------------------------------------------
      1     -163.1764229755  -1.6293536E+02   9.9841413E-01
      2     -161.5537414181   1.6226816E+00   6.1847176E-01
      3      387.6563898072   5.4921013E+02   1.8577783E+00
      4     -126.5756732309  -5.1423206E+02   7.6984174E-01
      5     -33.28233606174   9.3293337E+01   8.7950352E-01
      6     -151.3574431061  -1.1807511E+02   2.4318172E-01
      7     -150.2199313147   1.1375118E+00   2.3715552E-01
      8     -162.6844944314  -1.2464563E+01   7.8395904E-02
      9     -162.2448905420   4.3960389E-01   7.4789177E-02
     10     -163.4409492534  -1.1960587E+00   4.3087085E-02
     11     -163.4723393809  -3.1390127E-02   3.5891199E-02
     12     -163.4938719877  -2.1532607E-02   2.9028755E-02
     13     -163.5099282873  -1.6056300E-02   2.4131745E-02
     14     -163.5104270734  -4.9878612E-04   2.1412744E-02
     15     -163.5120493533  -1.6222799E-03   1.8135023E-02
     16     -163.5138090268  -1.7596735E-03   1.6080106E-02
     17     -163.5143147211  -5.0569430E-04   1.4361557E-02
     18     -163.5145463730  -2.3165190E-04   1.3550634E-02
     19     -163.5148590201  -3.1264713E-04   1.2673136E-02
     20     -163.5154813484  -6.2232824E-04   1.0295311E-02
     21     -163.5155867038  -1.0535536E-04   9.4495988E-03
     22     -163.5157930640  -2.0636020E-04   8.8979560E-03
     23     -163.5160652464  -2.7218247E-04   8.0772973E-03
     24     -163.5167181309  -6.5288447E-04   6.1925391E-03
     25     -163.5169526506  -2.3451975E-04   5.0051047E-03
     26     -163.5170557045  -1.0305384E-04   4.0385263E-03
     27     -163.5171657549  -1.1005043E-04   2.9883857E-03
     28     -163.5172010955  -3.5340572E-05   2.7934687E-03
     29     -163.5172191503  -1.8054813E-05   2.5354392E-03
     30     -163.5172247712  -5.6208783E-06   2.2399856E-03
     31     -163.5172378401  -1.3068877E-05   1.8047721E-03
     32     -163.5172916005  -5.3760471E-05   1.0970573E-03
     33     -163.5172960997  -4.4991774E-06   8.7777541E-04
     34     -163.5173126415  -1.6541807E-05   5.2965474E-04
     35     -163.5173188784  -6.2369084E-06   1.5845019E-04
     36     -163.5173199646  -1.0861471E-06   1.1643514E-04
     37     -163.5173202475  -2.8294940E-07   7.2571702E-05
     38     -163.5173204430  -1.9546076E-07   1.1898292E-05
------------------------------------------------------------

 total:                                  19.499 sec
3
{'bond-orders': array([[0.00000000e+00, 3.05904592e-01, 2.12088419e-02, ...,
        3.12120679e-04, 4.82200369e-04, 5.21894988e-03],
       [3.05904592e-01, 0.00000000e+00, 1.81140755e-02, ...,
        1.56813207e-04, 1.36283977e-04, 3.41702533e-03],
       [2.12088419e-02, 1.81140755e-02, 0.00000000e+00, ...,
        3.71864361e-04, 4.28672172e-04, 5.80754933e-03],
       ...,
       [3.12120679e-04, 1.56813207e-04, 3.71864361e-04, ...,
        0.00000000e+00, 4.57932045e-03, 1.72995139e-02],
       [4.82200369e-04, 1.36283977e-04, 4.28672172e-04, ...,
        4.57932045e-03, 0.00000000e+00, 2.23388922e-02],
       [5.21894988e-03, 3.41702533e-03, 5.80754933e-03, ...,
        1.72995139e-02, 2.23388922e-02, 0.00000000e+00]], shape=(45, 45))}
{'bond-orders': array([[0.00000000e+00, 3.05904592e-01, 2.12088419e-02, ...,
        3.12120679e-04, 4.82200369e-04, 5.21894988e-03],
       [3.05904592e-01, 0.00000000e+00, 1.81140755e-02, ...,
        1.56813207e-04, 1.36283977e-04, 3.41702533e-03],
       [2.12088419e-02, 1.81140755e-02, 0.00000000e+00, ...,
        3.71864361e-04, 4.28672172e-04, 5.80754933e-03],
       ...,
       [3.12120679e-04, 1.56813207e-04, 3.71864361e-04, ...,
        0.00000000e+00, 4.57932045e-03, 1.72995139e-02],
       [4.82200369e-04, 1.36283977e-04, 4.28672172e-04, ...,
        4.57932045e-03, 0.00000000e+00, 2.23388922e-02],
       [5.21894988e-03, 3.41702533e-03, 5.80754933e-03, ...,
        1.72995139e-02, 2.23388922e-02, 0.00000000e+00]], shape=(45, 45)), 'molecular-dipole': array([ 1.89834978,  3.30158854, -1.05758832])}
{'bond-orders': array([[0.00000000e+00, 3.05904592e-01, 2.12088419e-02, ...,
        3.12120679e-04, 4.82200369e-04, 5.21894988e-03],
       [3.05904592e-01, 0.00000000e+00, 1.81140755e-02, ...,
        1.56813207e-04, 1.36283977e-04, 3.41702533e-03],
       [2.12088419e-02, 1.81140755e-02, 0.00000000e+00, ...,
        3.71864361e-04, 4.28672172e-04, 5.80754933e-03],
       ...,
       [3.12120679e-04, 1.56813207e-04, 3.71864361e-04, ...,
        0.00000000e+00, 4.57932045e-03, 1.72995139e-02],
       [4.82200369e-04, 1.36283977e-04, 4.28672172e-04, ...,
        4.57932045e-03, 0.00000000e+00, 2.23388922e-02],
       [5.21894988e-03, 3.41702533e-03, 5.80754933e-03, ...,
        1.72995139e-02, 2.23388922e-02, 0.00000000e+00]], shape=(45, 45)), 'molecular-dipole': array([ 1.89834978,  3.30158854, -1.05758832]), 'molecular-quadrupole': array([ 48.48682641, 150.70565392,  27.5599758 , 241.00303499,
       399.10254111, -76.04680221])}
------------------------------------------------------------
  cycle        total energy    energy error   density error
------------------------------------------------------------
      1     -163.5194981021  -1.6327989E+02   2.1166728E-03
      2     -163.5192266097   2.7149234E-04   1.5854663E-03
      3     -163.5051292567   1.4097353E-02   6.8381270E-03
      4     -163.5172872283  -1.2157972E-02   2.8634062E-03
      5     -163.5195108548  -2.2236265E-03   7.2361767E-04
      6     -163.5195013958   9.4590067E-06   7.6920735E-04
      7     -163.5195379343  -3.6538508E-05   3.0748671E-04
      8     -163.5195364950   1.4392936E-06   2.2591074E-04
      9     -163.5195414410  -4.9460085E-06   1.2160620E-04
     10     -163.5195442315  -2.7905184E-06   6.0994702E-05
     11     -163.5195450532  -8.2168961E-07   3.0386815E-05
     12     -163.5195451633  -1.1012088E-07   6.3588114E-06
------------------------------------------------------------

 total:                                  12.205 sec
3
{'bond-orders': array([[0.00000000e+00, 3.05965767e-01, 2.12127893e-02, ...,
        3.48792062e-04, 4.62337772e-04, 5.11180829e-03],
       [3.05965767e-01, 0.00000000e+00, 1.79871912e-02, ...,
        1.85548985e-04, 1.34055392e-04, 3.31233805e-03],
       [2.12127893e-02, 1.79871912e-02, 0.00000000e+00, ...,
        4.26127240e-04, 3.96589467e-04, 5.55995637e-03],
       ...,
       [3.48792062e-04, 1.85548985e-04, 4.26127240e-04, ...,
        0.00000000e+00, 4.77460267e-03, 1.89416724e-02],
       [4.62337772e-04, 1.34055392e-04, 3.96589467e-04, ...,
        4.77460267e-03, 0.00000000e+00, 2.23821408e-02],
       [5.11180829e-03, 3.31233805e-03, 5.55995637e-03, ...,
        1.89416724e-02, 2.23821408e-02, 0.00000000e+00]], shape=(45, 45))}
{'bond-orders': array([[0.00000000e+00, 3.05965767e-01, 2.12127893e-02, ...,
        3.48792062e-04, 4.62337772e-04, 5.11180829e-03],
       [3.05965767e-01, 0.00000000e+00, 1.79871912e-02, ...,
        1.85548985e-04, 1.34055392e-04, 3.31233805e-03],
       [2.12127893e-02, 1.79871912e-02, 0.00000000e+00, ...,
        4.26127240e-04, 3.96589467e-04, 5.55995637e-03],
       ...,
       [3.48792062e-04, 1.85548985e-04, 4.26127240e-04, ...,
        0.00000000e+00, 4.77460267e-03, 1.89416724e-02],
       [4.62337772e-04, 1.34055392e-04, 3.96589467e-04, ...,
        4.77460267e-03, 0.00000000e+00, 2.23821408e-02],
       [5.11180829e-03, 3.31233805e-03, 5.55995637e-03, ...,
        1.89416724e-02, 2.23821408e-02, 0.00000000e+00]], shape=(45, 45)), 'molecular-dipole': array([ 1.91792401,  3.29755051, -1.07434443])}
{'bond-orders': array([[0.00000000e+00, 3.05965767e-01, 2.12127893e-02, ...,
        3.48792062e-04, 4.62337772e-04, 5.11180829e-03],
       [3.05965767e-01, 0.00000000e+00, 1.79871912e-02, ...,
        1.85548985e-04, 1.34055392e-04, 3.31233805e-03],
       [2.12127893e-02, 1.79871912e-02, 0.00000000e+00, ...,
        4.26127240e-04, 3.96589467e-04, 5.55995637e-03],
       ...,
       [3.48792062e-04, 1.85548985e-04, 4.26127240e-04, ...,
        0.00000000e+00, 4.77460267e-03, 1.89416724e-02],
       [4.62337772e-04, 1.34055392e-04, 3.96589467e-04, ...,
        4.77460267e-03, 0.00000000e+00, 2.23821408e-02],
       [5.11180829e-03, 3.31233805e-03, 5.55995637e-03, ...,
        1.89416724e-02, 2.23821408e-02, 0.00000000e+00]], shape=(45, 45)), 'molecular-dipole': array([ 1.91792401,  3.29755051, -1.07434443]), 'molecular-quadrupole': array([ 49.66499515, 151.63452258,  27.83957641, 242.33396787,
       398.29531817, -77.50457155])}
------------------------------------------------------------
  cycle        total energy    energy error   density error
------------------------------------------------------------
      1     -163.5209980359  -1.6328255E+02   2.5957255E-03
      2     -163.5119982716   8.9997642E-03   5.7089353E-03
      3     -163.4800921075   3.1906164E-02   1.1404000E-02
      4     -163.5209142622  -4.0822155E-02   2.0037513E-03
      5     -163.5209335232  -1.9260927E-05   1.6761218E-03
      6     -163.5211350557  -2.0153254E-04   6.3497372E-04
      7     -163.5211719935  -3.6937837E-05   3.8868573E-04
      8     -163.5211722907  -2.9716094E-07   2.8987557E-04
      9     -163.5211763198  -4.0291026E-06   1.3723382E-04
     10     -163.5211793321  -3.0122766E-06   7.4628928E-05
     11     -163.5211803591  -1.0270710E-06   3.7148229E-05
     12     -163.5211806476  -2.8847558E-07   1.2081126E-05
------------------------------------------------------------

 total:                                  12.198 sec
3
{'bond-orders': array([[0.00000000e+00, 3.05995610e-01, 2.11339147e-02, ...,
        3.80059375e-04, 4.65049145e-04, 5.05790406e-03],
       [3.05995610e-01, 0.00000000e+00, 1.78589517e-02, ...,
        2.04718689e-04, 1.36571429e-04, 3.23265764e-03],
       [2.11339147e-02, 1.78589517e-02, 0.00000000e+00, ...,
        4.59973813e-04, 3.78028097e-04, 5.28991510e-03],
       ...,
       [3.80059375e-04, 2.04718689e-04, 4.59973813e-04, ...,
        0.00000000e+00, 5.12771688e-03, 2.03375263e-02],
       [4.65049145e-04, 1.36571429e-04, 3.78028097e-04, ...,
        5.12771688e-03, 0.00000000e+00, 2.27373269e-02],
       [5.05790406e-03, 3.23265764e-03, 5.28991510e-03, ...,
        2.03375263e-02, 2.27373269e-02, 0.00000000e+00]], shape=(45, 45))}
{'bond-orders': array([[0.00000000e+00, 3.05995610e-01, 2.11339147e-02, ...,
        3.80059375e-04, 4.65049145e-04, 5.05790406e-03],
       [3.05995610e-01, 0.00000000e+00, 1.78589517e-02, ...,
        2.04718689e-04, 1.36571429e-04, 3.23265764e-03],
       [2.11339147e-02, 1.78589517e-02, 0.00000000e+00, ...,
        4.59973813e-04, 3.78028097e-04, 5.28991510e-03],
       ...,
       [3.80059375e-04, 2.04718689e-04, 4.59973813e-04, ...,
        0.00000000e+00, 5.12771688e-03, 2.03375263e-02],
       [4.65049145e-04, 1.36571429e-04, 3.78028097e-04, ...,
        5.12771688e-03, 0.00000000e+00, 2.27373269e-02],
       [5.05790406e-03, 3.23265764e-03, 5.28991510e-03, ...,
        2.03375263e-02, 2.27373269e-02, 0.00000000e+00]], shape=(45, 45)), 'molecular-dipole': array([ 1.97563132,  3.33003651, -1.13928142])}
{'bond-orders': array([[0.00000000e+00, 3.05995610e-01, 2.11339147e-02, ...,
        3.80059375e-04, 4.65049145e-04, 5.05790406e-03],
       [3.05995610e-01, 0.00000000e+00, 1.78589517e-02, ...,
        2.04718689e-04, 1.36571429e-04, 3.23265764e-03],
       [2.11339147e-02, 1.78589517e-02, 0.00000000e+00, ...,
        4.59973813e-04, 3.78028097e-04, 5.28991510e-03],
       ...,
       [3.80059375e-04, 2.04718689e-04, 4.59973813e-04, ...,
        0.00000000e+00, 5.12771688e-03, 2.03375263e-02],
       [4.65049145e-04, 1.36571429e-04, 3.78028097e-04, ...,
        5.12771688e-03, 0.00000000e+00, 2.27373269e-02],
       [5.05790406e-03, 3.23265764e-03, 5.28991510e-03, ...,
        2.03375263e-02, 2.27373269e-02, 0.00000000e+00]], shape=(45, 45)), 'molecular-dipole': array([ 1.97563132,  3.33003651, -1.13928142]), 'molecular-quadrupole': array([ 53.53396568, 154.80861201,  29.97823096, 246.88441809,
       401.39343845, -83.51219665])}
------------------------------------------------------------
  cycle        total energy    energy error   density error
------------------------------------------------------------
      1     -163.5228642445  -1.6328458E+02   5.1518910E-03
      2     -163.4724450050   5.0419239E-02   1.3638269E-02
      3     -163.3681769366   1.0426807E-01   2.2292135E-02
      4     -163.5227821889  -1.5460525E-01   4.0664304E-03
      5     -163.5231949152  -4.1272637E-04   2.8386382E-03
      6     -163.5236987702  -5.0385495E-04   1.3638661E-03
      7     -163.5238694606  -1.7069042E-04   6.7350946E-04
      8     -163.5238744089  -4.9482748E-06   5.1761143E-04
      9     -163.5238848227  -1.0413805E-05   2.2124526E-04
     10     -163.5238908113  -5.9886198E-06   1.2508025E-04
     11     -163.5238933405  -2.5292140E-06   6.4829577E-05
     12     -163.5238941042  -7.6371549E-07   2.3194766E-05
     13     -163.5238941663  -6.2067983E-08   1.0539345E-05
------------------------------------------------------------

 total:                                  12.491 sec
3
{'bond-orders': array([[0.00000000e+00, 3.05990363e-01, 2.09067169e-02, ...,
        4.27251925e-04, 4.78371388e-04, 5.03962061e-03],
       [3.05990363e-01, 0.00000000e+00, 1.76592004e-02, ...,
        2.26356806e-04, 1.40253094e-04, 3.14496115e-03],
       [2.09067169e-02, 1.76592004e-02, 0.00000000e+00, ...,
        4.88054508e-04, 3.43301066e-04, 4.83212856e-03],
       ...,
       [4.27251925e-04, 2.26356806e-04, 4.88054508e-04, ...,
        0.00000000e+00, 5.91440240e-03, 2.21302943e-02],
       [4.78371388e-04, 1.40253094e-04, 3.43301066e-04, ...,
        5.91440240e-03, 0.00000000e+00, 2.34712932e-02],
       [5.03962061e-03, 3.14496115e-03, 4.83212856e-03, ...,
        2.21302943e-02, 2.34712932e-02, 0.00000000e+00]], shape=(45, 45))}
{'bond-orders': array([[0.00000000e+00, 3.05990363e-01, 2.09067169e-02, ...,
        4.27251925e-04, 4.78371388e-04, 5.03962061e-03],
       [3.05990363e-01, 0.00000000e+00, 1.76592004e-02, ...,
        2.26356806e-04, 1.40253094e-04, 3.14496115e-03],
       [2.09067169e-02, 1.76592004e-02, 0.00000000e+00, ...,
        4.88054508e-04, 3.43301066e-04, 4.83212856e-03],
       ...,
       [4.27251925e-04, 2.26356806e-04, 4.88054508e-04, ...,
        0.00000000e+00, 5.91440240e-03, 2.21302943e-02],
       [4.78371388e-04, 1.40253094e-04, 3.43301066e-04, ...,
        5.91440240e-03, 0.00000000e+00, 2.34712932e-02],
       [5.03962061e-03, 3.14496115e-03, 4.83212856e-03, ...,
        2.21302943e-02, 2.34712932e-02, 0.00000000e+00]], shape=(45, 45)), 'molecular-dipole': array([ 2.11856126,  3.43701003, -1.29728965])}
{'bond-orders': array([[0.00000000e+00, 3.05990363e-01, 2.09067169e-02, ...,
        4.27251925e-04, 4.78371388e-04, 5.03962061e-03],
       [3.05990363e-01, 0.00000000e+00, 1.76592004e-02, ...,
        2.26356806e-04, 1.40253094e-04, 3.14496115e-03],
       [2.09067169e-02, 1.76592004e-02, 0.00000000e+00, ...,
        4.88054508e-04, 3.43301066e-04, 4.83212856e-03],
       ...,
       [4.27251925e-04, 2.26356806e-04, 4.88054508e-04, ...,
        0.00000000e+00, 5.91440240e-03, 2.21302943e-02],
       [4.78371388e-04, 1.40253094e-04, 3.43301066e-04, ...,
        5.91440240e-03, 0.00000000e+00, 2.34712932e-02],
       [5.03962061e-03, 3.14496115e-03, 4.83212856e-03, ...,
        2.21302943e-02, 2.34712932e-02, 0.00000000e+00]], shape=(45, 45)), 'molecular-dipole': array([ 2.11856126,  3.43701003, -1.29728965]), 'molecular-quadrupole': array([ 63.01240399, 163.1120307 ,  35.66648079, 259.00878119,
       412.78617715, -98.67888478])}
------------------------------------------------------------
  cycle        total energy    energy error   density error
------------------------------------------------------------
      1     -163.5244965283  -1.6328462E+02   4.5923063E-03
      2     -163.4344143943   9.0082134E-02   1.7596878E-02
      3     -163.4379070899  -3.4926956E-03   1.7063978E-02
      4     -163.5248789920  -8.6971902E-02   3.5829317E-03
      5     -163.5256406428  -7.6165074E-04   1.7797779E-03
      6     -163.5257282164  -8.7573577E-05   1.1522936E-03
      7     -163.5258141442  -8.5927818E-05   5.3321995E-04
      8     -163.5258255203  -1.1376134E-05   2.8161450E-04
      9     -163.5258288716  -3.3513433E-06   1.2196800E-04
     10     -163.5258297601  -8.8844038E-07   6.1593765E-05
     11     -163.5258301588  -3.9873728E-07   3.5846813E-05
     12     -163.5258303055  -1.4663945E-07   1.8563760E-05
------------------------------------------------------------

 total:                                  12.264 sec
3
{'bond-orders': array([[0.00000000e+00, 3.05885999e-01, 2.06451846e-02, ...,
        4.49715290e-04, 4.94079034e-04, 5.17033656e-03],
       [3.05885999e-01, 0.00000000e+00, 1.75649911e-02, ...,
        2.27694797e-04, 1.41109233e-04, 3.18441249e-03],
       [2.06451846e-02, 1.75649911e-02, 0.00000000e+00, ...,
        4.77371554e-04, 3.20304102e-04, 4.62897977e-03],
       ...,
       [4.49715290e-04, 2.27694797e-04, 4.77371554e-04, ...,
        0.00000000e+00, 6.59823935e-03, 2.22808630e-02],
       [4.94079034e-04, 1.41109233e-04, 3.20304102e-04, ...,
        6.59823935e-03, 0.00000000e+00, 2.38881301e-02],
       [5.17033656e-03, 3.18441249e-03, 4.62897977e-03, ...,
        2.22808630e-02, 2.38881301e-02, 0.00000000e+00]], shape=(45, 45))}
{'bond-orders': array([[0.00000000e+00, 3.05885999e-01, 2.06451846e-02, ...,
        4.49715290e-04, 4.94079034e-04, 5.17033656e-03],
       [3.05885999e-01, 0.00000000e+00, 1.75649911e-02, ...,
        2.27694797e-04, 1.41109233e-04, 3.18441249e-03],
       [2.06451846e-02, 1.75649911e-02, 0.00000000e+00, ...,
        4.77371554e-04, 3.20304102e-04, 4.62897977e-03],
       ...,
       [4.49715290e-04, 2.27694797e-04, 4.77371554e-04, ...,
        0.00000000e+00, 6.59823935e-03, 2.22808630e-02],
       [4.94079034e-04, 1.41109233e-04, 3.20304102e-04, ...,
        6.59823935e-03, 0.00000000e+00, 2.38881301e-02],
       [5.17033656e-03, 3.18441249e-03, 4.62897977e-03, ...,
        2.22808630e-02, 2.38881301e-02, 0.00000000e+00]], shape=(45, 45)), 'molecular-dipole': array([ 2.2545986 ,  3.56071769, -1.48026981])}
{'bond-orders': array([[0.00000000e+00, 3.05885999e-01, 2.06451846e-02, ...,
        4.49715290e-04, 4.94079034e-04, 5.17033656e-03],
       [3.05885999e-01, 0.00000000e+00, 1.75649911e-02, ...,
        2.27694797e-04, 1.41109233e-04, 3.18441249e-03],
       [2.06451846e-02, 1.75649911e-02, 0.00000000e+00, ...,
        4.77371554e-04, 3.20304102e-04, 4.62897977e-03],
       ...,
       [4.49715290e-04, 2.27694797e-04, 4.77371554e-04, ...,
        0.00000000e+00, 6.59823935e-03, 2.22808630e-02],
       [4.94079034e-04, 1.41109233e-04, 3.20304102e-04, ...,
        6.59823935e-03, 0.00000000e+00, 2.38881301e-02],
       [5.17033656e-03, 3.18441249e-03, 4.62897977e-03, ...,
        2.22808630e-02, 2.38881301e-02, 0.00000000e+00]], shape=(45, 45)), 'molecular-dipole': array([ 2.2545986 ,  3.56071769, -1.48026981]), 'molecular-quadrupole': array([  73.24664672,  171.54542083,   42.64989148,  269.8674386 ,
        426.01798424, -115.89653821])}
------------------------------------------------------------
  cycle        total energy    energy error   density error
------------------------------------------------------------
      1     -163.5265206339  -1.6328553E+02   3.0120677E-03
      2     -163.5141542329   1.2366401E-02   7.3902033E-03
      3     -163.4767898633   3.7364370E-02   1.2655397E-02
      4     -163.5257855440  -4.8995681E-02   2.7127383E-03
      5     -163.5268856287  -1.1000846E-03   1.2286912E-03
      6     -163.5269522485  -6.6619858E-05   6.9359210E-04
      7     -163.5269681513  -1.5902781E-05   3.3274653E-04
      8     -163.5269725851  -4.4337602E-06   2.1444410E-04
      9     -163.5269745632  -1.9781377E-06   7.8896228E-05
     10     -163.5269747700  -2.0679892E-07   3.2583426E-05
     11     -163.5269747986  -2.8641068E-08   2.3608845E-05
     12     -163.5269748439  -4.5251625E-08   8.6144391E-06
------------------------------------------------------------

 total:                                  12.265 sec
3
{'bond-orders': array([[0.00000000e+00, 3.05766915e-01, 2.04240423e-02, ...,
        4.50135847e-04, 5.18479901e-04, 5.40196767e-03],
       [3.05766915e-01, 0.00000000e+00, 1.75673602e-02, ...,
        2.15351658e-04, 1.43982540e-04, 3.32034242e-03],
       [2.04240423e-02, 1.75673602e-02, 0.00000000e+00, ...,
        4.49731579e-04, 3.23165012e-04, 4.69236320e-03],
       ...,
       [4.50135847e-04, 2.15351658e-04, 4.49731579e-04, ...,
        0.00000000e+00, 6.92071899e-03, 2.13829112e-02],
       [5.18479901e-04, 1.43982540e-04, 3.23165012e-04, ...,
        6.92071899e-03, 0.00000000e+00, 2.40001852e-02],
       [5.40196767e-03, 3.32034242e-03, 4.69236320e-03, ...,
        2.13829112e-02, 2.40001852e-02, 0.00000000e+00]], shape=(45, 45))}
{'bond-orders': array([[0.00000000e+00, 3.05766915e-01, 2.04240423e-02, ...,
        4.50135847e-04, 5.18479901e-04, 5.40196767e-03],
       [3.05766915e-01, 0.00000000e+00, 1.75673602e-02, ...,
        2.15351658e-04, 1.43982540e-04, 3.32034242e-03],
       [2.04240423e-02, 1.75673602e-02, 0.00000000e+00, ...,
        4.49731579e-04, 3.23165012e-04, 4.69236320e-03],
       ...,
       [4.50135847e-04, 2.15351658e-04, 4.49731579e-04, ...,
        0.00000000e+00, 6.92071899e-03, 2.13829112e-02],
       [5.18479901e-04, 1.43982540e-04, 3.23165012e-04, ...,
        6.92071899e-03, 0.00000000e+00, 2.40001852e-02],
       [5.40196767e-03, 3.32034242e-03, 4.69236320e-03, ...,
        2.13829112e-02, 2.40001852e-02, 0.00000000e+00]], shape=(45, 45)), 'molecular-dipole': array([ 2.33981419,  3.64655083, -1.59951147])}
{'bond-orders': array([[0.00000000e+00, 3.05766915e-01, 2.04240423e-02, ...,
        4.50135847e-04, 5.18479901e-04, 5.40196767e-03],
       [3.05766915e-01, 0.00000000e+00, 1.75673602e-02, ...,
        2.15351658e-04, 1.43982540e-04, 3.32034242e-03],
       [2.04240423e-02, 1.75673602e-02, 0.00000000e+00, ...,
        4.49731579e-04, 3.23165012e-04, 4.69236320e-03],
       ...,
       [4.50135847e-04, 2.15351658e-04, 4.49731579e-04, ...,
        0.00000000e+00, 6.92071899e-03, 2.13829112e-02],
       [5.18479901e-04, 1.43982540e-04, 3.23165012e-04, ...,
        6.92071899e-03, 0.00000000e+00, 2.40001852e-02],
       [5.40196767e-03, 3.32034242e-03, 4.69236320e-03, ...,
        2.13829112e-02, 2.40001852e-02, 0.00000000e+00]], shape=(45, 45)), 'molecular-dipole': array([ 2.33981419,  3.64655083, -1.59951147]), 'molecular-quadrupole': array([  79.91502306,  176.93331728,   47.45113041,  277.02848732,
        435.4975103 , -127.36615347])}
------------------------------------------------------------
  cycle        total energy    energy error   density error
------------------------------------------------------------
      1     -163.5276305208  -1.6328633E+02   2.3693955E-03
      2     -163.5032378811   2.4392640E-02   9.1679076E-03
      3     -163.5099560269  -6.7181458E-03   7.8286866E-03
      4     -163.5273815081  -1.7425481E-02   2.1110111E-03
      5     -163.5279245122  -5.4300410E-04   1.0618109E-03
      6     -163.5279929922  -6.8480061E-05   5.5568766E-04
      7     -163.5280096336  -1.6641346E-05   2.5807037E-04
      8     -163.5280137729  -4.1393583E-06   1.8392938E-04
      9     -163.5280155636  -1.7906896E-06   7.1451381E-05
     10     -163.5280157788  -2.1519105E-07   3.2990354E-05
     11     -163.5280158400  -6.1179833E-08   2.6402183E-05
     12     -163.5280159233  -8.3309175E-08   8.2393449E-06
------------------------------------------------------------

 total:                                  12.281 sec
3
{'bond-orders': array([[0.00000000e+00, 3.05640374e-01, 2.02227759e-02, ...,
        4.45182690e-04, 5.54724725e-04, 5.68026458e-03],
       [3.05640374e-01, 0.00000000e+00, 1.76153065e-02, ...,
        1.99384668e-04, 1.50446682e-04, 3.49790804e-03],
       [2.02227759e-02, 1.76153065e-02, 0.00000000e+00, ...,
        4.17744745e-04, 3.41185178e-04, 4.85784483e-03],
       ...,
       [4.45182690e-04, 1.99384668e-04, 4.17744745e-04, ...,
        0.00000000e+00, 6.98889268e-03, 2.03008815e-02],
       [5.54724725e-04, 1.50446682e-04, 3.41185178e-04, ...,
        6.98889268e-03, 0.00000000e+00, 2.40467633e-02],
       [5.68026458e-03, 3.49790804e-03, 4.85784483e-03, ...,
        2.03008815e-02, 2.40467633e-02, 0.00000000e+00]], shape=(45, 45))}
{'bond-orders': array([[0.00000000e+00, 3.05640374e-01, 2.02227759e-02, ...,
        4.45182690e-04, 5.54724725e-04, 5.68026458e-03],
       [3.05640374e-01, 0.00000000e+00, 1.76153065e-02, ...,
        1.99384668e-04, 1.50446682e-04, 3.49790804e-03],
       [2.02227759e-02, 1.76153065e-02, 0.00000000e+00, ...,
        4.17744745e-04, 3.41185178e-04, 4.85784483e-03],
       ...,
       [4.45182690e-04, 1.99384668e-04, 4.17744745e-04, ...,
        0.00000000e+00, 6.98889268e-03, 2.03008815e-02],
       [5.54724725e-04, 1.50446682e-04, 3.41185178e-04, ...,
        6.98889268e-03, 0.00000000e+00, 2.40467633e-02],
       [5.68026458e-03, 3.49790804e-03, 4.85784483e-03, ...,
        2.03008815e-02, 2.40467633e-02, 0.00000000e+00]], shape=(45, 45)), 'molecular-dipole': array([ 2.40217996,  3.70022519, -1.69924699])}
{'bond-orders': array([[0.00000000e+00, 3.05640374e-01, 2.02227759e-02, ...,
        4.45182690e-04, 5.54724725e-04, 5.68026458e-03],
       [3.05640374e-01, 0.00000000e+00, 1.76153065e-02, ...,
        1.99384668e-04, 1.50446682e-04, 3.49790804e-03],
       [2.02227759e-02, 1.76153065e-02, 0.00000000e+00, ...,
        4.17744745e-04, 3.41185178e-04, 4.85784483e-03],
       ...,
       [4.45182690e-04, 1.99384668e-04, 4.17744745e-04, ...,
        0.00000000e+00, 6.98889268e-03, 2.03008815e-02],
       [5.54724725e-04, 1.50446682e-04, 3.41185178e-04, ...,
        6.98889268e-03, 0.00000000e+00, 2.40467633e-02],
       [5.68026458e-03, 3.49790804e-03, 4.85784483e-03, ...,
        2.03008815e-02, 2.40467633e-02, 0.00000000e+00]], shape=(45, 45)), 'molecular-dipole': array([ 2.40217996,  3.70022519, -1.69924699]), 'molecular-quadrupole': array([  85.24047496,  180.44681211,   51.43468536,  282.06031067,
        441.09274314, -136.67516032])}
------------------------------------------------------------
  cycle        total energy    energy error   density error
------------------------------------------------------------
      1     -163.5290922049  -1.6328777E+02   2.3466311E-03
      2     -163.5015924396   2.7499765E-02   9.7070002E-03
      3     -163.5133752675  -1.1782828E-02   7.4405022E-03
      4     -163.5288298401  -1.5454573E-02   2.1042102E-03
      5     -163.5293812133  -5.5137321E-04   1.0760235E-03
      6     -163.5294677057  -8.6492395E-05   5.6467207E-04
      7     -163.5294910628  -2.3357067E-05   2.4547148E-04
      8     -163.5294954529  -4.3901695E-06   1.7398784E-04
      9     -163.5294974255  -1.9725358E-06   6.9771011E-05
     10     -163.5294976513  -2.2584089E-07   3.3928727E-05
     11     -163.5294977213  -7.0028676E-08   2.9380901E-05
     12     -163.5294978127  -9.1396998E-08   7.9019394E-06
------------------------------------------------------------

 total:                                  12.302 sec
3
{'bond-orders': array([[0.00000000e+00, 3.05481753e-01, 1.99947316e-02, ...,
        4.45239702e-04, 6.15245878e-04, 6.04366078e-03],
       [3.05481753e-01, 0.00000000e+00, 1.77016501e-02, ...,
        1.83226842e-04, 1.64255940e-04, 3.73989632e-03],
       [1.99947316e-02, 1.77016501e-02, 0.00000000e+00, ...,
        3.82698341e-04, 3.75231361e-04, 5.09656689e-03],
       ...,
       [4.45239702e-04, 1.83226842e-04, 3.82698341e-04, ...,
        0.00000000e+00, 6.83865509e-03, 1.92256130e-02],
       [6.15245878e-04, 1.64255940e-04, 3.75231361e-04, ...,
        6.83865509e-03, 0.00000000e+00, 2.41336905e-02],
       [6.04366078e-03, 3.73989632e-03, 5.09656689e-03, ...,
        1.92256130e-02, 2.41336905e-02, 0.00000000e+00]], shape=(45, 45))}
{'bond-orders': array([[0.00000000e+00, 3.05481753e-01, 1.99947316e-02, ...,
        4.45239702e-04, 6.15245878e-04, 6.04366078e-03],
       [3.05481753e-01, 0.00000000e+00, 1.77016501e-02, ...,
        1.83226842e-04, 1.64255940e-04, 3.73989632e-03],
       [1.99947316e-02, 1.77016501e-02, 0.00000000e+00, ...,
        3.82698341e-04, 3.75231361e-04, 5.09656689e-03],
       ...,
       [4.45239702e-04, 1.83226842e-04, 3.82698341e-04, ...,
        0.00000000e+00, 6.83865509e-03, 1.92256130e-02],
       [6.15245878e-04, 1.64255940e-04, 3.75231361e-04, ...,
        6.83865509e-03, 0.00000000e+00, 2.41336905e-02],
       [6.04366078e-03, 3.73989632e-03, 5.09656689e-03, ...,
        1.92256130e-02, 2.41336905e-02, 0.00000000e+00]], shape=(45, 45)), 'molecular-dipole': array([ 2.46699333,  3.73205864, -1.80840317])}
{'bond-orders': array([[0.00000000e+00, 3.05481753e-01, 1.99947316e-02, ...,
        4.45239702e-04, 6.15245878e-04, 6.04366078e-03],
       [3.05481753e-01, 0.00000000e+00, 1.77016501e-02, ...,
        1.83226842e-04, 1.64255940e-04, 3.73989632e-03],
       [1.99947316e-02, 1.77016501e-02, 0.00000000e+00, ...,
        3.82698341e-04, 3.75231361e-04, 5.09656689e-03],
       ...,
       [4.45239702e-04, 1.83226842e-04, 3.82698341e-04, ...,
        0.00000000e+00, 6.83865509e-03, 1.92256130e-02],
       [6.15245878e-04, 1.64255940e-04, 3.75231361e-04, ...,
        6.83865509e-03, 0.00000000e+00, 2.41336905e-02],
       [6.04366078e-03, 3.73989632e-03, 5.09656689e-03, ...,
        1.92256130e-02, 2.41336905e-02, 0.00000000e+00]], shape=(45, 45)), 'molecular-dipole': array([ 2.46699333,  3.73205864, -1.80840317]), 'molecular-quadrupole': array([  90.94748933,  183.2870118 ,   55.66118793,  287.34630034,
        443.82509267, -146.60867726])}
------------------------------------------------------------
  cycle        total energy    energy error   density error
------------------------------------------------------------
      1     -163.5312139597  -1.6328928E+02   2.3426674E-03
      2     -163.5022630384   2.8950921E-02   9.9950360E-03
      3     -163.5137388009  -1.1475762E-02   7.7992499E-03
      4     -163.5310694070  -1.7330606E-02   2.0012036E-03
      5     -163.5315411594  -4.7175246E-04   9.2131199E-04
      6     -163.5316074474  -6.6287975E-05   5.3383264E-04
      7     -163.5316283270  -2.0879618E-05   2.1205259E-04
      8     -163.5316306910  -2.3640157E-06   1.4472084E-04
      9     -163.5316320926  -1.4015879E-06   6.1851149E-05
     10     -163.5316322553  -1.6271554E-07   2.7695445E-05
     11     -163.5316322674  -1.2028295E-08   2.5987868E-05
     12     -163.5316323147  -4.7346390E-08   7.5091224E-06
------------------------------------------------------------

 total:                                  12.550 sec
3
{'bond-orders': array([[0.00000000e+00, 3.05294398e-01, 1.97408061e-02, ...,
        4.61700301e-04, 7.12684633e-04, 6.48133092e-03],
       [3.05294398e-01, 0.00000000e+00, 1.78351466e-02, ...,
        1.74151938e-04, 1.92378164e-04, 4.05545403e-03],
       [1.97408061e-02, 1.78351466e-02, 0.00000000e+00, ...,
        3.52555716e-04, 4.30547908e-04, 5.37987828e-03],
       ...,
       [4.61700301e-04, 1.74151938e-04, 3.52555716e-04, ...,
        0.00000000e+00, 6.40437436e-03, 1.84260686e-02],
       [7.12684633e-04, 1.92378164e-04, 4.30547908e-04, ...,
        6.40437436e-03, 0.00000000e+00, 2.43021644e-02],
       [6.48133092e-03, 4.05545403e-03, 5.37987828e-03, ...,
        1.84260686e-02, 2.43021644e-02, 0.00000000e+00]], shape=(45, 45))}
{'bond-orders': array([[0.00000000e+00, 3.05294398e-01, 1.97408061e-02, ...,
        4.61700301e-04, 7.12684633e-04, 6.48133092e-03],
       [3.05294398e-01, 0.00000000e+00, 1.78351466e-02, ...,
        1.74151938e-04, 1.92378164e-04, 4.05545403e-03],
       [1.97408061e-02, 1.78351466e-02, 0.00000000e+00, ...,
        3.52555716e-04, 4.30547908e-04, 5.37987828e-03],
       ...,
       [4.61700301e-04, 1.74151938e-04, 3.52555716e-04, ...,
        0.00000000e+00, 6.40437436e-03, 1.84260686e-02],
       [7.12684633e-04, 1.92378164e-04, 4.30547908e-04, ...,
        6.40437436e-03, 0.00000000e+00, 2.43021644e-02],
       [6.48133092e-03, 4.05545403e-03, 5.37987828e-03, ...,
        1.84260686e-02, 2.43021644e-02, 0.00000000e+00]], shape=(45, 45)), 'molecular-dipole': array([ 2.53605712,  3.72427783, -1.93008208])}
{'bond-orders': array([[0.00000000e+00, 3.05294398e-01, 1.97408061e-02, ...,
        4.61700301e-04, 7.12684633e-04, 6.48133092e-03],
       [3.05294398e-01, 0.00000000e+00, 1.78351466e-02, ...,
        1.74151938e-04, 1.92378164e-04, 4.05545403e-03],
       [1.97408061e-02, 1.78351466e-02, 0.00000000e+00, ...,
        3.52555716e-04, 4.30547908e-04, 5.37987828e-03],
       ...,
       [4.61700301e-04, 1.74151938e-04, 3.52555716e-04, ...,
        0.00000000e+00, 6.40437436e-03, 1.84260686e-02],
       [7.12684633e-04, 1.92378164e-04, 4.30547908e-04, ...,
        6.40437436e-03, 0.00000000e+00, 2.43021644e-02],
       [6.48133092e-03, 4.05545403e-03, 5.37987828e-03, ...,
        1.84260686e-02, 2.43021644e-02, 0.00000000e+00]], shape=(45, 45)), 'molecular-dipole': array([ 2.53605712,  3.72427783, -1.93008208]), 'molecular-quadrupole': array([  97.20211842,  185.00661181,   60.08664974,  293.04322358,
        441.42464572, -157.28876817])}
------------------------------------------------------------
  cycle        total energy    energy error   density error
------------------------------------------------------------
      1     -163.5334260471  -1.6329034E+02   1.5899021E-03
      2     -163.5247433367   8.6827105E-03   5.5523454E-03
      3     -163.5224825902   2.2607465E-03   5.9989883E-03
      4     -163.5334054246  -1.0922834E-02   1.2904795E-03
      5     -163.5335427791  -1.3735450E-04   6.6131719E-04
      6     -163.5335550173  -1.2238140E-05   4.2214388E-04
      7     -163.5335624519  -7.4346209E-06   1.6265672E-04
      8     -163.5335634474  -9.9546247E-07   1.0163043E-04
      9     -163.5335638016  -3.5425916E-07   4.7984174E-05
     10     -163.5335639012  -9.9604136E-08   2.4077472E-05
     11     -163.5335639708  -6.9543717E-08   1.4348189E-05
------------------------------------------------------------

 total:                                  10.634 sec
3
{'bond-orders': array([[0.00000000e+00, 3.05159110e-01, 1.95611057e-02, ...,
        4.97370641e-04, 8.06668618e-04, 6.78100275e-03],
       [3.05159110e-01, 0.00000000e+00, 1.79730517e-02, ...,
