/home/ans819/.conda/envs/autoflow/lib/python3.13/site-packages/e3nn/o3/_wigner.py:10: UserWarning: Environment variable TORCH_FORCE_NO_WEIGHTS_ONLY_LOAD detected, since the`weights_only` argument was not explicitly passed to `torch.load`, forcing weights_only=False.
  _Jd, _W3j_flat, _W3j_indices = torch.load(os.path.join(os.path.dirname(__file__), 'constants.pt'))

          ==================== Thresholds ====================
          CN  :   150.00000
          rep :   500.00000
          disp:  2500.00000
          HB1 :   250.00000
          HB2 :   450.00000

          Pauling EN used:
          Z : 1  EN :  2.20
          Z : 6  EN :  2.55
          Z : 8  EN :  3.44
          Z :47  EN :  1.93
          electric field strengths (au): 0.000

           ------------------------------------------------- 
          |           Force Field Initialization            |
           ------------------------------------------------- 

          distances ...
          ----------------------------------------
          generating topology and atomic info file ...
          pair mat ...
          computing topology distances matrix with Floyd-Warshall algo ...
          making topology EEQ charges ...
          #fragments for EEQ constrain: 1
          ----------------------------------------
          generating topology and atomic info file ...
          pair mat ...
          computing topology distances matrix with Floyd-Warshall algo ...
          making topology EEQ charges ...
          #fragments for EEQ constrain: 1
          rings ...
          # BATM   3588
          # H in HB   0

  atom   neighbors  erfCN metchar sp-hybrid imet pi  qest     coordinates
    1  Ag      2    1.35   0.37         2    2    0  -0.001    3.199451    0.356229   27.200468
    2  Ag      5    3.15   0.31         0    2    0   0.014    6.689760    4.630967   27.200468
    3  Ag      9    4.27   0.07         0    2    0   0.011   15.415533    8.193249   28.793569
    4  Ag      7    3.92   0.19         0    2    0   0.014   11.925224    3.918511   28.793569
    5  Ag      7    3.92   0.19         0    2    0   0.011   20.650997    7.480793   30.386670
    6  Ag      6    3.59   0.27         0    2    0   0.013   17.160688    3.206054   30.386670
    7  Ag      9    4.27   0.07         0    2    0   0.006    8.434915    6.768336   31.979771
    8  Ag      6    3.59   0.23         0    2    0   0.018    4.944605    2.493598   31.979771
    9  Ag     12    4.39   0.01         0    2    0   0.014   13.670379    6.055880   33.572872
   10  Ag      7    3.92   0.19         0    2    0   0.027   10.180069    1.781141   33.572872
   11  Ag      9    4.27   0.07         0    2    0   0.014   18.905843    5.343423   35.165973
   12  Ag      6    3.59   0.27         0    2    0   0.027   15.415533    1.068685   35.165973
   13  Ag      8    4.14   0.11         0    2    0   0.021    6.689760    4.630967   36.759074
   14  Ag      3    2.00   0.37         2    2    0   0.011    3.199451    0.356229   36.759074
   15  Ag     11    4.36   0.03         0    2    0   0.114   11.925224    3.918511   38.352175
   16  Ag     11    4.38   0.02         0    2    0   0.055   15.415533    8.193249   38.352175
   17  Ag      5    3.15   0.34         0    2    0   0.024   17.160688    3.206054   39.945276
   18  Ag      6    3.59   0.26         0    2    0   0.020   20.650997    7.480793   39.945276
   19  Ag      3    2.00   0.37         2    2    0   0.027    4.944605    2.493598   41.538377
   20  Ag      8    4.21   0.08         0    2    0   0.122    8.434915    6.768336   41.538377
   21  Ag      6    3.59   0.26         0    2    0   0.010   10.180069    8.905705   27.200468
   22  Ag      5    3.15   0.34         0    2    0   0.011   13.670379   13.180444   27.200468
   23  Ag      4    2.61   0.38         3    2    0   0.012   22.396152   16.742726   28.793569
   24  Ag      8    4.14   0.12         0    2    0   0.012   18.905843   12.467987   28.793569
   25  Ag      3    2.00   0.39         2    2    0   0.006   27.631616   16.030269   30.386670
   26  Ag      7    3.92   0.19         0    2    0   0.009   24.141307   11.755531   30.386670
   27  Ag      6    3.59   0.27         0    2    0   0.012   15.415533   15.317813   31.979771
   28  Ag      9    4.27   0.07         0    2    0   0.006   11.925224   11.043075   31.979771
   29  Ag      9    4.27   0.07         0    2    0   0.010   20.650997   14.605357   33.572872
/home/ans819/.conda/envs/autoflow/lib/python3.13/site-packages/mace/calculators/mace.py:197: UserWarning: Environment variable TORCH_FORCE_NO_WEIGHTS_ONLY_LOAD detected, since the`weights_only` argument was not explicitly passed to `torch.load`, forcing weights_only=False.
  torch.load(f=model_path, map_location=device)
/home/ans819/.conda/envs/autoflow/lib/python3.13/site-packages/chgnet/model/model.py:898: UserWarning: Converting a tensor with requires_grad=True to a scalar may lead to unexpected behavior.
Consider using tensor.detach() first. (Triggered internally at /pytorch/torch/csrc/autograd/generated/python_variable_methods.cpp:836.)
  volumes = torch.tensor(volumes, dtype=TORCH_DTYPE, device=atomic_numbers.device)
cuequivariance or cuequivariance_torch is not available. Cuequivariance acceleration will be disabled.
------------------------------------------------------------
  cycle        total energy    energy error   density error
------------------------------------------------------------
      1     -162.9770958609  -1.6282027E+02   1.0024293E+00
      2     -162.2641500136   7.1294585E-01   6.1824804E-01
      3     -18.09755742460   1.4416659E+02   1.4241799E+00
      4     -130.6868782729  -1.1258932E+02   5.0626215E-01
      5      48.89188406253   1.7957876E+02   1.1384798E+00
      6     -115.7975578079  -1.6468944E+02   4.1679184E-01
      7     -157.9502624815  -4.2152705E+01   1.6457768E-01
      8     -159.3738192211  -1.4235567E+00   1.3974355E-01
      9     -163.2235705984  -3.8497514E+00   5.4874484E-02
     10     -163.2622783272  -3.8707729E-02   4.3546472E-02
     11     -163.2694423113  -7.1639841E-03   4.0812213E-02
     12     -163.2969449247  -2.7502613E-02   3.5272449E-02
     13     -163.3141232317  -1.7178307E-02   2.7410440E-02
     14     -163.3183872121  -4.2639804E-03   2.4732257E-02
     15     -163.3165740723   1.8131398E-03   2.4067107E-02
     16     -163.3168403136  -2.6624126E-04   2.2509739E-02
     17     -163.3230503078  -6.2099942E-03   1.8037412E-02
     18     -163.3247629294  -1.7126216E-03   1.5851224E-02
     19     -163.3262109337  -1.4480043E-03   1.3829270E-02
     20     -163.3271040670  -8.9313323E-04   1.1774833E-02
     21     -163.3284928243  -1.3887573E-03   6.1671047E-03
     22     -163.3284146020   7.8222347E-05   4.9806252E-03
     23     -163.3287455793  -3.3097737E-04   3.6713105E-03
     24     -163.3289643411  -2.1876181E-04   2.1636249E-03
     25     -163.3289912808  -2.6939689E-05   2.3359909E-03
     26     -163.3290629420  -7.1661214E-05   1.9600131E-03
     27     -163.3290883126  -2.5370576E-05   1.5458612E-03
     28     -163.3290888437  -5.3104839E-07   1.4276459E-03
     29     -163.3290884008   4.4289260E-07   1.4265059E-03
     30     -163.3290912583  -2.8575032E-06   1.3180482E-03
     31     -163.3290964811  -5.2228384E-06   1.0737442E-03
     32     -163.3290985364  -2.0552360E-06   9.9269629E-04
     33     -163.3291089929  -1.0456505E-05   7.0306912E-04
     34     -163.3291175051  -8.5122315E-06   2.9120240E-04
     35     -163.3291188971  -1.3920124E-06   5.5159910E-05
     36     -163.3291189401  -4.3028194E-08   3.6132730E-05
     37     -163.3291189554  -1.5258252E-08   1.2376305E-05
------------------------------------------------------------

 total:                                  21.510 sec
3
{'bond-orders': array([[ 0.00000000e+00,  3.10386197e-01,  2.20797581e-02, ...,
         2.08261630e-04, -4.61405299e-06,  1.31339031e-03],
       [ 3.10386197e-01,  0.00000000e+00,  2.39723690e-02, ...,
         2.57103315e-04,  1.34296136e-04,  1.01910290e-03],
       [ 2.20797581e-02,  2.39723690e-02,  0.00000000e+00, ...,
         2.50748379e-04,  2.90664277e-04,  4.22658186e-03],
       ...,
       [ 2.08261630e-04,  2.57103315e-04,  2.50748379e-04, ...,
         0.00000000e+00,  7.22349113e-03,  2.09051403e-02],
       [-4.61405299e-06,  1.34296136e-04,  2.90664277e-04, ...,
         7.22349113e-03,  0.00000000e+00,  2.01558570e-02],
       [ 1.31339031e-03,  1.01910290e-03,  4.22658186e-03, ...,
         2.09051403e-02,  2.01558570e-02,  0.00000000e+00]],
      shape=(45, 45))}
{'bond-orders': array([[ 0.00000000e+00,  3.10386197e-01,  2.20797581e-02, ...,
         2.08261630e-04, -4.61405299e-06,  1.31339031e-03],
       [ 3.10386197e-01,  0.00000000e+00,  2.39723690e-02, ...,
         2.57103315e-04,  1.34296136e-04,  1.01910290e-03],
       [ 2.20797581e-02,  2.39723690e-02,  0.00000000e+00, ...,
         2.50748379e-04,  2.90664277e-04,  4.22658186e-03],
       ...,
       [ 2.08261630e-04,  2.57103315e-04,  2.50748379e-04, ...,
         0.00000000e+00,  7.22349113e-03,  2.09051403e-02],
       [-4.61405299e-06,  1.34296136e-04,  2.90664277e-04, ...,
         7.22349113e-03,  0.00000000e+00,  2.01558570e-02],
       [ 1.31339031e-03,  1.01910290e-03,  4.22658186e-03, ...,
         2.09051403e-02,  2.01558570e-02,  0.00000000e+00]],
      shape=(45, 45)), 'molecular-dipole': array([0.79912932, 1.38405422, 1.15253331])}
{'bond-orders': array([[ 0.00000000e+00,  3.10386197e-01,  2.20797581e-02, ...,
         2.08261630e-04, -4.61405299e-06,  1.31339031e-03],
       [ 3.10386197e-01,  0.00000000e+00,  2.39723690e-02, ...,
         2.57103315e-04,  1.34296136e-04,  1.01910290e-03],
       [ 2.20797581e-02,  2.39723690e-02,  0.00000000e+00, ...,
         2.50748379e-04,  2.90664277e-04,  4.22658186e-03],
       ...,
       [ 2.08261630e-04,  2.57103315e-04,  2.50748379e-04, ...,
         0.00000000e+00,  7.22349113e-03,  2.09051403e-02],
       [-4.61405299e-06,  1.34296136e-04,  2.90664277e-04, ...,
         7.22349113e-03,  0.00000000e+00,  2.01558570e-02],
       [ 1.31339031e-03,  1.01910290e-03,  4.22658186e-03, ...,
         2.09051403e-02,  2.01558570e-02,  0.00000000e+00]],
      shape=(45, 45)), 'molecular-dipole': array([0.79912932, 1.38405422, 1.15253331]), 'molecular-quadrupole': array([-57.10063708, 102.56181663, -63.2931954 , 182.34445967,
       207.34740201, 120.39383248])}
------------------------------------------------------------
  cycle        total energy    energy error   density error
------------------------------------------------------------
      1     -163.3921695636  -1.6317754E+02   7.0361642E-03
      2     -163.3884858254   3.6837382E-03   9.5783653E-03
      3     -163.3839212164   4.5646090E-03   8.5039251E-03
      4     -163.3365305678   4.7390649E-02   1.4012565E-02
      5     -163.3865738948  -5.0043327E-02   5.7910629E-03
      6     -163.3924212957  -5.8474009E-03   3.5801629E-03
      7     -163.3930302212  -6.0892552E-04   1.3323258E-03
      8     -163.3932728396  -2.4261832E-04   4.0353795E-04
      9     -163.3932852748  -1.2435191E-05   2.0644830E-04
     10     -163.3932868425  -1.5677336E-06   1.4122479E-04
     11     -163.3932888355  -1.9930482E-06   8.6803458E-05
     12     -163.3932895803  -7.4479632E-07   5.3527465E-05
     13     -163.3932897050  -1.2465892E-07   1.9584414E-05
------------------------------------------------------------

 total:                                  14.070 sec
3
{'bond-orders': array([[ 0.00000000e+00,  3.10669406e-01,  2.17312632e-02, ...,
         2.28409773e-04, -1.75023077e-05,  1.15603524e-03],
       [ 3.10669406e-01,  0.00000000e+00,  2.38015486e-02, ...,
         2.79478953e-04,  1.22322363e-04,  1.02510429e-03],
       [ 2.17312632e-02,  2.38015486e-02,  0.00000000e+00, ...,
         2.88791006e-04,  3.13754374e-04,  4.14847396e-03],
       ...,
       [ 2.28409773e-04,  2.79478953e-04,  2.88791006e-04, ...,
         0.00000000e+00,  8.41035162e-03,  2.36793772e-02],
       [-1.75023077e-05,  1.22322363e-04,  3.13754374e-04, ...,
         8.41035162e-03,  0.00000000e+00,  2.28039895e-02],
       [ 1.15603524e-03,  1.02510429e-03,  4.14847396e-03, ...,
         2.36793772e-02,  2.28039895e-02,  0.00000000e+00]],
      shape=(45, 45))}
{'bond-orders': array([[ 0.00000000e+00,  3.10669406e-01,  2.17312632e-02, ...,
         2.28409773e-04, -1.75023077e-05,  1.15603524e-03],
       [ 3.10669406e-01,  0.00000000e+00,  2.38015486e-02, ...,
         2.79478953e-04,  1.22322363e-04,  1.02510429e-03],
       [ 2.17312632e-02,  2.38015486e-02,  0.00000000e+00, ...,
         2.88791006e-04,  3.13754374e-04,  4.14847396e-03],
       ...,
       [ 2.28409773e-04,  2.79478953e-04,  2.88791006e-04, ...,
         0.00000000e+00,  8.41035162e-03,  2.36793772e-02],
       [-1.75023077e-05,  1.22322363e-04,  3.13754374e-04, ...,
         8.41035162e-03,  0.00000000e+00,  2.28039895e-02],
       [ 1.15603524e-03,  1.02510429e-03,  4.14847396e-03, ...,
         2.36793772e-02,  2.28039895e-02,  0.00000000e+00]],
      shape=(45, 45)), 'molecular-dipole': array([0.85581595, 1.38286976, 1.12903175])}
{'bond-orders': array([[ 0.00000000e+00,  3.10669406e-01,  2.17312632e-02, ...,
         2.28409773e-04, -1.75023077e-05,  1.15603524e-03],
       [ 3.10669406e-01,  0.00000000e+00,  2.38015486e-02, ...,
         2.79478953e-04,  1.22322363e-04,  1.02510429e-03],
       [ 2.17312632e-02,  2.38015486e-02,  0.00000000e+00, ...,
         2.88791006e-04,  3.13754374e-04,  4.14847396e-03],
       ...,
       [ 2.28409773e-04,  2.79478953e-04,  2.88791006e-04, ...,
         0.00000000e+00,  8.41035162e-03,  2.36793772e-02],
       [-1.75023077e-05,  1.22322363e-04,  3.13754374e-04, ...,
         8.41035162e-03,  0.00000000e+00,  2.28039895e-02],
       [ 1.15603524e-03,  1.02510429e-03,  4.14847396e-03, ...,
         2.36793772e-02,  2.28039895e-02,  0.00000000e+00]],
      shape=(45, 45)), 'molecular-dipole': array([0.85581595, 1.38286976, 1.12903175]), 'molecular-quadrupole': array([-55.06948528, 103.1718279 , -63.62811707, 187.54105434,
       206.57181639, 118.69760235])}
------------------------------------------------------------
  cycle        total energy    energy error   density error
------------------------------------------------------------
      1     -163.4100834654  -1.6318687E+02   5.4900091E-03
      2     -163.4062353974   3.8480680E-03   7.6289404E-03
      3     -163.3826902155   2.3545182E-02   1.0901086E-02
      4     -163.3554943168   2.7195899E-02   1.3484965E-02
      5     -163.4102680543  -5.4773737E-02   2.5364415E-03
      6     -163.4104447193  -1.7666498E-04   2.0622358E-03
      7     -163.4106370017  -1.9228243E-04   8.3936710E-04
      8     -163.4107170270  -8.0025291E-05   2.3440955E-04
      9     -163.4107184165  -1.3895490E-06   1.4507033E-04
     10     -163.4107190999  -6.8334410E-07   7.6749377E-05
     11     -163.4107192879  -1.8803786E-07   4.0265142E-05
     12     -163.4107193226  -3.4716834E-08   2.8842975E-05
     13     -163.4107193702  -4.7525702E-08   1.0121926E-05
------------------------------------------------------------

 total:                                  14.021 sec
3
{'bond-orders': array([[ 0.00000000e+00,  3.10634633e-01,  2.15314864e-02, ...,
         2.14860531e-04, -2.68761653e-05,  1.02693343e-03],
       [ 3.10634633e-01,  0.00000000e+00,  2.37062132e-02, ...,
         2.67851724e-04,  1.02706413e-04,  1.00380890e-03],
       [ 2.15314864e-02,  2.37062132e-02,  0.00000000e+00, ...,
         2.72309969e-04,  2.90364774e-04,  3.89759515e-03],
       ...,
       [ 2.14860531e-04,  2.67851724e-04,  2.72309969e-04, ...,
         0.00000000e+00,  8.81227900e-03,  2.40212503e-02],
       [-2.68761653e-05,  1.02706413e-04,  2.90364774e-04, ...,
         8.81227900e-03,  0.00000000e+00,  2.39707303e-02],
       [ 1.02693343e-03,  1.00380890e-03,  3.89759515e-03, ...,
         2.40212503e-02,  2.39707303e-02,  0.00000000e+00]],
      shape=(45, 45))}
{'bond-orders': array([[ 0.00000000e+00,  3.10634633e-01,  2.15314864e-02, ...,
         2.14860531e-04, -2.68761653e-05,  1.02693343e-03],
       [ 3.10634633e-01,  0.00000000e+00,  2.37062132e-02, ...,
         2.67851724e-04,  1.02706413e-04,  1.00380890e-03],
       [ 2.15314864e-02,  2.37062132e-02,  0.00000000e+00, ...,
         2.72309969e-04,  2.90364774e-04,  3.89759515e-03],
       ...,
       [ 2.14860531e-04,  2.67851724e-04,  2.72309969e-04, ...,
         0.00000000e+00,  8.81227900e-03,  2.40212503e-02],
       [-2.68761653e-05,  1.02706413e-04,  2.90364774e-04, ...,
         8.81227900e-03,  0.00000000e+00,  2.39707303e-02],
       [ 1.02693343e-03,  1.00380890e-03,  3.89759515e-03, ...,
         2.40212503e-02,  2.39707303e-02,  0.00000000e+00]],
      shape=(45, 45)), 'molecular-dipole': array([0.88974792, 1.40057134, 1.06918991])}
{'bond-orders': array([[ 0.00000000e+00,  3.10634633e-01,  2.15314864e-02, ...,
         2.14860531e-04, -2.68761653e-05,  1.02693343e-03],
       [ 3.10634633e-01,  0.00000000e+00,  2.37062132e-02, ...,
         2.67851724e-04,  1.02706413e-04,  1.00380890e-03],
       [ 2.15314864e-02,  2.37062132e-02,  0.00000000e+00, ...,
         2.72309969e-04,  2.90364774e-04,  3.89759515e-03],
       ...,
       [ 2.14860531e-04,  2.67851724e-04,  2.72309969e-04, ...,
         0.00000000e+00,  8.81227900e-03,  2.40212503e-02],
       [-2.68761653e-05,  1.02706413e-04,  2.90364774e-04, ...,
         8.81227900e-03,  0.00000000e+00,  2.39707303e-02],
       [ 1.02693343e-03,  1.00380890e-03,  3.89759515e-03, ...,
         2.40212503e-02,  2.39707303e-02,  0.00000000e+00]],
      shape=(45, 45)), 'molecular-dipole': array([0.88974792, 1.40057134, 1.06918991]), 'molecular-quadrupole': array([-51.43594337, 104.45123777, -61.95488634, 189.51086355,
       207.99343306, 113.39082971])}
------------------------------------------------------------
  cycle        total energy    energy error   density error
------------------------------------------------------------
      1     -163.4318381131  -1.6320121E+02   9.5434060E-03
      2     -163.3943617310   3.7476382E-02   1.6484539E-02
      3     -163.1855798340   2.0878190E-01   2.8858979E-02
      4     -163.4082209676  -2.2264113E-01   1.1435980E-02
      5     -163.4295909800  -2.1370012E-02   6.1768609E-03
      6     -163.4333858828  -3.7949028E-03   3.8984018E-03
      7     -163.4341412250  -7.5534223E-04   1.3654055E-03
      8     -163.4343010340  -1.5980894E-04   5.8572605E-04
      9     -163.4343191371  -1.8103178E-05   3.0457266E-04
     10     -163.4343225408  -3.4036370E-06   2.0308734E-04
     11     -163.4343222290   3.1176089E-07   1.3158728E-04
     12     -163.4343240540  -1.8249571E-06   8.0705486E-05
     13     -163.4343251366  -1.0826260E-06   3.3426711E-05
     14     -163.4343253247  -1.8810698E-07   1.7331015E-05
------------------------------------------------------------

 total:                                  14.359 sec
3
{'bond-orders': array([[ 0.00000000e+00,  3.10219428e-01,  2.11391345e-02, ...,
         1.65120712e-04, -3.59500346e-05,  8.53588348e-04],
       [ 3.10219428e-01,  0.00000000e+00,  2.33787198e-02, ...,
         2.26167702e-04,  7.75282754e-05,  1.03759442e-03],
       [ 2.11391345e-02,  2.33787198e-02,  0.00000000e+00, ...,
         2.31090669e-04,  2.47539327e-04,  3.51445713e-03],
       ...,
       [ 1.65120712e-04,  2.26167702e-04,  2.31090669e-04, ...,
         0.00000000e+00,  8.61459491e-03,  2.44410392e-02],
       [-3.59500346e-05,  7.75282754e-05,  2.47539327e-04, ...,
         8.61459491e-03,  0.00000000e+00,  2.52861842e-02],
       [ 8.53588348e-04,  1.03759442e-03,  3.51445713e-03, ...,
         2.44410392e-02,  2.52861842e-02,  0.00000000e+00]],
      shape=(45, 45))}
{'bond-orders': array([[ 0.00000000e+00,  3.10219428e-01,  2.11391345e-02, ...,
         1.65120712e-04, -3.59500346e-05,  8.53588348e-04],
       [ 3.10219428e-01,  0.00000000e+00,  2.33787198e-02, ...,
         2.26167702e-04,  7.75282754e-05,  1.03759442e-03],
       [ 2.11391345e-02,  2.33787198e-02,  0.00000000e+00, ...,
         2.31090669e-04,  2.47539327e-04,  3.51445713e-03],
       ...,
       [ 1.65120712e-04,  2.26167702e-04,  2.31090669e-04, ...,
         0.00000000e+00,  8.61459491e-03,  2.44410392e-02],
       [-3.59500346e-05,  7.75282754e-05,  2.47539327e-04, ...,
         8.61459491e-03,  0.00000000e+00,  2.52861842e-02],
       [ 8.53588348e-04,  1.03759442e-03,  3.51445713e-03, ...,
         2.44410392e-02,  2.52861842e-02,  0.00000000e+00]],
      shape=(45, 45)), 'molecular-dipole': array([0.98641724, 1.51698793, 0.85408229])}
{'bond-orders': array([[ 0.00000000e+00,  3.10219428e-01,  2.11391345e-02, ...,
         1.65120712e-04, -3.59500346e-05,  8.53588348e-04],
       [ 3.10219428e-01,  0.00000000e+00,  2.33787198e-02, ...,
         2.26167702e-04,  7.75282754e-05,  1.03759442e-03],
       [ 2.11391345e-02,  2.33787198e-02,  0.00000000e+00, ...,
         2.31090669e-04,  2.47539327e-04,  3.51445713e-03],
       ...,
       [ 1.65120712e-04,  2.26167702e-04,  2.31090669e-04, ...,
         0.00000000e+00,  8.61459491e-03,  2.44410392e-02],
       [-3.59500346e-05,  7.75282754e-05,  2.47539327e-04, ...,
         8.61459491e-03,  0.00000000e+00,  2.52861842e-02],
       [ 8.53588348e-04,  1.03759442e-03,  3.51445713e-03, ...,
         2.44410392e-02,  2.52861842e-02,  0.00000000e+00]],
      shape=(45, 45)), 'molecular-dipole': array([0.98641724, 1.51698793, 0.85408229]), 'molecular-quadrupole': array([-40.0817636 , 110.92616935, -53.95248341, 193.12380338,
       219.44709409,  94.03424701])}
------------------------------------------------------------
  cycle        total energy    energy error   density error
------------------------------------------------------------
      1     -163.4493696195  -1.6321488E+02   1.0200403E-02
      2     -163.3813636243   6.8005995E-02   1.8753046E-02
      3     -163.0300053143   3.5135831E-01   3.7087659E-02
      4     -163.4301835627  -4.0017825E-01   1.2120282E-02
      5     -163.4497143994  -1.9530837E-02   4.8214334E-03
      6     -163.4510987284  -1.3843291E-03   3.6300561E-03
      7     -163.4517743257  -6.7559726E-04   1.4599071E-03
      8     -163.4518648497  -9.0524013E-05   8.1104280E-04
      9     -163.4519126085  -4.7758777E-05   5.9222351E-04
     10     -163.4519458169  -3.3208409E-05   2.0743055E-04
     11     -163.4519473588  -1.5419243E-06   7.0418692E-05
     12     -163.4519477177  -3.5883025E-07   4.7941563E-05
     13     -163.4519479604  -2.4274283E-07   2.1826864E-05
     14     -163.4519480009  -4.0547548E-08   1.5895225E-05
------------------------------------------------------------

 total:                                  14.336 sec
3
{'bond-orders': array([[ 0.00000000e+00,  3.10009745e-01,  2.07638147e-02, ...,
         1.24842304e-04, -2.58874366e-05,  7.10959564e-04],
       [ 3.10009745e-01,  0.00000000e+00,  2.31368982e-02, ...,
         1.95806856e-04,  7.12205526e-05,  1.07214654e-03],
       [ 2.07638147e-02,  2.31368982e-02,  0.00000000e+00, ...,
         2.17181683e-04,  2.49951457e-04,  3.23131328e-03],
       ...,
       [ 1.24842304e-04,  1.95806856e-04,  2.17181683e-04, ...,
         0.00000000e+00,  8.65532518e-03,  2.59739812e-02],
       [-2.58874366e-05,  7.12205526e-05,  2.49951457e-04, ...,
         8.65532518e-03,  0.00000000e+00,  2.83007067e-02],
       [ 7.10959564e-04,  1.07214654e-03,  3.23131328e-03, ...,
         2.59739812e-02,  2.83007067e-02,  0.00000000e+00]],
      shape=(45, 45))}
{'bond-orders': array([[ 0.00000000e+00,  3.10009745e-01,  2.07638147e-02, ...,
         1.24842304e-04, -2.58874366e-05,  7.10959564e-04],
       [ 3.10009745e-01,  0.00000000e+00,  2.31368982e-02, ...,
         1.95806856e-04,  7.12205526e-05,  1.07214654e-03],
       [ 2.07638147e-02,  2.31368982e-02,  0.00000000e+00, ...,
         2.17181683e-04,  2.49951457e-04,  3.23131328e-03],
       ...,
       [ 1.24842304e-04,  1.95806856e-04,  2.17181683e-04, ...,
         0.00000000e+00,  8.65532518e-03,  2.59739812e-02],
       [-2.58874366e-05,  7.12205526e-05,  2.49951457e-04, ...,
         8.65532518e-03,  0.00000000e+00,  2.83007067e-02],
       [ 7.10959564e-04,  1.07214654e-03,  3.23131328e-03, ...,
         2.59739812e-02,  2.83007067e-02,  0.00000000e+00]],
      shape=(45, 45)), 'molecular-dipole': array([1.04029956, 1.57783245, 0.61337281])}
{'bond-orders': array([[ 0.00000000e+00,  3.10009745e-01,  2.07638147e-02, ...,
         1.24842304e-04, -2.58874366e-05,  7.10959564e-04],
       [ 3.10009745e-01,  0.00000000e+00,  2.31368982e-02, ...,
         1.95806856e-04,  7.12205526e-05,  1.07214654e-03],
       [ 2.07638147e-02,  2.31368982e-02,  0.00000000e+00, ...,
         2.17181683e-04,  2.49951457e-04,  3.23131328e-03],
       ...,
       [ 1.24842304e-04,  1.95806856e-04,  2.17181683e-04, ...,
         0.00000000e+00,  8.65532518e-03,  2.59739812e-02],
       [-2.58874366e-05,  7.12205526e-05,  2.49951457e-04, ...,
         8.65532518e-03,  0.00000000e+00,  2.83007067e-02],
       [ 7.10959564e-04,  1.07214654e-03,  3.23131328e-03, ...,
         2.59739812e-02,  2.83007067e-02,  0.00000000e+00]],
      shape=(45, 45)), 'molecular-dipole': array([1.04029956, 1.57783245, 0.61337281]), 'molecular-quadrupole': array([-29.0814828 , 113.09542649, -44.87332872, 190.96475679,
       223.37587945,  73.95481152])}
------------------------------------------------------------
  cycle        total energy    energy error   density error
------------------------------------------------------------
      1     -163.4646532289  -1.6322753E+02   8.7391476E-03
      2     -163.3611436159   1.0350961E-01   2.1015892E-02
      3     -163.1449564971   2.1618712E-01   3.2535705E-02
      4     -163.4570795955  -3.1212310E-01   9.2321140E-03
      5     -163.4655068343  -8.4272388E-03   4.1122887E-03
      6     -163.4662390457  -7.3221145E-04   3.3674434E-03
      7     -163.4667038487  -4.6480300E-04   1.5967236E-03
      8     -163.4669236750  -2.1982632E-04   7.6408966E-04
      9     -163.4669288817  -5.2066535E-06   5.2349200E-04
     10     -163.4669654576  -3.6575864E-05   2.0181667E-04
     11     -163.4669699417  -4.4841665E-06   4.5795644E-05
     12     -163.4669699050   3.6732018E-08   3.6166714E-05
     13     -163.4669700070  -1.0203263E-07   1.6701069E-05
------------------------------------------------------------

 total:                                  14.070 sec
3
{'bond-orders': array([[ 0.00000000e+00,  3.09786690e-01,  2.04118900e-02, ...,
         8.72112867e-05, -2.13929749e-06,  6.47863395e-04],
       [ 3.09786690e-01,  0.00000000e+00,  2.29186629e-02, ...,
         1.63139179e-04,  7.65727319e-05,  1.13791534e-03],
       [ 2.04118900e-02,  2.29186629e-02,  0.00000000e+00, ...,
         2.06019264e-04,  2.71882951e-04,  3.08605077e-03],
       ...,
       [ 8.72112867e-05,  1.63139179e-04,  2.06019264e-04, ...,
         0.00000000e+00,  8.58041367e-03,  2.71515259e-02],
       [-2.13929749e-06,  7.65727319e-05,  2.71882951e-04, ...,
         8.58041367e-03,  0.00000000e+00,  3.12395699e-02],
       [ 6.47863395e-04,  1.13791534e-03,  3.08605077e-03, ...,
         2.71515259e-02,  3.12395699e-02,  0.00000000e+00]],
      shape=(45, 45))}
{'bond-orders': array([[ 0.00000000e+00,  3.09786690e-01,  2.04118900e-02, ...,
         8.72112867e-05, -2.13929749e-06,  6.47863395e-04],
       [ 3.09786690e-01,  0.00000000e+00,  2.29186629e-02, ...,
         1.63139179e-04,  7.65727319e-05,  1.13791534e-03],
       [ 2.04118900e-02,  2.29186629e-02,  0.00000000e+00, ...,
         2.06019264e-04,  2.71882951e-04,  3.08605077e-03],
       ...,
       [ 8.72112867e-05,  1.63139179e-04,  2.06019264e-04, ...,
         0.00000000e+00,  8.58041367e-03,  2.71515259e-02],
       [-2.13929749e-06,  7.65727319e-05,  2.71882951e-04, ...,
         8.58041367e-03,  0.00000000e+00,  3.12395699e-02],
       [ 6.47863395e-04,  1.13791534e-03,  3.08605077e-03, ...,
         2.71515259e-02,  3.12395699e-02,  0.00000000e+00]],
      shape=(45, 45)), 'molecular-dipole': array([1.0807397 , 1.6549858 , 0.34588835])}
{'bond-orders': array([[ 0.00000000e+00,  3.09786690e-01,  2.04118900e-02, ...,
         8.72112867e-05, -2.13929749e-06,  6.47863395e-04],
       [ 3.09786690e-01,  0.00000000e+00,  2.29186629e-02, ...,
         1.63139179e-04,  7.65727319e-05,  1.13791534e-03],
       [ 2.04118900e-02,  2.29186629e-02,  0.00000000e+00, ...,
         2.06019264e-04,  2.71882951e-04,  3.08605077e-03],
       ...,
       [ 8.72112867e-05,  1.63139179e-04,  2.06019264e-04, ...,
         0.00000000e+00,  8.58041367e-03,  2.71515259e-02],
       [-2.13929749e-06,  7.65727319e-05,  2.71882951e-04, ...,
         8.58041367e-03,  0.00000000e+00,  3.12395699e-02],
       [ 6.47863395e-04,  1.13791534e-03,  3.08605077e-03, ...,
         2.71515259e-02,  3.12395699e-02,  0.00000000e+00]],
      shape=(45, 45)), 'molecular-dipole': array([1.0807397 , 1.6549858 , 0.34588835]), 'molecular-quadrupole': array([-17.41586551, 115.98367751, -34.15809316, 185.77940789,
       228.24676405,  51.57395867])}
------------------------------------------------------------
  cycle        total energy    energy error   density error
------------------------------------------------------------
      1     -163.4774352742  -1.6323690E+02   7.0133430E-03
      2     -163.3651815585   1.1225372E-01   2.0907840E-02
      3     -163.2836098006   8.1571758E-02   2.5526092E-02
      4     -163.4735082943  -1.8989849E-01   7.0064680E-03
      5     -163.4785252529  -5.0169586E-03   3.2546273E-03
      6     -163.4788689388  -3.4368592E-04   2.6701540E-03
      7     -163.4791153647  -2.4642594E-04   1.3690459E-03
      8     -163.4792744366  -1.5907186E-04   5.9585850E-04
      9     -163.4792735522   8.8436522E-07   3.7415326E-04
     10     -163.4792891842  -1.5631940E-05   1.7528898E-04
     11     -163.4792942539  -5.0697306E-06   3.8359224E-05
     12     -163.4792941911   6.2800154E-08   3.1933105E-05
     13     -163.4792942794  -8.8298179E-08   1.4397120E-05
------------------------------------------------------------

 total:                                  14.096 sec
3
{'bond-orders': array([[0.00000000e+00, 3.09527332e-01, 2.00723705e-02, ...,
        6.38580524e-05, 3.06892735e-05, 6.51669551e-04],
       [3.09527332e-01, 0.00000000e+00, 2.26912538e-02, ...,
        1.39652986e-04, 8.87286464e-05, 1.22844092e-03],
       [2.00723705e-02, 2.26912538e-02, 0.00000000e+00, ...,
        2.07877326e-04, 3.08899061e-04, 3.05548181e-03],
       ...,
       [6.38580524e-05, 1.39652986e-04, 2.07877326e-04, ...,
        0.00000000e+00, 8.66226078e-03, 2.85428724e-02],
       [3.06892735e-05, 8.87286464e-05, 3.08899061e-04, ...,
        8.66226078e-03, 0.00000000e+00, 3.34863228e-02],
       [6.51669551e-04, 1.22844092e-03, 3.05548181e-03, ...,
        2.85428724e-02, 3.34863228e-02, 0.00000000e+00]], shape=(45, 45))}
{'bond-orders': array([[0.00000000e+00, 3.09527332e-01, 2.00723705e-02, ...,
        6.38580524e-05, 3.06892735e-05, 6.51669551e-04],
       [3.09527332e-01, 0.00000000e+00, 2.26912538e-02, ...,
        1.39652986e-04, 8.87286464e-05, 1.22844092e-03],
       [2.00723705e-02, 2.26912538e-02, 0.00000000e+00, ...,
        2.07877326e-04, 3.08899061e-04, 3.05548181e-03],
       ...,
       [6.38580524e-05, 1.39652986e-04, 2.07877326e-04, ...,
        0.00000000e+00, 8.66226078e-03, 2.85428724e-02],
       [3.06892735e-05, 8.87286464e-05, 3.08899061e-04, ...,
        8.66226078e-03, 0.00000000e+00, 3.34863228e-02],
       [6.51669551e-04, 1.22844092e-03, 3.05548181e-03, ...,
        2.85428724e-02, 3.34863228e-02, 0.00000000e+00]], shape=(45, 45)), 'molecular-dipole': array([1.09921501, 1.72634595, 0.07838549])}
{'bond-orders': array([[0.00000000e+00, 3.09527332e-01, 2.00723705e-02, ...,
        6.38580524e-05, 3.06892735e-05, 6.51669551e-04],
       [3.09527332e-01, 0.00000000e+00, 2.26912538e-02, ...,
        1.39652986e-04, 8.87286464e-05, 1.22844092e-03],
       [2.00723705e-02, 2.26912538e-02, 0.00000000e+00, ...,
        2.07877326e-04, 3.08899061e-04, 3.05548181e-03],
       ...,
       [6.38580524e-05, 1.39652986e-04, 2.07877326e-04, ...,
        0.00000000e+00, 8.66226078e-03, 2.85428724e-02],
       [3.06892735e-05, 8.87286464e-05, 3.08899061e-04, ...,
        8.66226078e-03, 0.00000000e+00, 3.34863228e-02],
       [6.51669551e-04, 1.22844092e-03, 3.05548181e-03, ...,
        2.85428724e-02, 3.34863228e-02, 0.00000000e+00]], shape=(45, 45)), 'molecular-dipole': array([1.09921501, 1.72634595, 0.07838549]), 'molecular-quadrupole': array([ -6.04590147, 118.6505113 , -23.10398441, 177.64846602,
       231.95858471,  29.14988588])}
------------------------------------------------------------
  cycle        total energy    energy error   density error
------------------------------------------------------------
      1     -163.4877354716  -1.6324285E+02   6.2994479E-03
      2     -163.3613396273   1.2639584E-01   2.1525561E-02
      3     -163.3405226051   2.0817022E-02   2.2379762E-02
      4     -163.4850502860  -1.4452768E-01   5.8677147E-03
      5     -163.4889643428  -3.9140567E-03   2.8538582E-03
      6     -163.4891832265  -2.1888369E-04   2.3477245E-03
      7     -163.4894035823  -2.2035587E-04   1.1241339E-03
      8     -163.4894915407  -8.7958380E-05   5.2641702E-04
      9     -163.4894960404  -4.4997158E-06   2.9542773E-04
     10     -163.4895019441  -5.9036652E-06   1.4756471E-04
     11     -163.4895055955  -3.6513764E-06   4.0828538E-05
     12     -163.4895056078  -1.2280225E-08   2.9523856E-05
     13     -163.4895056837  -7.5946900E-08   1.2753408E-05
------------------------------------------------------------

 total:                                  14.019 sec
3
{'bond-orders': array([[0.00000000e+00, 3.09194325e-01, 1.97292823e-02, ...,
        5.29843871e-05, 7.32651921e-05, 7.17948747e-04],
       [3.09194325e-01, 0.00000000e+00, 2.24203212e-02, ...,
        1.25347936e-04, 1.08032283e-04, 1.35786036e-03],
       [1.97292823e-02, 2.24203212e-02, 0.00000000e+00, ...,
        2.21317602e-04, 3.68346905e-04, 3.12588916e-03],
       ...,
       [5.29843871e-05, 1.25347936e-04, 2.21317602e-04, ...,
        0.00000000e+00, 8.82128823e-03, 3.00270059e-02],
       [7.32651921e-05, 1.08032283e-04, 3.68346905e-04, ...,
        8.82128823e-03, 0.00000000e+00, 3.52977881e-02],
       [7.17948747e-04, 1.35786036e-03, 3.12588916e-03, ...,
        3.00270059e-02, 3.52977881e-02, 0.00000000e+00]], shape=(45, 45))}
{'bond-orders': array([[0.00000000e+00, 3.09194325e-01, 1.97292823e-02, ...,
        5.29843871e-05, 7.32651921e-05, 7.17948747e-04],
       [3.09194325e-01, 0.00000000e+00, 2.24203212e-02, ...,
        1.25347936e-04, 1.08032283e-04, 1.35786036e-03],
       [1.97292823e-02, 2.24203212e-02, 0.00000000e+00, ...,
        2.21317602e-04, 3.68346905e-04, 3.12588916e-03],
       ...,
       [5.29843871e-05, 1.25347936e-04, 2.21317602e-04, ...,
        0.00000000e+00, 8.82128823e-03, 3.00270059e-02],
       [7.32651921e-05, 1.08032283e-04, 3.68346905e-04, ...,
        8.82128823e-03, 0.00000000e+00, 3.52977881e-02],
       [7.17948747e-04, 1.35786036e-03, 3.12588916e-03, ...,
        3.00270059e-02, 3.52977881e-02, 0.00000000e+00]], shape=(45, 45)), 'molecular-dipole': array([ 1.09986765,  1.78260578, -0.19438352])}
{'bond-orders': array([[0.00000000e+00, 3.09194325e-01, 1.97292823e-02, ...,
        5.29843871e-05, 7.32651921e-05, 7.17948747e-04],
       [3.09194325e-01, 0.00000000e+00, 2.24203212e-02, ...,
        1.25347936e-04, 1.08032283e-04, 1.35786036e-03],
       [1.97292823e-02, 2.24203212e-02, 0.00000000e+00, ...,
        2.21317602e-04, 3.68346905e-04, 3.12588916e-03],
       ...,
       [5.29843871e-05, 1.25347936e-04, 2.21317602e-04, ...,
        0.00000000e+00, 8.82128823e-03, 3.00270059e-02],
       [7.32651921e-05, 1.08032283e-04, 3.68346905e-04, ...,
        8.82128823e-03, 0.00000000e+00, 3.52977881e-02],
       [7.17948747e-04, 1.35786036e-03, 3.12588916e-03, ...,
        3.00270059e-02, 3.52977881e-02, 0.00000000e+00]], shape=(45, 45)), 'molecular-dipole': array([ 1.09986765,  1.78260578, -0.19438352]), 'molecular-quadrupole': array([  5.3790829 , 120.55984507, -11.69690177, 167.05103173,
       233.54951567,   6.31781887])}
------------------------------------------------------------
  cycle        total energy    energy error   density error
------------------------------------------------------------
      1     -163.4955054697  -1.6324601E+02   6.2689091E-03
      2     -163.3368405915   1.5866488E-01   2.3506968E-02
      3     -163.3645818775  -2.7741286E-02   2.1238104E-02
      4     -163.4938051562  -1.2922328E-01   5.1633118E-03
      5     -163.4969411418  -3.1359856E-03   2.7709792E-03
      6     -163.4971570668  -2.1592498E-04   2.3006679E-03
      7     -163.4974095297  -2.5246289E-04   9.6468787E-04
      8     -163.4974544888  -4.4959117E-05   5.5715943E-04
      9     -163.4974711525  -1.6663709E-05   2.6246903E-04
     10     -163.4974733688  -2.2162705E-06   1.2870072E-04
     11     -163.4974748021  -1.4332891E-06   5.5118853E-05
     12     -163.4974751656  -3.6356988E-07   2.3249320E-05
     13     -163.4974751842  -1.8600360E-08   9.0314288E-06
------------------------------------------------------------

 total:                                  14.020 sec
3
{'bond-orders': array([[0.00000000e+00, 3.08769199e-01, 1.93878063e-02, ...,
        5.57152406e-05, 1.30605869e-04, 8.70723004e-04],
       [3.08769199e-01, 0.00000000e+00, 2.20842504e-02, ...,
        1.23008938e-04, 1.38277168e-04, 1.55952133e-03],
       [1.93878063e-02, 2.20842504e-02, 0.00000000e+00, ...,
        2.50992234e-04, 4.66652921e-04, 3.32710087e-03],
       ...,
       [5.57152406e-05, 1.23008938e-04, 2.50992234e-04, ...,
        0.00000000e+00, 8.97636769e-03, 3.15612227e-02],
       [1.30605869e-04, 1.38277168e-04, 4.66652921e-04, ...,
        8.97636769e-03, 0.00000000e+00, 3.66432343e-02],
       [8.70723004e-04, 1.55952133e-03, 3.32710087e-03, ...,
        3.15612227e-02, 3.66432343e-02, 0.00000000e+00]], shape=(45, 45))}
{'bond-orders': array([[0.00000000e+00, 3.08769199e-01, 1.93878063e-02, ...,
        5.57152406e-05, 1.30605869e-04, 8.70723004e-04],
       [3.08769199e-01, 0.00000000e+00, 2.20842504e-02, ...,
        1.23008938e-04, 1.38277168e-04, 1.55952133e-03],
       [1.93878063e-02, 2.20842504e-02, 0.00000000e+00, ...,
        2.50992234e-04, 4.66652921e-04, 3.32710087e-03],
       ...,
       [5.57152406e-05, 1.23008938e-04, 2.50992234e-04, ...,
        0.00000000e+00, 8.97636769e-03, 3.15612227e-02],
       [1.30605869e-04, 1.38277168e-04, 4.66652921e-04, ...,
        8.97636769e-03, 0.00000000e+00, 3.66432343e-02],
       [8.70723004e-04, 1.55952133e-03, 3.32710087e-03, ...,
        3.15612227e-02, 3.66432343e-02, 0.00000000e+00]], shape=(45, 45)), 'molecular-dipole': array([ 1.09691901,  1.83957784, -0.47832554])}
{'bond-orders': array([[0.00000000e+00, 3.08769199e-01, 1.93878063e-02, ...,
        5.57152406e-05, 1.30605869e-04, 8.70723004e-04],
       [3.08769199e-01, 0.00000000e+00, 2.20842504e-02, ...,
        1.23008938e-04, 1.38277168e-04, 1.55952133e-03],
       [1.93878063e-02, 2.20842504e-02, 0.00000000e+00, ...,
        2.50992234e-04, 4.66652921e-04, 3.32710087e-03],
       ...,
       [5.57152406e-05, 1.23008938e-04, 2.50992234e-04, ...,
        0.00000000e+00, 8.97636769e-03, 3.15612227e-02],
       [1.30605869e-04, 1.38277168e-04, 4.66652921e-04, ...,
        8.97636769e-03, 0.00000000e+00, 3.66432343e-02],
       [8.70723004e-04, 1.55952133e-03, 3.32710087e-03, ...,
        3.15612227e-02, 3.66432343e-02, 0.00000000e+00]], shape=(45, 45)), 'molecular-dipole': array([ 1.09691901,  1.83957784, -0.47832554]), 'molecular-quadrupole': array([ 17.38189035, 122.77295174,   0.34548424, 155.30043083,
       234.75407388, -17.72737459])}
