/home/ans819/.conda/envs/autoflow/lib/python3.13/site-packages/e3nn/o3/_wigner.py:10: UserWarning: Environment variable TORCH_FORCE_NO_WEIGHTS_ONLY_LOAD detected, since the`weights_only` argument was not explicitly passed to `torch.load`, forcing weights_only=False.
  _Jd, _W3j_flat, _W3j_indices = torch.load(os.path.join(os.path.dirname(__file__), 'constants.pt'))

          ==================== Thresholds ====================
          CN  :   150.00000
          rep :   500.00000
          disp:  2500.00000
          HB1 :   250.00000
          HB2 :   450.00000

          Pauling EN used:
          Z : 1  EN :  2.20
          Z : 6  EN :  2.55
          Z : 8  EN :  3.44
          Z :47  EN :  1.93
          electric field strengths (au): 0.000

           ------------------------------------------------- 
          |           Force Field Initialization            |
           ------------------------------------------------- 

          distances ...
          ----------------------------------------
          generating topology and atomic info file ...
          pair mat ...
          computing topology distances matrix with Floyd-Warshall algo ...
          making topology EEQ charges ...
          #fragments for EEQ constrain: 1
          ----------------------------------------
          generating topology and atomic info file ...
          pair mat ...
          computing topology distances matrix with Floyd-Warshall algo ...
          making topology EEQ charges ...
          #fragments for EEQ constrain: 1
          rings ...
          # BATM   3307
          # H in HB   0

  atom   neighbors  erfCN metchar sp-hybrid imet pi  qest     coordinates
    1  Ag      2    1.35   0.37         2    2    0   0.002    5.014863    0.356229   26.141369
    2  Ag      5    3.15   0.31         0    2    0   0.017    8.505172    4.630967   26.141369
    3  Ag      9    4.27   0.07         0    2    0   0.010   17.230946    8.193249   27.734470
    4  Ag      7    3.92   0.19         0    2    0   0.011   13.740636    3.918511   27.734470
    5  Ag      7    3.92   0.19         0    2    0   0.009   22.466410    7.480793   29.327570
    6  Ag      6    3.59   0.27         0    2    0   0.014   18.976100    3.206054   29.327570
    7  Ag      9    4.27   0.07         0    2    0   0.010   10.250327    6.768336   30.920671
    8  Ag      6    3.59   0.23         0    2    0   0.020    6.760018    2.493598   30.920671
    9  Ag     12    4.39   0.01         0    2    0   0.009   15.485791    6.055880   32.513772
   10  Ag      7    3.92   0.19         0    2    0   0.014   11.995482    1.781141   32.513772
   11  Ag      9    4.27   0.07         0    2    0   0.008   20.721255    5.343423   34.106873
   12  Ag      6    3.59   0.27         0    2    0   0.019   17.230946    1.068685   34.106873
   13  Ag      8    4.14   0.11         0    2    0   0.020    8.505172    4.630967   35.699974
   14  Ag      3    2.00   0.37         2    2    0   0.025    5.014863    0.356229   35.699974
   15  Ag      8    4.14   0.12         0    2    0   0.027   13.740636    3.918511   37.293075
   16  Ag     10    4.34   0.04         0    2    0   0.009   17.230946    8.193249   37.293075
   17  Ag      5    3.15   0.34         0    2    0   0.020   18.976100    3.206054   38.886176
   18  Ag      6    3.59   0.26         0    2    0   0.013   22.466410    7.480793   38.886176
   19  Ag      4    2.36   0.45         3    2    0   0.099    6.760018    2.493598   40.479277
   20  Ag      8    4.19   0.08         0    2    0   0.122   10.250327    6.768336   40.479277
   21  Ag      6    3.59   0.26         0    2    0   0.013   11.995482    8.905705   26.141369
   22  Ag      5    3.15   0.34         0    2    0   0.016   15.485791   13.180444   26.141369
   23  Ag      4    2.61   0.38         3    2    0   0.016   24.211564   16.742726   27.734470
   24  Ag      8    4.14   0.12         0    2    0   0.009   20.721255   12.467987   27.734470
   25  Ag      3    2.00   0.39         2    2    0   0.010   29.447028   16.030269   29.327570
   26  Ag      7    3.92   0.19         0    2    0   0.014   25.956719   11.755531   29.327570
   27  Ag      6    3.59   0.27         0    2    0   0.013   17.230946   15.317813   30.920671
   28  Ag      9    4.27   0.07         0    2    0   0.014   13.740636   11.043075   30.920671
   29  Ag      9    4.27   0.07         0    2    0   0.008   22.466410   14.605357   32.513772
/home/ans819/.conda/envs/autoflow/lib/python3.13/site-packages/mace/calculators/mace.py:197: UserWarning: Environment variable TORCH_FORCE_NO_WEIGHTS_ONLY_LOAD detected, since the`weights_only` argument was not explicitly passed to `torch.load`, forcing weights_only=False.
  torch.load(f=model_path, map_location=device)
/home/ans819/.conda/envs/autoflow/lib/python3.13/site-packages/chgnet/model/model.py:898: UserWarning: Converting a tensor with requires_grad=True to a scalar may lead to unexpected behavior.
Consider using tensor.detach() first. (Triggered internally at /pytorch/torch/csrc/autograd/generated/python_variable_methods.cpp:836.)
  volumes = torch.tensor(volumes, dtype=TORCH_DTYPE, device=atomic_numbers.device)
cuequivariance or cuequivariance_torch is not available. Cuequivariance acceleration will be disabled.
------------------------------------------------------------
  cycle        total energy    energy error   density error
------------------------------------------------------------
      1     -162.9675774418  -1.6275625E+02   1.0003022E+00
      2     -160.0238898352   2.9436876E+00   6.1885210E-01
      3      649.1167274140   8.0914062E+02   1.9705623E+00
      4     -102.4962006117  -7.5161293E+02   1.0433996E+00
      5     -66.43181208680   3.6064389E+01   6.3264050E-01
      6     -145.6648166889  -7.9233005E+01   3.5786290E-01
      7     -143.5318767457   2.1329399E+00   2.7659347E-01
      8     -162.6698899882  -1.9138013E+01   9.7372511E-02
      9     -163.2825186818  -6.1262869E-01   6.6527957E-02
     10     -163.1840450072   9.8473675E-02   5.5625227E-02
     11     -163.3727148939  -1.8866989E-01   4.7897581E-02
     12     -163.3693815710   3.3333230E-03   4.0922927E-02
     13     -163.3950490797  -2.5667509E-02   3.4508167E-02
     14     -163.3961323624  -1.0832827E-03   3.1604647E-02
     15     -163.3875815778   8.5507846E-03   3.0347287E-02
     16     -163.4065306348  -1.8949057E-02   2.4780182E-02
     17     -163.4028825278   3.6481070E-03   2.1873736E-02
     18     -163.4036739068  -7.9137896E-04   1.9659409E-02
     19     -163.4058247321  -2.1508253E-03   1.7208851E-02
     20     -163.4066112639  -7.8653182E-04   1.5232046E-02
     21     -163.4067662226  -1.5495872E-04   1.2784309E-02
     22     -163.4084766206  -1.7103980E-03   1.1686581E-02
     23     -163.4129774818  -4.5008611E-03   7.9370240E-03
     24     -163.4143242462  -1.3467645E-03   5.3902349E-03
     25     -163.4141007976   2.2344867E-04   5.2036946E-03
     26     -163.4142715465  -1.7074897E-04   5.0283429E-03
     27     -163.4144328180  -1.6127150E-04   4.4448811E-03
     28     -163.4147465335  -3.1371549E-04   3.0220685E-03
     29     -163.4149225274  -1.7599391E-04   1.4925260E-03
     30     -163.4149342945  -1.1767056E-05   9.3756527E-04
     31     -163.4149686662  -3.4371708E-05   3.0574480E-04
     32     -163.4149733242  -4.6580447E-06   8.4139132E-05
     33     -163.4149733902  -6.5927253E-08   5.8918538E-05
     34     -163.4149733949  -4.6896673E-09   4.2054652E-05
     35     -163.4149734927  -9.7817406E-08   1.7526356E-05
------------------------------------------------------------

 total:                                  20.745 sec
3
{'bond-orders': array([[0.00000000e+00, 3.09620619e-01, 2.29061623e-02, ...,
        5.61629242e-05, 2.39004512e-04, 2.15148427e-03],
       [3.09620619e-01, 0.00000000e+00, 1.85372722e-02, ...,
        5.07901797e-05, 3.88496449e-04, 1.91087441e-03],
       [2.29061623e-02, 1.85372722e-02, 0.00000000e+00, ...,
        1.27012111e-05, 2.12805587e-04, 1.24177995e-03],
       ...,
       [5.61629242e-05, 5.07901797e-05, 1.27012111e-05, ...,
        0.00000000e+00, 7.14538807e-03, 2.62369211e-02],
       [2.39004512e-04, 3.88496449e-04, 2.12805587e-04, ...,
        7.14538807e-03, 0.00000000e+00, 1.33717292e-02],
       [2.15148427e-03, 1.91087441e-03, 1.24177995e-03, ...,
        2.62369211e-02, 1.33717292e-02, 0.00000000e+00]], shape=(45, 45))}
{'bond-orders': array([[0.00000000e+00, 3.09620619e-01, 2.29061623e-02, ...,
        5.61629242e-05, 2.39004512e-04, 2.15148427e-03],
       [3.09620619e-01, 0.00000000e+00, 1.85372722e-02, ...,
        5.07901797e-05, 3.88496449e-04, 1.91087441e-03],
       [2.29061623e-02, 1.85372722e-02, 0.00000000e+00, ...,
        1.27012111e-05, 2.12805587e-04, 1.24177995e-03],
       ...,
       [5.61629242e-05, 5.07901797e-05, 1.27012111e-05, ...,
        0.00000000e+00, 7.14538807e-03, 2.62369211e-02],
       [2.39004512e-04, 3.88496449e-04, 2.12805587e-04, ...,
        7.14538807e-03, 0.00000000e+00, 1.33717292e-02],
       [2.15148427e-03, 1.91087441e-03, 1.24177995e-03, ...,
        2.62369211e-02, 1.33717292e-02, 0.00000000e+00]], shape=(45, 45)), 'molecular-dipole': array([-0.14091148,  2.01711374, -0.45213184])}
{'bond-orders': array([[0.00000000e+00, 3.09620619e-01, 2.29061623e-02, ...,
        5.61629242e-05, 2.39004512e-04, 2.15148427e-03],
       [3.09620619e-01, 0.00000000e+00, 1.85372722e-02, ...,
        5.07901797e-05, 3.88496449e-04, 1.91087441e-03],
       [2.29061623e-02, 1.85372722e-02, 0.00000000e+00, ...,
        1.27012111e-05, 2.12805587e-04, 1.24177995e-03],
       ...,
       [5.61629242e-05, 5.07901797e-05, 1.27012111e-05, ...,
        0.00000000e+00, 7.14538807e-03, 2.62369211e-02],
       [2.39004512e-04, 3.88496449e-04, 2.12805587e-04, ...,
        7.14538807e-03, 0.00000000e+00, 1.33717292e-02],
       [2.15148427e-03, 1.91087441e-03, 1.24177995e-03, ...,
        2.62369211e-02, 1.33717292e-02, 0.00000000e+00]], shape=(45, 45)), 'molecular-dipole': array([-0.14091148,  2.01711374, -0.45213184]), 'molecular-quadrupole': array([-10.42943363,  70.95900936,  11.69801635,  28.72875781,
       266.83378928,  -1.26858272])}
------------------------------------------------------------
  cycle        total energy    energy error   density error
------------------------------------------------------------
      1     -163.4521506375  -1.6321883E+02   8.8020627E-03
      2     -163.3958637164   5.6286921E-02   1.9303749E-02
      3     -163.1964244562   1.9943926E-01   2.9260744E-02
      4     -163.3887045463  -1.9228009E-01   1.5932581E-02
      5     -163.4515473775  -6.2842831E-02   6.6300803E-03
      6     -163.4503942231   1.1531544E-03   5.6747725E-03
      7     -163.4550797286  -4.6855055E-03   2.4761080E-03
      8     -163.4558392689  -7.5954027E-04   8.8111642E-04
      9     -163.4558541409  -1.4871996E-05   5.6447667E-04
     10     -163.4558613465  -7.2055907E-06   3.8116993E-04
     11     -163.4558779110  -1.6564532E-05   2.0706562E-04
     12     -163.4558871337  -9.2227098E-06   9.0675432E-05
     13     -163.4558888894  -1.7556610E-06   3.3542420E-05
     14     -163.4558888354   5.3974958E-08   2.4788328E-05
     15     -163.4558889054  -6.9996474E-08   1.3133534E-05
------------------------------------------------------------

 total:                                  14.408 sec
3
{'bond-orders': array([[0.00000000e+00, 3.09185599e-01, 2.28263095e-02, ...,
        6.53845739e-05, 3.44478251e-04, 1.96394867e-03],
       [3.09185599e-01, 0.00000000e+00, 1.86337010e-02, ...,
        5.77551950e-05, 4.43464841e-04, 1.79891148e-03],
       [2.28263095e-02, 1.86337010e-02, 0.00000000e+00, ...,
        1.38653988e-05, 3.17611181e-04, 1.21355941e-03],
       ...,
       [6.53845739e-05, 5.77551950e-05, 1.38653988e-05, ...,
        0.00000000e+00, 6.49410177e-03, 3.22569042e-02],
       [3.44478251e-04, 4.43464841e-04, 3.17611181e-04, ...,
        6.49410177e-03, 0.00000000e+00, 1.61546569e-02],
       [1.96394867e-03, 1.79891148e-03, 1.21355941e-03, ...,
        3.22569042e-02, 1.61546569e-02, 0.00000000e+00]], shape=(45, 45))}
{'bond-orders': array([[0.00000000e+00, 3.09185599e-01, 2.28263095e-02, ...,
        6.53845739e-05, 3.44478251e-04, 1.96394867e-03],
       [3.09185599e-01, 0.00000000e+00, 1.86337010e-02, ...,
        5.77551950e-05, 4.43464841e-04, 1.79891148e-03],
       [2.28263095e-02, 1.86337010e-02, 0.00000000e+00, ...,
        1.38653988e-05, 3.17611181e-04, 1.21355941e-03],
       ...,
       [6.53845739e-05, 5.77551950e-05, 1.38653988e-05, ...,
        0.00000000e+00, 6.49410177e-03, 3.22569042e-02],
       [3.44478251e-04, 4.43464841e-04, 3.17611181e-04, ...,
        6.49410177e-03, 0.00000000e+00, 1.61546569e-02],
       [1.96394867e-03, 1.79891148e-03, 1.21355941e-03, ...,
        3.22569042e-02, 1.61546569e-02, 0.00000000e+00]], shape=(45, 45)), 'molecular-dipole': array([-0.32950479,  1.89060152, -0.28667813])}
{'bond-orders': array([[0.00000000e+00, 3.09185599e-01, 2.28263095e-02, ...,
        6.53845739e-05, 3.44478251e-04, 1.96394867e-03],
       [3.09185599e-01, 0.00000000e+00, 1.86337010e-02, ...,
        5.77551950e-05, 4.43464841e-04, 1.79891148e-03],
       [2.28263095e-02, 1.86337010e-02, 0.00000000e+00, ...,
        1.38653988e-05, 3.17611181e-04, 1.21355941e-03],
       ...,
       [6.53845739e-05, 5.77551950e-05, 1.38653988e-05, ...,
        0.00000000e+00, 6.49410177e-03, 3.22569042e-02],
       [3.44478251e-04, 4.43464841e-04, 3.17611181e-04, ...,
        6.49410177e-03, 0.00000000e+00, 1.61546569e-02],
       [1.96394867e-03, 1.79891148e-03, 1.21355941e-03, ...,
        3.22569042e-02, 1.61546569e-02, 0.00000000e+00]], shape=(45, 45)), 'molecular-dipole': array([-0.32950479,  1.89060152, -0.28667813]), 'molecular-quadrupole': array([-21.52468122,  60.96598701,   5.69229021,  10.48457092,
       253.6288789 ,  15.83239101])}
------------------------------------------------------------
  cycle        total energy    energy error   density error
------------------------------------------------------------
      1     -163.4694244177  -1.6323976E+02   4.0038296E-03
      2     -163.4563963215   1.3028096E-02   7.9115184E-03
      3     -163.4071665124   4.9229809E-02   1.4195613E-02
      4     -163.4680562876  -6.0889775E-02   3.7479504E-03
      5     -163.4685600299  -5.0374231E-04   3.3990785E-03
      6     -163.4694073217  -8.4729173E-04   2.2599804E-03
      7     -163.4695474233  -1.4010160E-04   1.2025820E-03
      8     -163.4697445820  -1.9715871E-04   5.7620624E-04
      9     -163.4698114701  -6.6888074E-05   2.2819137E-04
     10     -163.4698164967  -5.0266770E-06   8.5037665E-05
     11     -163.4698170517  -5.5499819E-07   3.8899445E-05
     12     -163.4698171987  -1.4692617E-07   2.2288996E-05
     13     -163.4698172205  -2.1851292E-08   1.7651245E-05
------------------------------------------------------------

 total:                                  13.890 sec
3
{'bond-orders': array([[0.00000000e+00, 3.08986250e-01, 2.26596699e-02, ...,
        6.65864421e-05, 3.75729650e-04, 1.86458130e-03],
       [3.08986250e-01, 0.00000000e+00, 1.86556099e-02, ...,
        6.18199581e-05, 4.57422088e-04, 1.79781668e-03],
       [2.26596699e-02, 1.86556099e-02, 0.00000000e+00, ...,
        1.44491757e-05, 3.53755647e-04, 1.18400589e-03],
       ...,
       [6.65864421e-05, 6.18199581e-05, 1.44491757e-05, ...,
        0.00000000e+00, 5.58394843e-03, 3.48849434e-02],
       [3.75729650e-04, 4.57422088e-04, 3.53755647e-04, ...,
        5.58394843e-03, 0.00000000e+00, 1.81533952e-02],
       [1.86458130e-03, 1.79781668e-03, 1.18400589e-03, ...,
        3.48849434e-02, 1.81533952e-02, 0.00000000e+00]], shape=(45, 45))}
{'bond-orders': array([[0.00000000e+00, 3.08986250e-01, 2.26596699e-02, ...,
        6.65864421e-05, 3.75729650e-04, 1.86458130e-03],
       [3.08986250e-01, 0.00000000e+00, 1.86556099e-02, ...,
        6.18199581e-05, 4.57422088e-04, 1.79781668e-03],
       [2.26596699e-02, 1.86556099e-02, 0.00000000e+00, ...,
        1.44491757e-05, 3.53755647e-04, 1.18400589e-03],
       ...,
       [6.65864421e-05, 6.18199581e-05, 1.44491757e-05, ...,
        0.00000000e+00, 5.58394843e-03, 3.48849434e-02],
       [3.75729650e-04, 4.57422088e-04, 3.53755647e-04, ...,
        5.58394843e-03, 0.00000000e+00, 1.81533952e-02],
       [1.86458130e-03, 1.79781668e-03, 1.18400589e-03, ...,
        3.48849434e-02, 1.81533952e-02, 0.00000000e+00]], shape=(45, 45)), 'molecular-dipole': array([-0.3289401 ,  1.85670967, -0.27339259])}
{'bond-orders': array([[0.00000000e+00, 3.08986250e-01, 2.26596699e-02, ...,
        6.65864421e-05, 3.75729650e-04, 1.86458130e-03],
       [3.08986250e-01, 0.00000000e+00, 1.86556099e-02, ...,
        6.18199581e-05, 4.57422088e-04, 1.79781668e-03],
       [2.26596699e-02, 1.86556099e-02, 0.00000000e+00, ...,
        1.44491757e-05, 3.53755647e-04, 1.18400589e-03],
       ...,
       [6.65864421e-05, 6.18199581e-05, 1.44491757e-05, ...,
        0.00000000e+00, 5.58394843e-03, 3.48849434e-02],
       [3.75729650e-04, 4.57422088e-04, 3.53755647e-04, ...,
        5.58394843e-03, 0.00000000e+00, 1.81533952e-02],
       [1.86458130e-03, 1.79781668e-03, 1.18400589e-03, ...,
        3.48849434e-02, 1.81533952e-02, 0.00000000e+00]], shape=(45, 45)), 'molecular-dipole': array([-0.3289401 ,  1.85670967, -0.27339259]), 'molecular-quadrupole': array([-21.66816003,  59.99577114,   4.5952202 ,  10.21089911,
       249.28089669,  17.07293982])}
------------------------------------------------------------
  cycle        total energy    energy error   density error
------------------------------------------------------------
      1     -163.4816299295  -1.6325442E+02   8.9921265E-03
      2     -163.1233515746   3.5827835E-01   3.3500702E-02
      3     -163.2322792036  -1.0892763E-01   2.9056450E-02
      4     -163.4802091466  -2.4792994E-01   9.0422814E-03
      5     -163.4836710301  -3.4618835E-03   4.1464041E-03
      6     -163.4848618622  -1.1908321E-03   2.8011175E-03
      7     -163.4857696956  -9.0783343E-04   1.3448684E-03
      8     -163.4858083378  -3.8642159E-05   8.6726606E-04
      9     -163.4859223839  -1.1404618E-04   4.8426747E-04
     10     -163.4859642270  -4.1843006E-05   2.0425712E-04
     11     -163.4859668213  -2.5943109E-06   1.0240418E-04
     12     -163.4859673779  -5.5666487E-07   4.8191130E-05
     13     -163.4859673429   3.5025437E-08   2.8565740E-05
     14     -163.4859673965  -5.3622927E-08   2.0325485E-05
     15     -163.4859674172  -2.0666334E-08   1.0859838E-05
------------------------------------------------------------

 total:                                  14.435 sec
3
{'bond-orders': array([[0.00000000e+00, 3.09083461e-01, 2.21328217e-02, ...,
        6.04829209e-05, 2.87869164e-04, 1.78683122e-03],
       [3.09083461e-01, 0.00000000e+00, 1.85219863e-02, ...,
        6.17366124e-05, 3.74957510e-04, 2.02603581e-03],
       [2.21328217e-02, 1.85219863e-02, 0.00000000e+00, ...,
        1.33189244e-05, 2.81356320e-04, 1.17959585e-03],
       ...,
       [6.04829209e-05, 6.17366124e-05, 1.33189244e-05, ...,
        0.00000000e+00, 4.32919104e-03, 3.26862331e-02],
       [2.87869164e-04, 3.74957510e-04, 2.81356320e-04, ...,
        4.32919104e-03, 0.00000000e+00, 2.01072485e-02],
       [1.78683122e-03, 2.02603581e-03, 1.17959585e-03, ...,
        3.26862331e-02, 2.01072485e-02, 0.00000000e+00]], shape=(45, 45))}
{'bond-orders': array([[0.00000000e+00, 3.09083461e-01, 2.21328217e-02, ...,
        6.04829209e-05, 2.87869164e-04, 1.78683122e-03],
       [3.09083461e-01, 0.00000000e+00, 1.85219863e-02, ...,
        6.17366124e-05, 3.74957510e-04, 2.02603581e-03],
       [2.21328217e-02, 1.85219863e-02, 0.00000000e+00, ...,
        1.33189244e-05, 2.81356320e-04, 1.17959585e-03],
       ...,
       [6.04829209e-05, 6.17366124e-05, 1.33189244e-05, ...,
        0.00000000e+00, 4.32919104e-03, 3.26862331e-02],
       [2.87869164e-04, 3.74957510e-04, 2.81356320e-04, ...,
        4.32919104e-03, 0.00000000e+00, 2.01072485e-02],
       [1.78683122e-03, 2.02603581e-03, 1.17959585e-03, ...,
        3.26862331e-02, 2.01072485e-02, 0.00000000e+00]], shape=(45, 45)), 'molecular-dipole': array([-0.08653842,  1.99897099, -0.50835731])}
{'bond-orders': array([[0.00000000e+00, 3.09083461e-01, 2.21328217e-02, ...,
        6.04829209e-05, 2.87869164e-04, 1.78683122e-03],
       [3.09083461e-01, 0.00000000e+00, 1.85219863e-02, ...,
        6.17366124e-05, 3.74957510e-04, 2.02603581e-03],
       [2.21328217e-02, 1.85219863e-02, 0.00000000e+00, ...,
        1.33189244e-05, 2.81356320e-04, 1.17959585e-03],
       ...,
       [6.04829209e-05, 6.17366124e-05, 1.33189244e-05, ...,
        0.00000000e+00, 4.32919104e-03, 3.26862331e-02],
       [2.87869164e-04, 3.74957510e-04, 2.81356320e-04, ...,
        4.32919104e-03, 0.00000000e+00, 2.01072485e-02],
       [1.78683122e-03, 2.02603581e-03, 1.17959585e-03, ...,
        3.26862331e-02, 2.01072485e-02, 0.00000000e+00]], shape=(45, 45)), 'molecular-dipole': array([-0.08653842,  1.99897099, -0.50835731]), 'molecular-quadrupole': array([ -5.77836766,  73.48442896,  12.63201084,  30.87139584,
       262.89083533,  -6.85364318])}
------------------------------------------------------------
  cycle        total energy    energy error   density error
------------------------------------------------------------
      1     -163.4933284578  -1.6326016E+02   8.0286425E-03
      2     -163.2329994344   2.6032902E-01   2.9159313E-02
      3     -163.3352738846  -1.0227445E-01   2.3546607E-02
      4     -163.4872345074  -1.5196062E-01   9.3169834E-03
      5     -163.4968161317  -9.5816243E-03   3.0660370E-03
      6     -163.4970623825  -2.4625084E-04   1.8524261E-03
      7     -163.4971568996  -9.4517104E-05   1.1972125E-03
      8     -163.4971237984   3.3101192E-05   8.0386500E-04
      9     -163.4972044714  -8.0672974E-05   3.9187939E-04
     10     -163.4972334206  -2.8949166E-05   1.7825541E-04
     11     -163.4972388896  -5.4690665E-06   1.0465819E-04
     12     -163.4972401828  -1.2931561E-06   3.7125013E-05
     13     -163.4972402699  -8.7105974E-08   1.6388917E-05
------------------------------------------------------------

 total:                                  13.799 sec
3
{'bond-orders': array([[0.00000000e+00, 3.09339583e-01, 2.16650987e-02, ...,
        5.78891910e-05, 1.99081992e-04, 1.79899083e-03],
       [3.09339583e-01, 0.00000000e+00, 1.83613279e-02, ...,
        6.40358959e-05, 2.75537375e-04, 2.26018375e-03],
       [2.16650987e-02, 1.83613279e-02, 0.00000000e+00, ...,
        1.44793159e-05, 1.76858809e-04, 1.20404406e-03],
       ...,
       [5.78891910e-05, 6.40358959e-05, 1.44793159e-05, ...,
        0.00000000e+00, 3.65322348e-03, 3.09543120e-02],
       [1.99081992e-04, 2.75537375e-04, 1.76858809e-04, ...,
        3.65322348e-03, 0.00000000e+00, 2.16175025e-02],
       [1.79899083e-03, 2.26018375e-03, 1.20404406e-03, ...,
        3.09543120e-02, 2.16175025e-02, 0.00000000e+00]], shape=(45, 45))}
{'bond-orders': array([[0.00000000e+00, 3.09339583e-01, 2.16650987e-02, ...,
        5.78891910e-05, 1.99081992e-04, 1.79899083e-03],
       [3.09339583e-01, 0.00000000e+00, 1.83613279e-02, ...,
        6.40358959e-05, 2.75537375e-04, 2.26018375e-03],
       [2.16650987e-02, 1.83613279e-02, 0.00000000e+00, ...,
        1.44793159e-05, 1.76858809e-04, 1.20404406e-03],
       ...,
       [5.78891910e-05, 6.40358959e-05, 1.44793159e-05, ...,
        0.00000000e+00, 3.65322348e-03, 3.09543120e-02],
       [1.99081992e-04, 2.75537375e-04, 1.76858809e-04, ...,
        3.65322348e-03, 0.00000000e+00, 2.16175025e-02],
       [1.79899083e-03, 2.26018375e-03, 1.20404406e-03, ...,
        3.09543120e-02, 2.16175025e-02, 0.00000000e+00]], shape=(45, 45)), 'molecular-dipole': array([ 0.20472117,  2.13843924, -0.77422661])}
{'bond-orders': array([[0.00000000e+00, 3.09339583e-01, 2.16650987e-02, ...,
        5.78891910e-05, 1.99081992e-04, 1.79899083e-03],
       [3.09339583e-01, 0.00000000e+00, 1.83613279e-02, ...,
        6.40358959e-05, 2.75537375e-04, 2.26018375e-03],
       [2.16650987e-02, 1.83613279e-02, 0.00000000e+00, ...,
        1.44793159e-05, 1.76858809e-04, 1.20404406e-03],
       ...,
       [5.78891910e-05, 6.40358959e-05, 1.44793159e-05, ...,
        0.00000000e+00, 3.65322348e-03, 3.09543120e-02],
       [1.99081992e-04, 2.75537375e-04, 1.76858809e-04, ...,
        3.65322348e-03, 0.00000000e+00, 2.16175025e-02],
       [1.79899083e-03, 2.26018375e-03, 1.20404406e-03, ...,
        3.09543120e-02, 2.16175025e-02, 0.00000000e+00]], shape=(45, 45)), 'molecular-dipole': array([ 0.20472117,  2.13843924, -0.77422661]), 'molecular-quadrupole': array([ 12.39006658,  88.48726574,  21.45693389,  56.27861979,
       275.10450254, -33.84700047])}
------------------------------------------------------------
  cycle        total energy    energy error   density error
------------------------------------------------------------
      1     -163.5053506634  -1.6326386E+02   5.4598762E-03
      2     -163.4753826442   2.9968019E-02   1.1525439E-02
      3     -163.4107060466   6.4676598E-02   1.7640578E-02
      4     -163.4867217427  -7.6015696E-02   9.4170269E-03
      5     -163.5060974972  -1.9375755E-02   2.5426608E-03
      6     -163.5062031988  -1.0570159E-04   1.7687279E-03
      7     -163.5063383069  -1.3510806E-04   9.3599876E-04
      8     -163.5063642795  -2.5972678E-05   4.7664848E-04
      9     -163.5063806367  -1.6357108E-05   2.6832409E-04
     10     -163.5063902979  -9.6612757E-06   1.5006334E-04
     11     -163.5063938925  -3.5945396E-06   9.1124193E-05
     12     -163.5063952228  -1.3303757E-06   3.2840013E-05
     13     -163.5063953218  -9.8927728E-08   1.0558915E-05
------------------------------------------------------------

 total:                                  13.827 sec
3
{'bond-orders': array([[0.00000000e+00, 3.09581880e-01, 2.13472632e-02, ...,
        5.94596031e-05, 1.44017688e-04, 1.88132370e-03],
       [3.09581880e-01, 0.00000000e+00, 1.82811057e-02, ...,
        5.91369869e-05, 2.10879849e-04, 2.33647352e-03],
       [2.13472632e-02, 1.82811057e-02, 0.00000000e+00, ...,
        1.52122762e-05, 1.02745863e-04, 1.24092648e-03],
       ...,
       [5.94596031e-05, 5.91369869e-05, 1.52122762e-05, ...,
        0.00000000e+00, 3.46796862e-03, 2.94250086e-02],
       [1.44017688e-04, 2.10879849e-04, 1.02745863e-04, ...,
        3.46796862e-03, 0.00000000e+00, 2.26434770e-02],
       [1.88132370e-03, 2.33647352e-03, 1.24092648e-03, ...,
        2.94250086e-02, 2.26434770e-02, 0.00000000e+00]], shape=(45, 45))}
{'bond-orders': array([[0.00000000e+00, 3.09581880e-01, 2.13472632e-02, ...,
        5.94596031e-05, 1.44017688e-04, 1.88132370e-03],
       [3.09581880e-01, 0.00000000e+00, 1.82811057e-02, ...,
        5.91369869e-05, 2.10879849e-04, 2.33647352e-03],
       [2.13472632e-02, 1.82811057e-02, 0.00000000e+00, ...,
        1.52122762e-05, 1.02745863e-04, 1.24092648e-03],
       ...,
       [5.94596031e-05, 5.91369869e-05, 1.52122762e-05, ...,
        0.00000000e+00, 3.46796862e-03, 2.94250086e-02],
       [1.44017688e-04, 2.10879849e-04, 1.02745863e-04, ...,
        3.46796862e-03, 0.00000000e+00, 2.26434770e-02],
       [1.88132370e-03, 2.33647352e-03, 1.24092648e-03, ...,
        2.94250086e-02, 2.26434770e-02, 0.00000000e+00]], shape=(45, 45)), 'molecular-dipole': array([ 0.39515108,  2.19289152, -0.90294808])}
{'bond-orders': array([[0.00000000e+00, 3.09581880e-01, 2.13472632e-02, ...,
        5.94596031e-05, 1.44017688e-04, 1.88132370e-03],
       [3.09581880e-01, 0.00000000e+00, 1.82811057e-02, ...,
        5.91369869e-05, 2.10879849e-04, 2.33647352e-03],
       [2.13472632e-02, 1.82811057e-02, 0.00000000e+00, ...,
        1.52122762e-05, 1.02745863e-04, 1.24092648e-03],
       ...,
       [5.94596031e-05, 5.91369869e-05, 1.52122762e-05, ...,
        0.00000000e+00, 3.46796862e-03, 2.94250086e-02],
       [1.44017688e-04, 2.10879849e-04, 1.02745863e-04, ...,
        3.46796862e-03, 0.00000000e+00, 2.26434770e-02],
       [1.88132370e-03, 2.33647352e-03, 1.24092648e-03, ...,
        2.94250086e-02, 2.26434770e-02, 0.00000000e+00]], shape=(45, 45)), 'molecular-dipole': array([ 0.39515108,  2.19289152, -0.90294808]), 'molecular-quadrupole': array([ 22.13980806,  97.34955155,  25.12147921,  73.78696942,
       278.8735931 , -47.26128726])}
------------------------------------------------------------
  cycle        total energy    energy error   density error
------------------------------------------------------------
      1     -163.5165095597  -1.6326728E+02   5.3170520E-03
      2     -163.5110005323   5.5090274E-03   8.2611128E-03
      3     -163.4935832176   1.7417315E-02   9.7107915E-03
      4     -163.4586881274   3.4895090E-02   1.3969020E-02
      5     -163.5154111976  -5.6723070E-02   3.3697123E-03
      6     -163.5165651793  -1.1539817E-03   2.2046504E-03
      7     -163.5169431550  -3.7797563E-04   1.1400736E-03
      8     -163.5170290280  -8.5873086E-05   4.8320627E-04
      9     -163.5170373881  -8.3600854E-06   2.0649050E-04
     10     -163.5170388630  -1.4748655E-06   1.0690810E-04
     11     -163.5170405642  -1.7012002E-06   5.7022599E-05
     12     -163.5170411405  -5.7629507E-07   2.5868148E-05
     13     -163.5170411586  -1.8083313E-08   1.2715355E-05
------------------------------------------------------------

 total:                                  13.844 sec
3
{'bond-orders': array([[0.00000000e+00, 3.09849309e-01, 2.11031059e-02, ...,
        6.60223418e-05, 9.94551940e-05, 1.99249196e-03],
       [3.09849309e-01, 0.00000000e+00, 1.83123709e-02, ...,
        4.55603272e-05, 1.68699555e-04, 2.22846483e-03],
       [2.11031059e-02, 1.83123709e-02, 0.00000000e+00, ...,
        1.36340308e-05, 5.62679259e-05, 1.27955434e-03],
       ...,
       [6.60223418e-05, 4.55603272e-05, 1.36340308e-05, ...,
        0.00000000e+00, 3.58583276e-03, 2.72508097e-02],
       [9.94551940e-05, 1.68699555e-04, 5.62679259e-05, ...,
        3.58583276e-03, 0.00000000e+00, 2.30538600e-02],
       [1.99249196e-03, 2.22846483e-03, 1.27955434e-03, ...,
        2.72508097e-02, 2.30538600e-02, 0.00000000e+00]], shape=(45, 45))}
{'bond-orders': array([[0.00000000e+00, 3.09849309e-01, 2.11031059e-02, ...,
        6.60223418e-05, 9.94551940e-05, 1.99249196e-03],
       [3.09849309e-01, 0.00000000e+00, 1.83123709e-02, ...,
        4.55603272e-05, 1.68699555e-04, 2.22846483e-03],
       [2.11031059e-02, 1.83123709e-02, 0.00000000e+00, ...,
        1.36340308e-05, 5.62679259e-05, 1.27955434e-03],
       ...,
       [6.60223418e-05, 4.55603272e-05, 1.36340308e-05, ...,
        0.00000000e+00, 3.58583276e-03, 2.72508097e-02],
       [9.94551940e-05, 1.68699555e-04, 5.62679259e-05, ...,
        3.58583276e-03, 0.00000000e+00, 2.30538600e-02],
       [1.99249196e-03, 2.22846483e-03, 1.27955434e-03, ...,
        2.72508097e-02, 2.30538600e-02, 0.00000000e+00]], shape=(45, 45)), 'molecular-dipole': array([ 0.50724072,  2.1450413 , -0.8997151 ])}
{'bond-orders': array([[0.00000000e+00, 3.09849309e-01, 2.11031059e-02, ...,
        6.60223418e-05, 9.94551940e-05, 1.99249196e-03],
       [3.09849309e-01, 0.00000000e+00, 1.83123709e-02, ...,
        4.55603272e-05, 1.68699555e-04, 2.22846483e-03],
       [2.11031059e-02, 1.83123709e-02, 0.00000000e+00, ...,
        1.36340308e-05, 5.62679259e-05, 1.27955434e-03],
       ...,
       [6.60223418e-05, 4.55603272e-05, 1.36340308e-05, ...,
        0.00000000e+00, 3.58583276e-03, 2.72508097e-02],
       [9.94551940e-05, 1.68699555e-04, 5.62679259e-05, ...,
        3.58583276e-03, 0.00000000e+00, 2.30538600e-02],
       [1.99249196e-03, 2.22846483e-03, 1.27955434e-03, ...,
        2.72508097e-02, 2.30538600e-02, 0.00000000e+00]], shape=(45, 45)), 'molecular-dipole': array([ 0.50724072,  2.1450413 , -0.8997151 ]), 'molecular-quadrupole': array([ 24.07764939, 100.11855128,  23.41601043,  85.16028185,
       271.77078066, -47.49365981])}
------------------------------------------------------------
  cycle        total energy    energy error   density error
------------------------------------------------------------
      1     -163.5235855531  -1.6327229E+02   3.6116266E-03
      2     -163.5040092865   1.9576267E-02   9.4273536E-03
      3     -163.4708771657   3.3132121E-02   1.3228580E-02
      4     -163.5223264064  -5.1449241E-02   3.4222941E-03
      5     -163.5234797113  -1.1533050E-03   2.2963782E-03
      6     -163.5238983908  -4.1867948E-04   1.5957616E-03
      7     -163.5239759906  -7.7599753E-05   8.2712235E-04
      8     -163.5240292025  -5.3211972E-05   3.2758520E-04
      9     -163.5240439275  -1.4724990E-05   1.3384709E-04
     10     -163.5240457280  -1.8005190E-06   4.8802480E-05
     11     -163.5240458988  -1.7074814E-07   2.4341949E-05
     12     -163.5240459609  -6.2143982E-08   1.6803486E-05
------------------------------------------------------------

 total:                                  13.356 sec
3
{'bond-orders': array([[0.00000000e+00, 3.09982082e-01, 2.10206608e-02, ...,
        7.87450342e-05, 8.42554537e-05, 2.04906496e-03],
       [3.09982082e-01, 0.00000000e+00, 1.84282022e-02, ...,
        3.86776036e-05, 1.61951770e-04, 2.06361524e-03],
       [2.10206608e-02, 1.84282022e-02, 0.00000000e+00, ...,
        1.31485287e-05, 5.41913995e-05, 1.31535377e-03],
       ...,
       [7.87450342e-05, 3.86776036e-05, 1.31485287e-05, ...,
        0.00000000e+00, 3.97384714e-03, 2.58480115e-02],
       [8.42554537e-05, 1.61951770e-04, 5.41913995e-05, ...,
        3.97384714e-03, 0.00000000e+00, 2.23142774e-02],
       [2.04906496e-03, 2.06361524e-03, 1.31535377e-03, ...,
        2.58480115e-02, 2.23142774e-02, 0.00000000e+00]], shape=(45, 45))}
{'bond-orders': array([[0.00000000e+00, 3.09982082e-01, 2.10206608e-02, ...,
        7.87450342e-05, 8.42554537e-05, 2.04906496e-03],
       [3.09982082e-01, 0.00000000e+00, 1.84282022e-02, ...,
        3.86776036e-05, 1.61951770e-04, 2.06361524e-03],
       [2.10206608e-02, 1.84282022e-02, 0.00000000e+00, ...,
        1.31485287e-05, 5.41913995e-05, 1.31535377e-03],
       ...,
       [7.87450342e-05, 3.86776036e-05, 1.31485287e-05, ...,
        0.00000000e+00, 3.97384714e-03, 2.58480115e-02],
       [8.42554537e-05, 1.61951770e-04, 5.41913995e-05, ...,
        3.97384714e-03, 0.00000000e+00, 2.23142774e-02],
       [2.04906496e-03, 2.06361524e-03, 1.31535377e-03, ...,
        2.58480115e-02, 2.23142774e-02, 0.00000000e+00]], shape=(45, 45)), 'molecular-dipole': array([ 0.52066998,  2.02339382, -0.81891689])}
{'bond-orders': array([[0.00000000e+00, 3.09982082e-01, 2.10206608e-02, ...,
        7.87450342e-05, 8.42554537e-05, 2.04906496e-03],
       [3.09982082e-01, 0.00000000e+00, 1.84282022e-02, ...,
        3.86776036e-05, 1.61951770e-04, 2.06361524e-03],
       [2.10206608e-02, 1.84282022e-02, 0.00000000e+00, ...,
        1.31485287e-05, 5.41913995e-05, 1.31535377e-03],
       ...,
       [7.87450342e-05, 3.86776036e-05, 1.31485287e-05, ...,
        0.00000000e+00, 3.97384714e-03, 2.58480115e-02],
       [8.42554537e-05, 1.61951770e-04, 5.41913995e-05, ...,
        3.97384714e-03, 0.00000000e+00, 2.23142774e-02],
       [2.04906496e-03, 2.06361524e-03, 1.31535377e-03, ...,
        2.58480115e-02, 2.23142774e-02, 0.00000000e+00]], shape=(45, 45)), 'molecular-dipole': array([ 0.52066998,  2.02339382, -0.81891689]), 'molecular-quadrupole': array([ 20.28247064,  96.49986048,  18.91513784,  87.11513155,
       256.68209573, -39.19760848])}
------------------------------------------------------------
  cycle        total energy    energy error   density error
------------------------------------------------------------
      1     -163.5294063221  -1.6327806E+02   3.8606605E-03
      2     -163.4699037656   5.9502557E-02   1.4538324E-02
      3     -163.4911994440  -2.1295678E-02   1.1739978E-02
      4     -163.5290452399  -3.7845796E-02   3.0692303E-03
      5     -163.5297971492  -7.5190924E-04   2.2107943E-03
      6     -163.5299527619  -1.5561274E-04   2.0080027E-03
      7     -163.5301726292  -2.1986733E-04   8.0982546E-04
      8     -163.5302049973  -3.2368103E-05   2.7595492E-04
      9     -163.5302120391  -7.0417339E-06   1.5775295E-04
     10     -163.5302141476  -2.1084968E-06   7.0919492E-05
     11     -163.5302143872  -2.3963483E-07   2.3975338E-05
     12     -163.5302143944  -7.1962063E-09   1.7084634E-05
------------------------------------------------------------

 total:                                  13.401 sec
3
{'bond-orders': array([[0.00000000e+00, 3.10026752e-01, 2.09864255e-02, ...,
        9.95341087e-05, 8.49057715e-05, 2.09184135e-03],
       [3.10026752e-01, 0.00000000e+00, 1.85532944e-02, ...,
        3.75318543e-05, 1.57740271e-04, 1.92212406e-03],
       [2.09864255e-02, 1.85532944e-02, 0.00000000e+00, ...,
        1.57292125e-05, 6.91028490e-05, 1.38985927e-03],
       ...,
       [9.95341087e-05, 3.75318543e-05, 1.57292125e-05, ...,
        0.00000000e+00, 4.54808965e-03, 2.50380502e-02],
       [8.49057715e-05, 1.57740271e-04, 6.91028490e-05, ...,
        4.54808965e-03, 0.00000000e+00, 2.05496086e-02],
       [2.09184135e-03, 1.92212406e-03, 1.38985927e-03, ...,
        2.50380502e-02, 2.05496086e-02, 0.00000000e+00]], shape=(45, 45))}
{'bond-orders': array([[0.00000000e+00, 3.10026752e-01, 2.09864255e-02, ...,
        9.95341087e-05, 8.49057715e-05, 2.09184135e-03],
       [3.10026752e-01, 0.00000000e+00, 1.85532944e-02, ...,
        3.75318543e-05, 1.57740271e-04, 1.92212406e-03],
       [2.09864255e-02, 1.85532944e-02, 0.00000000e+00, ...,
        1.57292125e-05, 6.91028490e-05, 1.38985927e-03],
       ...,
       [9.95341087e-05, 3.75318543e-05, 1.57292125e-05, ...,
        0.00000000e+00, 4.54808965e-03, 2.50380502e-02],
       [8.49057715e-05, 1.57740271e-04, 6.91028490e-05, ...,
        4.54808965e-03, 0.00000000e+00, 2.05496086e-02],
       [2.09184135e-03, 1.92212406e-03, 1.38985927e-03, ...,
        2.50380502e-02, 2.05496086e-02, 0.00000000e+00]], shape=(45, 45)), 'molecular-dipole': array([ 0.52981435,  1.86755734, -0.73777116])}
{'bond-orders': array([[0.00000000e+00, 3.10026752e-01, 2.09864255e-02, ...,
        9.95341087e-05, 8.49057715e-05, 2.09184135e-03],
       [3.10026752e-01, 0.00000000e+00, 1.85532944e-02, ...,
        3.75318543e-05, 1.57740271e-04, 1.92212406e-03],
       [2.09864255e-02, 1.85532944e-02, 0.00000000e+00, ...,
        1.57292125e-05, 6.91028490e-05, 1.38985927e-03],
       ...,
       [9.95341087e-05, 3.75318543e-05, 1.57292125e-05, ...,
        0.00000000e+00, 4.54808965e-03, 2.50380502e-02],
       [8.49057715e-05, 1.57740271e-04, 6.91028490e-05, ...,
        4.54808965e-03, 0.00000000e+00, 2.05496086e-02],
       [2.09184135e-03, 1.92212406e-03, 1.38985927e-03, ...,
        2.50380502e-02, 2.05496086e-02, 0.00000000e+00]], shape=(45, 45)), 'molecular-dipole': array([ 0.52981435,  1.86755734, -0.73777116]), 'molecular-quadrupole': array([ 16.34274947,  90.65196194,  14.31500437,  89.3699466 ,
       237.48794403, -30.65775384])}
------------------------------------------------------------
  cycle        total energy    energy error   density error
------------------------------------------------------------
      1     -163.5352854642  -1.6328797E+02   4.3391160E-03
      2     -163.5191816641   1.6103800E-02   8.8769258E-03
      3     -163.4633159606   5.5865703E-02   1.5344041E-02
      4     -163.5323579996  -6.9042039E-02   4.4683686E-03
      5     -163.5347653420  -2.4073425E-03   3.1809171E-03
      6     -163.5354284604  -6.6311834E-04   2.1897363E-03
      7     -163.5356795732  -2.5111288E-04   7.6917786E-04
      8     -163.5357276312  -4.8057927E-05   3.0316405E-04
      9     -163.5357373362  -9.7050458E-06   1.8072743E-04
     10     -163.5357377074  -3.7121166E-07   1.1336268E-04
     11     -163.5357388756  -1.1681808E-06   3.9253186E-05
