/home/ans819/.conda/envs/autoflow/lib/python3.13/site-packages/e3nn/o3/_wigner.py:10: UserWarning: Environment variable TORCH_FORCE_NO_WEIGHTS_ONLY_LOAD detected, since the`weights_only` argument was not explicitly passed to `torch.load`, forcing weights_only=False.
  _Jd, _W3j_flat, _W3j_indices = torch.load(os.path.join(os.path.dirname(__file__), 'constants.pt'))

          ==================== Thresholds ====================
          CN  :   150.00000
          rep :   500.00000
          disp:  2500.00000
          HB1 :   250.00000
          HB2 :   450.00000

          Pauling EN used:
          Z : 1  EN :  2.20
          Z : 6  EN :  2.55
          Z : 8  EN :  3.44
          Z :47  EN :  1.93
          electric field strengths (au): 0.000

           ------------------------------------------------- 
          |           Force Field Initialization            |
           ------------------------------------------------- 

          distances ...
          ----------------------------------------
          generating topology and atomic info file ...
          pair mat ...
          computing topology distances matrix with Floyd-Warshall algo ...
          making topology EEQ charges ...
          #fragments for EEQ constrain: 1
          ----------------------------------------
          generating topology and atomic info file ...
          pair mat ...
          computing topology distances matrix with Floyd-Warshall algo ...
          making topology EEQ charges ...
          #fragments for EEQ constrain: 1
          rings ...
          # BATM   3403
          # H in HB   0

  atom   neighbors  erfCN metchar sp-hybrid imet pi  qest     coordinates
    1  Ag      2    1.35   0.37         2    2    0   0.003    1.749306    0.437329   26.989401
    2  Ag      5    3.15   0.31         0    2    0   0.017    5.239615    4.712067   26.989401
    3  Ag      9    4.27   0.07         0    2    0   0.009   13.965389    8.274349   28.582502
    4  Ag      7    3.92   0.19         0    2    0   0.013   10.475079    3.999611   28.582502
    5  Ag      7    3.92   0.19         0    2    0   0.019   19.200853    7.561893   30.175603
    6  Ag      6    3.59   0.27         0    2    0   0.019   15.710543    3.287154   30.175603
    7  Ag      9    4.27   0.07         0    2    0   0.009    6.984770    6.849436   31.768704
    8  Ag      6    3.59   0.23         0    2    0   0.019    3.494461    2.574698   31.768704
    9  Ag     12    4.39   0.01         0    2    0   0.006   12.220234    6.136980   33.361805
   10  Ag      7    3.92   0.19         0    2    0   0.019    8.729925    1.862241   33.361805
   11  Ag      9    4.27   0.07         0    2    0   0.027   17.455698    5.424523   34.954906
   12  Ag      6    3.59   0.27         0    2    0   0.035   13.965389    1.149785   34.954906
   13  Ag      8    4.14   0.11         0    2    0   0.020    5.239615    4.712067   36.548007
   14  Ag      3    2.00   0.37         2    2    0   0.014    1.749306    0.437329   36.548007
   15  Ag      8    4.14   0.12         0    2    0   0.030   10.475079    3.999611   38.141108
   16  Ag     10    4.34   0.04         0    2    0   0.025   13.965389    8.274349   38.141108
   17  Ag      8    4.29   0.04         0    2    0   0.137   15.710543    3.287154   39.734209
   18  Ag      6    3.59   0.26         0    2    0   0.034   19.200853    7.561893   39.734209
   19  Ag      3    2.00   0.37         2    2    0   0.014    3.494461    2.574698   41.327310
   20  Ag      5    3.15   0.32         0    2    0   0.024    6.984770    6.849436   41.327310
   21  Ag      6    3.59   0.26         0    2    0   0.013    8.729925    8.986806   26.989401
   22  Ag      5    3.15   0.34         0    2    0   0.014   12.220234   13.261544   26.989401
   23  Ag      4    2.61   0.38         3    2    0   0.016   20.946007   16.823826   28.582502
   24  Ag      8    4.14   0.12         0    2    0   0.013   17.455698   12.549088   28.582502
   25  Ag      3    2.00   0.39         2    2    0   0.010   26.181471   16.111370   30.175603
   26  Ag      7    3.92   0.19         0    2    0   0.016   22.691162   11.836631   30.175603
   27  Ag      6    3.59   0.27         0    2    0   0.015   13.965389   15.398913   31.768704
   28  Ag      9    4.27   0.07         0    2    0   0.008   10.475079   11.124175   31.768704
   29  Ag      9    4.27   0.07         0    2    0   0.010   19.200853   14.686457   33.361805
/home/ans819/.conda/envs/autoflow/lib/python3.13/site-packages/mace/calculators/mace.py:197: UserWarning: Environment variable TORCH_FORCE_NO_WEIGHTS_ONLY_LOAD detected, since the`weights_only` argument was not explicitly passed to `torch.load`, forcing weights_only=False.
  torch.load(f=model_path, map_location=device)
/home/ans819/.conda/envs/autoflow/lib/python3.13/site-packages/chgnet/model/model.py:898: UserWarning: Converting a tensor with requires_grad=True to a scalar may lead to unexpected behavior.
Consider using tensor.detach() first. (Triggered internally at /pytorch/torch/csrc/autograd/generated/python_variable_methods.cpp:836.)
  volumes = torch.tensor(volumes, dtype=TORCH_DTYPE, device=atomic_numbers.device)
cuequivariance or cuequivariance_torch is not available. Cuequivariance acceleration will be disabled.
------------------------------------------------------------
  cycle        total energy    energy error   density error
------------------------------------------------------------
      1     -162.9330319420  -1.6275709E+02   1.0030044E+00
      2     -162.2334668076   6.9956513E-01   6.2008373E-01
      3     -23.53628863571   1.3869718E+02   1.6060709E+00
      4     -143.1484564812  -1.1961217E+02   4.6876186E-01
      5      46.85499358334   1.9000345E+02   1.2162236E+00
      6     -98.59806902670  -1.4545306E+02   4.9633691E-01
      7     -160.9715636149  -6.2373495E+01   1.3426450E-01
      8     -154.2562228099   6.7153408E+00   1.9825746E-01
      9     -163.0731734932  -8.8169507E+00   6.2044388E-02
     10     -163.2894058281  -2.1623233E-01   4.5835167E-02
     11     -163.2414353094   4.7970519E-02   4.4981415E-02
     12     -163.3026694896  -6.1234180E-02   3.7897125E-02
     13     -163.3350403362  -3.2370847E-02   2.9571272E-02
     14     -163.3368685973  -1.8282612E-03   2.6770540E-02
     15     -163.3366293580   2.3923933E-04   2.5752586E-02
     16     -163.3378385170  -1.2091590E-03   2.4160367E-02
     17     -163.3400600625  -2.2215455E-03   2.0641923E-02
     18     -163.3424875398  -2.4274773E-03   1.8132650E-02
     19     -163.3430106928  -5.2315299E-04   1.7235497E-02
     20     -163.3448652995  -1.8546067E-03   1.3323078E-02
     21     -163.3460093922  -1.1440927E-03   7.0929292E-03
     22     -163.3473368963  -1.3275041E-03   3.3402680E-03
     23     -163.3475200765  -1.8318022E-04   2.9177882E-03
     24     -163.3475386891  -1.8612625E-05   2.8170784E-03
     25     -163.3475970003  -5.8311187E-05   2.7359012E-03
     26     -163.3476205843  -2.3584006E-05   2.5192616E-03
     27     -163.3476405812  -1.9996909E-05   2.3446426E-03
     28     -163.3476480014  -7.4201720E-06   2.2342083E-03
     29     -163.3476548778  -6.8763912E-06   2.2027514E-03
     30     -163.3476639761  -9.0983065E-06   2.0949320E-03
     31     -163.3476877595  -2.3783394E-05   1.6935449E-03
     32     -163.3477054638  -1.7704309E-05   1.2297028E-03
     33     -163.3477093471  -3.8833351E-06   1.1013461E-03
     34     -163.3477196653  -1.0318162E-05   6.4018600E-04
     35     -163.3477242205  -4.5551890E-06   1.8430339E-04
     36     -163.3477246199  -3.9938629E-07   3.1935234E-05
     37     -163.3477246274  -7.4966522E-09   2.6383748E-05
     38     -163.3477246347  -7.3638660E-09   1.1957953E-05
------------------------------------------------------------

 total:                                  21.790 sec
3
{'bond-orders': array([[0.00000000e+00, 3.11369809e-01, 2.34606449e-02, ...,
        5.33657166e-04, 1.57144527e-04, 3.92190013e-03],
       [3.11369809e-01, 0.00000000e+00, 2.40610203e-02, ...,
        1.82869464e-04, 1.10134205e-04, 2.27450920e-03],
       [2.34606449e-02, 2.40610203e-02, 0.00000000e+00, ...,
        5.92547283e-05, 1.45658471e-04, 9.24446545e-04],
       ...,
       [5.33657166e-04, 1.82869464e-04, 5.92547283e-05, ...,
        0.00000000e+00, 8.12867810e-03, 5.69207858e-03],
       [1.57144527e-04, 1.10134205e-04, 1.45658471e-04, ...,
        8.12867810e-03, 0.00000000e+00, 2.01181821e-02],
       [3.92190013e-03, 2.27450920e-03, 9.24446545e-04, ...,
        5.69207858e-03, 2.01181821e-02, 0.00000000e+00]], shape=(45, 45))}
{'bond-orders': array([[0.00000000e+00, 3.11369809e-01, 2.34606449e-02, ...,
        5.33657166e-04, 1.57144527e-04, 3.92190013e-03],
       [3.11369809e-01, 0.00000000e+00, 2.40610203e-02, ...,
        1.82869464e-04, 1.10134205e-04, 2.27450920e-03],
       [2.34606449e-02, 2.40610203e-02, 0.00000000e+00, ...,
        5.92547283e-05, 1.45658471e-04, 9.24446545e-04],
       ...,
       [5.33657166e-04, 1.82869464e-04, 5.92547283e-05, ...,
        0.00000000e+00, 8.12867810e-03, 5.69207858e-03],
       [1.57144527e-04, 1.10134205e-04, 1.45658471e-04, ...,
        8.12867810e-03, 0.00000000e+00, 2.01181821e-02],
       [3.92190013e-03, 2.27450920e-03, 9.24446545e-04, ...,
        5.69207858e-03, 2.01181821e-02, 0.00000000e+00]], shape=(45, 45)), 'molecular-dipole': array([-1.17607977,  1.0850155 ,  0.75286063])}
{'bond-orders': array([[0.00000000e+00, 3.11369809e-01, 2.34606449e-02, ...,
        5.33657166e-04, 1.57144527e-04, 3.92190013e-03],
       [3.11369809e-01, 0.00000000e+00, 2.40610203e-02, ...,
        1.82869464e-04, 1.10134205e-04, 2.27450920e-03],
       [2.34606449e-02, 2.40610203e-02, 0.00000000e+00, ...,
        5.92547283e-05, 1.45658471e-04, 9.24446545e-04],
       ...,
       [5.33657166e-04, 1.82869464e-04, 5.92547283e-05, ...,
        0.00000000e+00, 8.12867810e-03, 5.69207858e-03],
       [1.57144527e-04, 1.10134205e-04, 1.45658471e-04, ...,
        8.12867810e-03, 0.00000000e+00, 2.01181821e-02],
       [3.92190013e-03, 2.27450920e-03, 9.24446545e-04, ...,
        5.69207858e-03, 2.01181821e-02, 0.00000000e+00]], shape=(45, 45)), 'molecular-dipole': array([-1.17607977,  1.0850155 ,  0.75286063]), 'molecular-quadrupole': array([-84.90755948,  39.47549445,   9.80700279, -71.18448204,
       156.65672684,  75.10055669])}
------------------------------------------------------------
  cycle        total energy    energy error   density error
------------------------------------------------------------
      1     -163.3855777537  -1.6318032E+02   1.2549290E-02
      2     -163.2827078201   1.0286993E-01   2.1006788E-02
      3     -162.3098549413   9.7285288E-01   5.8968007E-02
      4     -163.3592538703  -1.0493989E+00   1.3609911E-02
      5     -163.3883631304  -2.9109260E-02   5.8012369E-03
      6     -163.3879983869   3.6474348E-04   4.3160300E-03
      7     -163.3892549783  -1.2565913E-03   2.7099376E-03
      8     -163.3900300687  -7.7509039E-04   1.6782960E-03
      9     -163.3904173696  -3.8730089E-04   9.8856231E-04
     10     -163.3906088111  -1.9144151E-04   3.8559822E-04
     11     -163.3906255937  -1.6782633E-05   2.3931329E-04
     12     -163.3906369963  -1.1402571E-05   1.1438963E-04
     13     -163.3906384913  -1.4950183E-06   7.9056793E-05
     14     -163.3906385639  -7.2582736E-08   5.6020284E-05
     15     -163.3906387816  -2.1769407E-07   1.7897334E-05
------------------------------------------------------------

 total:                                  14.450 sec
3
{'bond-orders': array([[0.00000000e+00, 3.11547187e-01, 2.32465508e-02, ...,
        7.82750817e-04, 1.91100710e-04, 3.41300800e-03],
       [3.11547187e-01, 0.00000000e+00, 2.39672371e-02, ...,
        2.46035266e-04, 1.52135127e-04, 1.95953053e-03],
       [2.32465508e-02, 2.39672371e-02, 0.00000000e+00, ...,
        8.01362158e-05, 1.85554575e-04, 7.72476297e-04],
       ...,
       [7.82750817e-04, 2.46035266e-04, 8.01362158e-05, ...,
        0.00000000e+00, 1.05911750e-02, 7.09705633e-03],
       [1.91100710e-04, 1.52135127e-04, 1.85554575e-04, ...,
        1.05911750e-02, 0.00000000e+00, 2.52630240e-02],
       [3.41300800e-03, 1.95953053e-03, 7.72476297e-04, ...,
        7.09705633e-03, 2.52630240e-02, 0.00000000e+00]], shape=(45, 45))}
{'bond-orders': array([[0.00000000e+00, 3.11547187e-01, 2.32465508e-02, ...,
        7.82750817e-04, 1.91100710e-04, 3.41300800e-03],
       [3.11547187e-01, 0.00000000e+00, 2.39672371e-02, ...,
        2.46035266e-04, 1.52135127e-04, 1.95953053e-03],
       [2.32465508e-02, 2.39672371e-02, 0.00000000e+00, ...,
        8.01362158e-05, 1.85554575e-04, 7.72476297e-04],
       ...,
       [7.82750817e-04, 2.46035266e-04, 8.01362158e-05, ...,
        0.00000000e+00, 1.05911750e-02, 7.09705633e-03],
       [1.91100710e-04, 1.52135127e-04, 1.85554575e-04, ...,
        1.05911750e-02, 0.00000000e+00, 2.52630240e-02],
       [3.41300800e-03, 1.95953053e-03, 7.72476297e-04, ...,
        7.09705633e-03, 2.52630240e-02, 0.00000000e+00]], shape=(45, 45)), 'molecular-dipole': array([-1.21805588,  1.1092961 ,  0.87592415])}
{'bond-orders': array([[0.00000000e+00, 3.11547187e-01, 2.32465508e-02, ...,
        7.82750817e-04, 1.91100710e-04, 3.41300800e-03],
       [3.11547187e-01, 0.00000000e+00, 2.39672371e-02, ...,
        2.46035266e-04, 1.52135127e-04, 1.95953053e-03],
       [2.32465508e-02, 2.39672371e-02, 0.00000000e+00, ...,
        8.01362158e-05, 1.85554575e-04, 7.72476297e-04],
       ...,
       [7.82750817e-04, 2.46035266e-04, 8.01362158e-05, ...,
        0.00000000e+00, 1.05911750e-02, 7.09705633e-03],
       [1.91100710e-04, 1.52135127e-04, 1.85554575e-04, ...,
        1.05911750e-02, 0.00000000e+00, 2.52630240e-02],
       [3.41300800e-03, 1.95953053e-03, 7.72476297e-04, ...,
        7.09705633e-03, 2.52630240e-02, 0.00000000e+00]], shape=(45, 45)), 'molecular-dipole': array([-1.21805588,  1.1092961 ,  0.87592415]), 'molecular-quadrupole': array([-91.2190836 ,  39.46432482,   3.71958648, -71.26922724,
       160.70818706,  87.49949712])}
------------------------------------------------------------
  cycle        total energy    energy error   density error
------------------------------------------------------------
      1     -163.4005163243  -1.6319284E+02   1.1034520E-02
      2     -163.3817735404   1.8742784E-02   1.1323789E-02
      3     -162.7560702145   6.2570333E-01   4.5736568E-02
      4     -163.3671843703  -6.1111416E-01   1.2952456E-02
      5     -163.4031617285  -3.5977358E-02   3.6161041E-03
      6     -163.4030505093   1.1121920E-04   2.7785423E-03
      7     -163.4035096615  -4.5915219E-04   1.7422247E-03
      8     -163.4037654377  -2.5577617E-04   8.2493505E-04
      9     -163.4038069002  -4.1462561E-05   5.9614357E-04
     10     -163.4038769511  -7.0050860E-05   2.3398810E-04
     11     -163.4038805240  -3.5729266E-06   1.3826414E-04
     12     -163.4038839427  -3.4186346E-06   6.8729266E-05
     13     -163.4038845237  -5.8105891E-07   4.2166742E-05
     14     -163.4038844040   1.1969442E-07   3.5826701E-05
     15     -163.4038845585  -1.5445178E-07   1.4416576E-05
------------------------------------------------------------

 total:                                  14.420 sec
3
{'bond-orders': array([[0.00000000e+00, 3.11464344e-01, 2.31710638e-02, ...,
        9.78534917e-04, 1.98369803e-04, 2.90509121e-03],
       [3.11464344e-01, 0.00000000e+00, 2.38975152e-02, ...,
        3.19273804e-04, 1.84655654e-04, 1.68442867e-03],
       [2.31710638e-02, 2.38975152e-02, 0.00000000e+00, ...,
        9.85626961e-05, 2.18047049e-04, 6.60060613e-04],
       ...,
       [9.78534917e-04, 3.19273804e-04, 9.85626961e-05, ...,
        0.00000000e+00, 1.20118242e-02, 9.03688470e-03],
       [1.98369803e-04, 1.84655654e-04, 2.18047049e-04, ...,
        1.20118242e-02, 0.00000000e+00, 3.01828198e-02],
       [2.90509121e-03, 1.68442867e-03, 6.60060613e-04, ...,
        9.03688470e-03, 3.01828198e-02, 0.00000000e+00]], shape=(45, 45))}
{'bond-orders': array([[0.00000000e+00, 3.11464344e-01, 2.31710638e-02, ...,
        9.78534917e-04, 1.98369803e-04, 2.90509121e-03],
       [3.11464344e-01, 0.00000000e+00, 2.38975152e-02, ...,
        3.19273804e-04, 1.84655654e-04, 1.68442867e-03],
       [2.31710638e-02, 2.38975152e-02, 0.00000000e+00, ...,
        9.85626961e-05, 2.18047049e-04, 6.60060613e-04],
       ...,
       [9.78534917e-04, 3.19273804e-04, 9.85626961e-05, ...,
        0.00000000e+00, 1.20118242e-02, 9.03688470e-03],
       [1.98369803e-04, 1.84655654e-04, 2.18047049e-04, ...,
        1.20118242e-02, 0.00000000e+00, 3.01828198e-02],
       [2.90509121e-03, 1.68442867e-03, 6.60060613e-04, ...,
        9.03688470e-03, 3.01828198e-02, 0.00000000e+00]], shape=(45, 45)), 'molecular-dipole': array([-1.23693959,  1.05409008,  0.96973012])}
{'bond-orders': array([[0.00000000e+00, 3.11464344e-01, 2.31710638e-02, ...,
        9.78534917e-04, 1.98369803e-04, 2.90509121e-03],
       [3.11464344e-01, 0.00000000e+00, 2.38975152e-02, ...,
        3.19273804e-04, 1.84655654e-04, 1.68442867e-03],
       [2.31710638e-02, 2.38975152e-02, 0.00000000e+00, ...,
        9.85626961e-05, 2.18047049e-04, 6.60060613e-04],
       ...,
       [9.78534917e-04, 3.19273804e-04, 9.85626961e-05, ...,
        0.00000000e+00, 1.20118242e-02, 9.03688470e-03],
       [1.98369803e-04, 1.84655654e-04, 2.18047049e-04, ...,
        1.20118242e-02, 0.00000000e+00, 3.01828198e-02],
       [2.90509121e-03, 1.68442867e-03, 6.60060613e-04, ...,
        9.03688470e-03, 3.01828198e-02, 0.00000000e+00]], shape=(45, 45)), 'molecular-dipole': array([-1.23693959,  1.05409008,  0.96973012]), 'molecular-quadrupole': array([-95.31670898,  36.29790014,  -2.90351542, -69.80104289,
       153.82831143,  98.22022441])}
------------------------------------------------------------
  cycle        total energy    energy error   density error
------------------------------------------------------------
      1     -163.4137390608  -1.6320054E+02   8.4849596E-03
      2     -163.3928915086   2.0847552E-02   1.0720470E-02
      3     -163.0101307919   3.8276072E-01   3.5975248E-02
      4     -163.4134517258  -4.0332093E-01   5.3120507E-03
      5     -163.4134407044   1.1021430E-05   5.0339154E-03
      6     -163.4138165779  -3.7587351E-04   3.7488559E-03
      7     -163.4146302628  -8.1368492E-04   1.9264735E-03
      8     -163.4150901330  -4.5987013E-04   5.3596142E-04
      9     -163.4151075163  -1.7383373E-05   2.0617699E-04
     10     -163.4151081270  -6.1070608E-07   1.4909550E-04
     11     -163.4151097857  -1.6586504E-06   4.5809042E-05
     12     -163.4151097645   2.1216977E-08   3.6515302E-05
     13     -163.4151098519  -8.7428305E-08   1.6943503E-05
------------------------------------------------------------

 total:                                  13.894 sec
3
{'bond-orders': array([[0.00000000e+00, 3.10937145e-01, 2.32971462e-02, ...,
        1.05044867e-03, 1.72194494e-04, 2.48338156e-03],
       [3.10937145e-01, 0.00000000e+00, 2.39126395e-02, ...,
        3.82819031e-04, 1.85884634e-04, 1.54197139e-03],
       [2.32971462e-02, 2.39126395e-02, 0.00000000e+00, ...,
        9.85674257e-05, 2.24650582e-04, 6.03133940e-04],
       ...,
       [1.05044867e-03, 3.82819031e-04, 9.85674257e-05, ...,
        0.00000000e+00, 1.32576658e-02, 1.09027380e-02],
       [1.72194494e-04, 1.85884634e-04, 2.24650582e-04, ...,
        1.32576658e-02, 0.00000000e+00, 3.25716667e-02],
       [2.48338156e-03, 1.54197139e-03, 6.03133940e-04, ...,
        1.09027380e-02, 3.25716667e-02, 0.00000000e+00]], shape=(45, 45))}
{'bond-orders': array([[0.00000000e+00, 3.10937145e-01, 2.32971462e-02, ...,
        1.05044867e-03, 1.72194494e-04, 2.48338156e-03],
       [3.10937145e-01, 0.00000000e+00, 2.39126395e-02, ...,
        3.82819031e-04, 1.85884634e-04, 1.54197139e-03],
       [2.32971462e-02, 2.39126395e-02, 0.00000000e+00, ...,
        9.85674257e-05, 2.24650582e-04, 6.03133940e-04],
       ...,
       [1.05044867e-03, 3.82819031e-04, 9.85674257e-05, ...,
        0.00000000e+00, 1.32576658e-02, 1.09027380e-02],
       [1.72194494e-04, 1.85884634e-04, 2.24650582e-04, ...,
        1.32576658e-02, 0.00000000e+00, 3.25716667e-02],
       [2.48338156e-03, 1.54197139e-03, 6.03133940e-04, ...,
        1.09027380e-02, 3.25716667e-02, 0.00000000e+00]], shape=(45, 45)), 'molecular-dipole': array([-1.24470705,  1.00222226,  0.92803342])}
{'bond-orders': array([[0.00000000e+00, 3.10937145e-01, 2.32971462e-02, ...,
        1.05044867e-03, 1.72194494e-04, 2.48338156e-03],
       [3.10937145e-01, 0.00000000e+00, 2.39126395e-02, ...,
        3.82819031e-04, 1.85884634e-04, 1.54197139e-03],
       [2.32971462e-02, 2.39126395e-02, 0.00000000e+00, ...,
        9.85674257e-05, 2.24650582e-04, 6.03133940e-04],
       ...,
       [1.05044867e-03, 3.82819031e-04, 9.85674257e-05, ...,
        0.00000000e+00, 1.32576658e-02, 1.09027380e-02],
       [1.72194494e-04, 1.85884634e-04, 2.24650582e-04, ...,
        1.32576658e-02, 0.00000000e+00, 3.25716667e-02],
       [2.48338156e-03, 1.54197139e-03, 6.03133940e-04, ...,
        1.09027380e-02, 3.25716667e-02, 0.00000000e+00]], shape=(45, 45)), 'molecular-dipole': array([-1.24470705,  1.00222226,  0.92803342]), 'molecular-quadrupole': array([-93.47644017,  34.32293113,  -4.04016544, -72.89338192,
       145.17916311,  97.51660561])}
------------------------------------------------------------
  cycle        total energy    energy error   density error
------------------------------------------------------------
      1     -163.4254303556  -1.6320513E+02   1.1898807E-02
      2     -163.3803669992   4.5063356E-02   1.5578249E-02
      3     -162.6472317908   7.3313521E-01   5.0020881E-02
      4     -163.4243030023  -7.7707121E-01   7.8714607E-03
      5     -163.4250354419  -7.3243962E-04   7.0373161E-03
      6     -163.4249799384   5.5503500E-05   5.4801793E-03
      7     -163.4270046910  -2.0247525E-03   2.8330863E-03
      8     -163.4281669065  -1.1622155E-03   8.4741038E-04
      9     -163.4282124715  -4.5565073E-05   3.3987467E-04
     10     -163.4282139179  -1.4463153E-06   2.3638685E-04
     11     -163.4282175246  -3.6067708E-06   9.2892306E-05
     12     -163.4282171284   3.9622654E-07   8.2682055E-05
     13     -163.4282175985  -4.7009792E-07   3.6088902E-05
     14     -163.4282177474  -1.4889872E-07   1.7730774E-05
------------------------------------------------------------

 total:                                  14.174 sec
3
{'bond-orders': array([[0.00000000e+00, 3.09752697e-01, 2.34790080e-02, ...,
        1.07666458e-03, 1.42979643e-04, 1.83412081e-03],
       [3.09752697e-01, 0.00000000e+00, 2.38550308e-02, ...,
        4.90499772e-04, 1.70745047e-04, 1.37359472e-03],
       [2.34790080e-02, 2.38550308e-02, 0.00000000e+00, ...,
        1.07640252e-04, 2.21604270e-04, 6.06821417e-04],
       ...,
       [1.07666458e-03, 4.90499772e-04, 1.07640252e-04, ...,
        0.00000000e+00, 1.42473047e-02, 1.35020883e-02],
       [1.42979643e-04, 1.70745047e-04, 2.21604270e-04, ...,
        1.42473047e-02, 0.00000000e+00, 3.67898327e-02],
       [1.83412081e-03, 1.37359472e-03, 6.06821417e-04, ...,
        1.35020883e-02, 3.67898327e-02, 0.00000000e+00]], shape=(45, 45))}
{'bond-orders': array([[0.00000000e+00, 3.09752697e-01, 2.34790080e-02, ...,
        1.07666458e-03, 1.42979643e-04, 1.83412081e-03],
       [3.09752697e-01, 0.00000000e+00, 2.38550308e-02, ...,
        4.90499772e-04, 1.70745047e-04, 1.37359472e-03],
       [2.34790080e-02, 2.38550308e-02, 0.00000000e+00, ...,
        1.07640252e-04, 2.21604270e-04, 6.06821417e-04],
       ...,
       [1.07666458e-03, 4.90499772e-04, 1.07640252e-04, ...,
        0.00000000e+00, 1.42473047e-02, 1.35020883e-02],
       [1.42979643e-04, 1.70745047e-04, 2.21604270e-04, ...,
        1.42473047e-02, 0.00000000e+00, 3.67898327e-02],
       [1.83412081e-03, 1.37359472e-03, 6.06821417e-04, ...,
        1.35020883e-02, 3.67898327e-02, 0.00000000e+00]], shape=(45, 45)), 'molecular-dipole': array([-1.2428599 ,  0.93092074,  0.79838109])}
{'bond-orders': array([[0.00000000e+00, 3.09752697e-01, 2.34790080e-02, ...,
        1.07666458e-03, 1.42979643e-04, 1.83412081e-03],
       [3.09752697e-01, 0.00000000e+00, 2.38550308e-02, ...,
        4.90499772e-04, 1.70745047e-04, 1.37359472e-03],
       [2.34790080e-02, 2.38550308e-02, 0.00000000e+00, ...,
        1.07640252e-04, 2.21604270e-04, 6.06821417e-04],
       ...,
       [1.07666458e-03, 4.90499772e-04, 1.07640252e-04, ...,
        0.00000000e+00, 1.42473047e-02, 1.35020883e-02],
       [1.42979643e-04, 1.70745047e-04, 2.21604270e-04, ...,
        1.42473047e-02, 0.00000000e+00, 3.67898327e-02],
       [1.83412081e-03, 1.37359472e-03, 6.06821417e-04, ...,
        1.35020883e-02, 3.67898327e-02, 0.00000000e+00]], shape=(45, 45)), 'molecular-dipole': array([-1.2428599 ,  0.93092074,  0.79838109]), 'molecular-quadrupole': array([-87.64985887,  32.07594948,  -3.36916114, -78.64021972,
       131.27735984,  91.01902001])}
------------------------------------------------------------
  cycle        total energy    energy error   density error
------------------------------------------------------------
      1     -163.4376531306  -1.6321046E+02   1.1487040E-02
      2     -163.3289797894   1.0867334E-01   2.0946788E-02
      3     -162.6534946916   6.7548510E-01   5.0556669E-02
      4     -163.4380862103  -7.8459152E-01   6.9339236E-03
      5     -163.4370585004   1.0277100E-03   7.3416839E-03
      6     -163.4374701870  -4.1168660E-04   5.7210812E-03
      7     -163.4393392009  -1.8690139E-03   2.8050601E-03
      8     -163.4406749900  -1.3357891E-03   1.1221216E-03
      9     -163.4407537433  -7.8753349E-05   4.5472357E-04
     10     -163.4407586912  -4.9479435E-06   2.6020486E-04
     11     -163.4407656080  -6.9167210E-06   1.0444436E-04
     12     -163.4407661508  -5.4284041E-07   6.1825155E-05
     13     -163.4407660212   1.2958861E-07   4.2595350E-05
     14     -163.4407662845  -2.6330508E-07   2.0605199E-05
     15     -163.4407663194  -3.4903167E-08   7.8070573E-06
------------------------------------------------------------

 total:                                  14.542 sec
3
{'bond-orders': array([[0.00000000e+00, 3.07573392e-01, 2.37566798e-02, ...,
        9.71037144e-04, 1.27053455e-04, 1.11367323e-03],
       [3.07573392e-01, 0.00000000e+00, 2.39838525e-02, ...,
        6.17853461e-04, 1.35490545e-04, 1.34089012e-03],
       [2.37566798e-02, 2.39838525e-02, 0.00000000e+00, ...,
        1.51529112e-04, 1.93102649e-04, 8.22660785e-04],
       ...,
       [9.71037144e-04, 6.17853461e-04, 1.51529112e-04, ...,
        0.00000000e+00, 1.46925034e-02, 1.56564547e-02],
       [1.27053455e-04, 1.35490545e-04, 1.93102649e-04, ...,
        1.46925034e-02, 0.00000000e+00, 4.09856707e-02],
       [1.11367323e-03, 1.34089012e-03, 8.22660785e-04, ...,
        1.56564547e-02, 4.09856707e-02, 0.00000000e+00]], shape=(45, 45))}
{'bond-orders': array([[0.00000000e+00, 3.07573392e-01, 2.37566798e-02, ...,
        9.71037144e-04, 1.27053455e-04, 1.11367323e-03],
       [3.07573392e-01, 0.00000000e+00, 2.39838525e-02, ...,
        6.17853461e-04, 1.35490545e-04, 1.34089012e-03],
       [2.37566798e-02, 2.39838525e-02, 0.00000000e+00, ...,
        1.51529112e-04, 1.93102649e-04, 8.22660785e-04],
       ...,
       [9.71037144e-04, 6.17853461e-04, 1.51529112e-04, ...,
        0.00000000e+00, 1.46925034e-02, 1.56564547e-02],
       [1.27053455e-04, 1.35490545e-04, 1.93102649e-04, ...,
        1.46925034e-02, 0.00000000e+00, 4.09856707e-02],
       [1.11367323e-03, 1.34089012e-03, 8.22660785e-04, ...,
        1.56564547e-02, 4.09856707e-02, 0.00000000e+00]], shape=(45, 45)), 'molecular-dipole': array([-1.22119059,  0.87284678,  0.56123436])}
{'bond-orders': array([[0.00000000e+00, 3.07573392e-01, 2.37566798e-02, ...,
        9.71037144e-04, 1.27053455e-04, 1.11367323e-03],
       [3.07573392e-01, 0.00000000e+00, 2.39838525e-02, ...,
        6.17853461e-04, 1.35490545e-04, 1.34089012e-03],
       [2.37566798e-02, 2.39838525e-02, 0.00000000e+00, ...,
        1.51529112e-04, 1.93102649e-04, 8.22660785e-04],
       ...,
       [9.71037144e-04, 6.17853461e-04, 1.51529112e-04, ...,
        0.00000000e+00, 1.46925034e-02, 1.56564547e-02],
       [1.27053455e-04, 1.35490545e-04, 1.93102649e-04, ...,
        1.46925034e-02, 0.00000000e+00, 4.09856707e-02],
       [1.11367323e-03, 1.34089012e-03, 8.22660785e-04, ...,
        1.56564547e-02, 4.09856707e-02, 0.00000000e+00]], shape=(45, 45)), 'molecular-dipole': array([-1.22119059,  0.87284678,  0.56123436]), 'molecular-quadrupole': array([-76.97466999,  31.22268169,   1.01182408, -86.1873305 ,
       116.94955513,  75.96284591])}
------------------------------------------------------------
  cycle        total energy    energy error   density error
------------------------------------------------------------
      1     -163.4489156680  -1.6321649E+02   9.5550251E-03
      2     -163.3940567636   5.4858904E-02   1.6192324E-02
      3     -162.9013345284   4.9272224E-01   4.2010342E-02
      4     -163.4478470480  -5.4651252E-01   5.9785743E-03
      5     -163.4489261476  -1.0790996E-03   6.0291998E-03
      6     -163.4496086760  -6.8252832E-04   4.6369323E-03
      7     -163.4507153294  -1.1066534E-03   1.9209686E-03
      8     -163.4512840521  -5.6872268E-04   7.6749330E-04
      9     -163.4513156021  -3.1550002E-05   3.9670832E-04
     10     -163.4513228314  -7.2292657E-06   1.7985912E-04
     11     -163.4513244248  -1.5934516E-06   8.0028411E-05
     12     -163.4513240544   3.7042250E-07   6.4463913E-05
     13     -163.4513241447  -9.0353495E-08   4.8782858E-05
     14     -163.4513246420  -4.9726938E-07   1.8739747E-05
------------------------------------------------------------

 total:                                  14.214 sec
3
{'bond-orders': array([[0.00000000e+00, 3.05669640e-01, 2.39400376e-02, ...,
        7.70145740e-04, 1.17566592e-04, 5.69803282e-04],
       [3.05669640e-01, 0.00000000e+00, 2.46087581e-02, ...,
        6.93666545e-04, 1.29410721e-04, 1.48561031e-03],
       [2.39400376e-02, 2.46087581e-02, 0.00000000e+00, ...,
        2.44723261e-04, 1.69988691e-04, 1.36237834e-03],
       ...,
       [7.70145740e-04, 6.93666545e-04, 2.44723261e-04, ...,
        0.00000000e+00, 1.41217076e-02, 1.66384643e-02],
       [1.17566592e-04, 1.29410721e-04, 1.69988691e-04, ...,
        1.41217076e-02, 0.00000000e+00, 4.45196579e-02],
       [5.69803282e-04, 1.48561031e-03, 1.36237834e-03, ...,
        1.66384643e-02, 4.45196579e-02, 0.00000000e+00]], shape=(45, 45))}
{'bond-orders': array([[0.00000000e+00, 3.05669640e-01, 2.39400376e-02, ...,
        7.70145740e-04, 1.17566592e-04, 5.69803282e-04],
       [3.05669640e-01, 0.00000000e+00, 2.46087581e-02, ...,
        6.93666545e-04, 1.29410721e-04, 1.48561031e-03],
       [2.39400376e-02, 2.46087581e-02, 0.00000000e+00, ...,
        2.44723261e-04, 1.69988691e-04, 1.36237834e-03],
       ...,
       [7.70145740e-04, 6.93666545e-04, 2.44723261e-04, ...,
        0.00000000e+00, 1.41217076e-02, 1.66384643e-02],
       [1.17566592e-04, 1.29410721e-04, 1.69988691e-04, ...,
        1.41217076e-02, 0.00000000e+00, 4.45196579e-02],
       [5.69803282e-04, 1.48561031e-03, 1.36237834e-03, ...,
        1.66384643e-02, 4.45196579e-02, 0.00000000e+00]], shape=(45, 45)), 'molecular-dipole': array([-1.19592088,  0.85658495,  0.30282307])}
{'bond-orders': array([[0.00000000e+00, 3.05669640e-01, 2.39400376e-02, ...,
        7.70145740e-04, 1.17566592e-04, 5.69803282e-04],
       [3.05669640e-01, 0.00000000e+00, 2.46087581e-02, ...,
        6.93666545e-04, 1.29410721e-04, 1.48561031e-03],
       [2.39400376e-02, 2.46087581e-02, 0.00000000e+00, ...,
        2.44723261e-04, 1.69988691e-04, 1.36237834e-03],
       ...,
       [7.70145740e-04, 6.93666545e-04, 2.44723261e-04, ...,
        0.00000000e+00, 1.41217076e-02, 1.66384643e-02],
       [1.17566592e-04, 1.29410721e-04, 1.69988691e-04, ...,
        1.41217076e-02, 0.00000000e+00, 4.45196579e-02],
       [5.69803282e-04, 1.48561031e-03, 1.36237834e-03, ...,
        1.66384643e-02, 4.45196579e-02, 0.00000000e+00]], shape=(45, 45)), 'molecular-dipole': array([-1.19592088,  0.85658495,  0.30282307]), 'molecular-quadrupole': array([-65.39693159,  32.28672654,   7.25189626, -92.57007864,
       108.89995052,  58.14503533])}
------------------------------------------------------------
  cycle        total energy    energy error   density error
------------------------------------------------------------
      1     -163.4574886900  -1.6322170E+02   8.8630884E-03
      2     -163.3772621091   8.0226581E-02   1.9928945E-02
      3     -162.9780021561   3.9925995E-01   3.9448328E-02
      4     -163.4567020595  -4.7869990E-01   5.2748716E-03
      5     -163.4599657148  -3.2636553E-03   3.5534644E-03
      6     -163.4590924644   8.7325037E-04   4.3906389E-03
      7     -163.4600356987  -9.4323430E-04   1.9399893E-03
      8     -163.4605407999  -5.0510119E-04   7.7018037E-04
      9     -163.4605876516  -4.6851694E-05   3.5380708E-04
     10     -163.4605936091  -5.9574938E-06   1.3558919E-04
     11     -163.4605946348  -1.0257283E-06   5.6868518E-05
     12     -163.4605946461  -1.1296606E-08   4.8547121E-05
     13     -163.4605946147   3.1402521E-08   3.0989131E-05
     14     -163.4605947405  -1.2575018E-07   1.7638844E-05
------------------------------------------------------------

 total:                                  14.114 sec
3
{'bond-orders': array([[0.00000000e+00, 3.04890672e-01, 2.46009311e-02, ...,
        5.51011493e-04, 1.07814783e-04, 3.28376171e-04],
       [3.04890672e-01, 0.00000000e+00, 2.45066456e-02, ...,
        7.24528060e-04, 1.45450483e-04, 1.62356096e-03],
       [2.46009311e-02, 2.45066456e-02, 0.00000000e+00, ...,
        3.42731096e-04, 2.09708335e-04, 2.12388103e-03],
       ...,
       [5.51011493e-04, 7.24528060e-04, 3.42731096e-04, ...,
        0.00000000e+00, 1.19807478e-02, 1.68843066e-02],
       [1.07814783e-04, 1.45450483e-04, 2.09708335e-04, ...,
        1.19807478e-02, 0.00000000e+00, 4.70783108e-02],
       [3.28376171e-04, 1.62356096e-03, 2.12388103e-03, ...,
        1.68843066e-02, 4.70783108e-02, 0.00000000e+00]], shape=(45, 45))}
{'bond-orders': array([[0.00000000e+00, 3.04890672e-01, 2.46009311e-02, ...,
        5.51011493e-04, 1.07814783e-04, 3.28376171e-04],
       [3.04890672e-01, 0.00000000e+00, 2.45066456e-02, ...,
        7.24528060e-04, 1.45450483e-04, 1.62356096e-03],
       [2.46009311e-02, 2.45066456e-02, 0.00000000e+00, ...,
        3.42731096e-04, 2.09708335e-04, 2.12388103e-03],
       ...,
       [5.51011493e-04, 7.24528060e-04, 3.42731096e-04, ...,
        0.00000000e+00, 1.19807478e-02, 1.68843066e-02],
       [1.07814783e-04, 1.45450483e-04, 2.09708335e-04, ...,
        1.19807478e-02, 0.00000000e+00, 4.70783108e-02],
       [3.28376171e-04, 1.62356096e-03, 2.12388103e-03, ...,
        1.68843066e-02, 4.70783108e-02, 0.00000000e+00]], shape=(45, 45)), 'molecular-dipole': array([-1.14712884,  0.86508563,  0.05782752])}
{'bond-orders': array([[0.00000000e+00, 3.04890672e-01, 2.46009311e-02, ...,
        5.51011493e-04, 1.07814783e-04, 3.28376171e-04],
       [3.04890672e-01, 0.00000000e+00, 2.45066456e-02, ...,
        7.24528060e-04, 1.45450483e-04, 1.62356096e-03],
       [2.46009311e-02, 2.45066456e-02, 0.00000000e+00, ...,
        3.42731096e-04, 2.09708335e-04, 2.12388103e-03],
       ...,
       [5.51011493e-04, 7.24528060e-04, 3.42731096e-04, ...,
        0.00000000e+00, 1.19807478e-02, 1.68843066e-02],
       [1.07814783e-04, 1.45450483e-04, 2.09708335e-04, ...,
        1.19807478e-02, 0.00000000e+00, 4.70783108e-02],
       [3.28376171e-04, 1.62356096e-03, 2.12388103e-03, ...,
        1.68843066e-02, 4.70783108e-02, 0.00000000e+00]], shape=(45, 45)), 'molecular-dipole': array([-1.14712884,  0.86508563,  0.05782752]), 'molecular-quadrupole': array([-53.73599757,  33.96154171,  13.95921301, -93.82887628,
       106.09005041,  39.77678456])}
------------------------------------------------------------
  cycle        total energy    energy error   density error
------------------------------------------------------------
      1     -163.4677065332  -1.6323432E+02   1.0182090E-02
      2     -163.3885802844   7.9126249E-02   2.3793039E-02
      3     -162.9894434408   3.9913684E-01   3.9373591E-02
      4     -163.4662575789  -4.7681414E-01   6.3478035E-03
      5     -163.4714950406  -5.2374617E-03   3.3886437E-03
      6     -163.4715144558  -1.9415171E-05   3.4429601E-03
      7     -163.4718111597  -2.9670398E-04   2.1438735E-03
      8     -163.4721552427  -3.4408290E-04   9.9680338E-04
      9     -163.4722580540  -1.0281130E-04   4.1828529E-04
     10     -163.4722691010  -1.1047073E-05   1.5537802E-04
     11     -163.4722703498  -1.2488088E-06   6.5581740E-05
     12     -163.4722703655  -1.5680399E-08   5.4550983E-05
     13     -163.4722704997  -1.3416917E-07   2.1868391E-05
     14     -163.4722705465  -4.6774915E-08   9.6534663E-06
------------------------------------------------------------

 total:                                  12.903 sec
3
{'bond-orders': array([[0.00000000e+00, 3.03781706e-01, 2.45463544e-02, ...,
        3.84546079e-04, 7.92855661e-05, 2.67604252e-04],
       [3.03781706e-01, 0.00000000e+00, 2.37089637e-02, ...,
        7.88804957e-04, 1.09873912e-04, 1.44739469e-03],
       [2.45463544e-02, 2.37089637e-02, 0.00000000e+00, ...,
        4.49565538e-04, 1.62693654e-04, 2.14301416e-03],
       ...,
       [3.84546079e-04, 7.88804957e-04, 4.49565538e-04, ...,
        0.00000000e+00, 7.88301162e-03, 1.72996863e-02],
       [7.92855661e-05, 1.09873912e-04, 1.62693654e-04, ...,
        7.88301162e-03, 0.00000000e+00, 4.79899065e-02],
       [2.67604252e-04, 1.44739469e-03, 2.14301416e-03, ...,
        1.72996863e-02, 4.79899065e-02, 0.00000000e+00]], shape=(45, 45))}
{'bond-orders': array([[0.00000000e+00, 3.03781706e-01, 2.45463544e-02, ...,
        3.84546079e-04, 7.92855661e-05, 2.67604252e-04],
       [3.03781706e-01, 0.00000000e+00, 2.37089637e-02, ...,
        7.88804957e-04, 1.09873912e-04, 1.44739469e-03],
       [2.45463544e-02, 2.37089637e-02, 0.00000000e+00, ...,
        4.49565538e-04, 1.62693654e-04, 2.14301416e-03],
       ...,
       [3.84546079e-04, 7.88804957e-04, 4.49565538e-04, ...,
        0.00000000e+00, 7.88301162e-03, 1.72996863e-02],
       [7.92855661e-05, 1.09873912e-04, 1.62693654e-04, ...,
        7.88301162e-03, 0.00000000e+00, 4.79899065e-02],
       [2.67604252e-04, 1.44739469e-03, 2.14301416e-03, ...,
        1.72996863e-02, 4.79899065e-02, 0.00000000e+00]], shape=(45, 45)), 'molecular-dipole': array([-1.04280263,  0.82252869, -0.10031485])}
{'bond-orders': array([[0.00000000e+00, 3.03781706e-01, 2.45463544e-02, ...,
        3.84546079e-04, 7.92855661e-05, 2.67604252e-04],
       [3.03781706e-01, 0.00000000e+00, 2.37089637e-02, ...,
        7.88804957e-04, 1.09873912e-04, 1.44739469e-03],
       [2.45463544e-02, 2.37089637e-02, 0.00000000e+00, ...,
        4.49565538e-04, 1.62693654e-04, 2.14301416e-03],
       ...,
       [3.84546079e-04, 7.88804957e-04, 4.49565538e-04, ...,
        0.00000000e+00, 7.88301162e-03, 1.72996863e-02],
       [7.92855661e-05, 1.09873912e-04, 1.62693654e-04, ...,
        7.88301162e-03, 0.00000000e+00, 4.79899065e-02],
       [2.67604252e-04, 1.44739469e-03, 2.14301416e-03, ...,
        1.72996863e-02, 4.79899065e-02, 0.00000000e+00]], shape=(45, 45)), 'molecular-dipole': array([-1.04280263,  0.82252869, -0.10031485]), 'molecular-quadrupole': array([-43.9332233 ,  33.10136289,  16.54097092, -84.55597001,
        98.96838242,  27.39225238])}
------------------------------------------------------------
  cycle        total energy    energy error   density error
------------------------------------------------------------
