/home/ans819/.conda/envs/autoflow/lib/python3.13/site-packages/e3nn/o3/_wigner.py:10: UserWarning: Environment variable TORCH_FORCE_NO_WEIGHTS_ONLY_LOAD detected, since the`weights_only` argument was not explicitly passed to `torch.load`, forcing weights_only=False.
  _Jd, _W3j_flat, _W3j_indices = torch.load(os.path.join(os.path.dirname(__file__), 'constants.pt'))

          ==================== Thresholds ====================
          CN  :   150.00000
          rep :   500.00000
          disp:  2500.00000
          HB1 :   250.00000
          HB2 :   450.00000

          Pauling EN used:
          Z : 1  EN :  2.20
          Z : 6  EN :  2.55
          Z : 8  EN :  3.44
          Z :47  EN :  1.93
          electric field strengths (au): 0.000

           ------------------------------------------------- 
          |           Force Field Initialization            |
           ------------------------------------------------- 

          distances ...
          ----------------------------------------
          generating topology and atomic info file ...
          pair mat ...
          computing topology distances matrix with Floyd-Warshall algo ...
          making topology EEQ charges ...
          #fragments for EEQ constrain: 1
          ----------------------------------------
          generating topology and atomic info file ...
          pair mat ...
          computing topology distances matrix with Floyd-Warshall algo ...
          making topology EEQ charges ...
          #fragments for EEQ constrain: 1
          rings ...
          # BATM   3068
          # H in HB   0

  atom   neighbors  erfCN metchar sp-hybrid imet pi  qest     coordinates
    1  Ag      2    1.35   0.37         2    2    0   0.004    2.326002    0.356229   25.455563
    2  Ag      5    3.15   0.31         0    2    0   0.018    5.816311    4.630967   25.455563
    3  Ag      9    4.27   0.07         0    2    0   0.009   14.542085    8.193249   27.048664
    4  Ag      7    3.92   0.19         0    2    0   0.013   11.051775    3.918511   27.048664
    5  Ag      7    3.92   0.19         0    2    0   0.018   19.777549    7.480793   28.641765
    6  Ag      6    3.59   0.27         0    2    0   0.019   16.287239    3.206054   28.641765
    7  Ag      9    4.27   0.07         0    2    0   0.008    7.561466    6.768336   30.234866
    8  Ag      6    3.59   0.23         0    2    0   0.019    4.071157    2.493598   30.234866
    9  Ag     12    4.39   0.01         0    2    0   0.006   12.796930    6.055880   31.827967
   10  Ag      7    3.92   0.19         0    2    0   0.018    9.306621    1.781141   31.827967
   11  Ag      9    4.27   0.07         0    2    0   0.024   18.032394    5.343423   33.421068
   12  Ag      6    3.59   0.27         0    2    0   0.032   14.542085    1.068685   33.421068
   13  Ag      8    4.14   0.11         0    2    0   0.019    5.816311    4.630967   35.014169
   14  Ag      3    2.00   0.37         2    2    0   0.014    2.326002    0.356229   35.014169
   15  Ag      8    4.14   0.12         0    2    0   0.028   11.051775    3.918511   36.607270
   16  Ag     10    4.34   0.04         0    2    0   0.022   14.542085    8.193249   36.607270
   17  Ag      6    3.73   0.21         0    2    0   0.112   16.287239    3.206054   38.200371
   18  Ag      6    3.59   0.26         0    2    0   0.031   19.777549    7.480793   38.200371
   19  Ag      3    2.00   0.37         2    2    0   0.013    4.071157    2.493598   39.793472
   20  Ag      5    3.15   0.32         0    2    0   0.024    7.561466    6.768336   39.793472
   21  Ag      6    3.59   0.26         0    2    0   0.014    9.306621    8.905705   25.455563
   22  Ag      5    3.15   0.34         0    2    0   0.015   12.796930   13.180444   25.455563
   23  Ag      4    2.61   0.38         3    2    0   0.017   21.522703   16.742726   27.048664
   24  Ag      8    4.14   0.12         0    2    0   0.012   18.032394   12.467987   27.048664
   25  Ag      3    2.00   0.39         2    2    0   0.011   26.758167   16.030269   28.641765
   26  Ag      7    3.92   0.19         0    2    0   0.015   23.267858   11.755531   28.641765
   27  Ag      6    3.59   0.27         0    2    0   0.014   14.542085   15.317813   30.234866
   28  Ag      9    4.27   0.07         0    2    0   0.008   11.051775   11.043075   30.234866
   29  Ag      9    4.27   0.07         0    2    0   0.010   19.777549   14.605357   31.827967
/home/ans819/.conda/envs/autoflow/lib/python3.13/site-packages/mace/calculators/mace.py:197: UserWarning: Environment variable TORCH_FORCE_NO_WEIGHTS_ONLY_LOAD detected, since the`weights_only` argument was not explicitly passed to `torch.load`, forcing weights_only=False.
  torch.load(f=model_path, map_location=device)
/home/ans819/.conda/envs/autoflow/lib/python3.13/site-packages/chgnet/model/model.py:898: UserWarning: Converting a tensor with requires_grad=True to a scalar may lead to unexpected behavior.
Consider using tensor.detach() first. (Triggered internally at /pytorch/torch/csrc/autograd/generated/python_variable_methods.cpp:836.)
  volumes = torch.tensor(volumes, dtype=TORCH_DTYPE, device=atomic_numbers.device)
cuequivariance or cuequivariance_torch is not available. Cuequivariance acceleration will be disabled.
------------------------------------------------------------
  cycle        total energy    energy error   density error
------------------------------------------------------------
      1     -163.2461226239  -1.6300474E+02   9.9693467E-01
      2     -161.4746739019   1.7714487E+00   6.2075757E-01
      3      427.7745261748   5.8924920E+02   1.8610367E+00
      4     -123.0882045198  -5.5086273E+02   8.3762545E-01
      5     -55.32284170063   6.7765363E+01   6.8039822E-01
      6     -154.9775138541  -9.9654672E+01   2.7575121E-01
      7     -151.2403550280   3.7371588E+00   2.2775798E-01
      8     -162.5486733998  -1.1308318E+01   8.2364739E-02
      9     -163.5365356576  -9.8786226E-01   4.2114444E-02
     10     -163.0896690265   4.4686663E-01   4.9217911E-02
     11     -163.5119797167  -4.2231069E-01   3.4557612E-02
     12     -163.5290146235  -1.7034907E-02   2.6990901E-02
     13     -163.5451962015  -1.6181578E-02   2.3340046E-02
     14     -163.5458575723  -6.6137082E-04   2.1395626E-02
     15     -163.5464327905  -5.7521816E-04   2.0131022E-02
     16     -163.5469968544  -5.6406393E-04   1.7878943E-02
     17     -163.5477551342  -7.5827977E-04   1.5839188E-02
     18     -163.5478621949  -1.0706071E-04   1.4674276E-02
     19     -163.5479118676  -4.9672754E-05   1.3049552E-02
     20     -163.5480293351  -1.1746747E-04   1.1860994E-02
     21     -163.5482277823  -1.9844719E-04   1.0035628E-02
     22     -163.5484792915  -2.5150923E-04   8.5012492E-03
     23     -163.5480652491   4.1404245E-04   9.3503265E-03
     24     -163.5488816058  -8.1635669E-04   7.4935883E-03
     25     -163.5496639565  -7.8235075E-04   5.1206474E-03
     26     -163.5501300825  -4.6612596E-04   2.4872619E-03
     27     -163.5501901460  -6.0063530E-05   1.1620105E-03
     28     -163.5502025120  -1.2366028E-05   8.4431598E-04
     29     -163.5502046914  -2.1793462E-06   6.7643502E-04
     30     -163.5502057537  -1.0622594E-06   5.3468146E-04
     31     -163.5502085160  -2.7623740E-06   3.5084177E-04
     32     -163.5502059033   2.6126833E-06   3.6853697E-04
     33     -163.5502080108  -2.1074603E-06   2.9431820E-04
     34     -163.5502109207  -2.9099329E-06   1.0833546E-04
     35     -163.5502113196  -3.9886203E-07   1.1892806E-05
------------------------------------------------------------

 total:                                  21.240 sec
3
{'bond-orders': array([[0.00000000e+00, 3.06516304e-01, 2.25788622e-02, ...,
        6.66252920e-05, 6.15962784e-07, 2.00734457e-03],
       [3.06516304e-01, 0.00000000e+00, 2.14519074e-02, ...,
        8.29723270e-05, 8.48279577e-05, 1.32576724e-03],
       [2.25788622e-02, 2.14519074e-02, 0.00000000e+00, ...,
        6.02214832e-05, 6.25203071e-05, 1.18502728e-03],
       ...,
       [6.66252920e-05, 8.29723270e-05, 6.02214832e-05, ...,
        0.00000000e+00, 4.71992643e-03, 1.88358495e-02],
       [6.15962784e-07, 8.48279577e-05, 6.25203071e-05, ...,
        4.71992643e-03, 0.00000000e+00, 2.09969117e-02],
       [2.00734457e-03, 1.32576724e-03, 1.18502728e-03, ...,
        1.88358495e-02, 2.09969117e-02, 0.00000000e+00]], shape=(45, 45))}
{'bond-orders': array([[0.00000000e+00, 3.06516304e-01, 2.25788622e-02, ...,
        6.66252920e-05, 6.15962784e-07, 2.00734457e-03],
       [3.06516304e-01, 0.00000000e+00, 2.14519074e-02, ...,
        8.29723270e-05, 8.48279577e-05, 1.32576724e-03],
       [2.25788622e-02, 2.14519074e-02, 0.00000000e+00, ...,
        6.02214832e-05, 6.25203071e-05, 1.18502728e-03],
       ...,
       [6.66252920e-05, 8.29723270e-05, 6.02214832e-05, ...,
        0.00000000e+00, 4.71992643e-03, 1.88358495e-02],
       [6.15962784e-07, 8.48279577e-05, 6.25203071e-05, ...,
        4.71992643e-03, 0.00000000e+00, 2.09969117e-02],
       [2.00734457e-03, 1.32576724e-03, 1.18502728e-03, ...,
        1.88358495e-02, 2.09969117e-02, 0.00000000e+00]], shape=(45, 45)), 'molecular-dipole': array([-0.67841729,  1.32870185, -0.34384317])}
{'bond-orders': array([[0.00000000e+00, 3.06516304e-01, 2.25788622e-02, ...,
        6.66252920e-05, 6.15962784e-07, 2.00734457e-03],
       [3.06516304e-01, 0.00000000e+00, 2.14519074e-02, ...,
        8.29723270e-05, 8.48279577e-05, 1.32576724e-03],
       [2.25788622e-02, 2.14519074e-02, 0.00000000e+00, ...,
        6.02214832e-05, 6.25203071e-05, 1.18502728e-03],
       ...,
       [6.66252920e-05, 8.29723270e-05, 6.02214832e-05, ...,
        0.00000000e+00, 4.71992643e-03, 1.88358495e-02],
       [6.15962784e-07, 8.48279577e-05, 6.25203071e-05, ...,
        4.71992643e-03, 0.00000000e+00, 2.09969117e-02],
       [2.00734457e-03, 1.32576724e-03, 1.18502728e-03, ...,
        1.88358495e-02, 2.09969117e-02, 0.00000000e+00]], shape=(45, 45)), 'molecular-dipole': array([-0.67841729,  1.32870185, -0.34384317]), 'molecular-quadrupole': array([-29.78925848,  60.52910712,  15.99036158, -63.09129377,
       154.99057823,  13.7988969 ])}
------------------------------------------------------------
  cycle        total energy    energy error   density error
------------------------------------------------------------
      1     -163.5511588139  -1.6331090E+02   1.6414715E-03
      2     -163.5459609545   5.1978594E-03   4.5043612E-03
      3     -163.5382892562   7.6716983E-03   6.4806970E-03
      4     -163.5510650482  -1.2775792E-02   1.3636376E-03
      5     -163.5511673299  -1.0228176E-04   1.0179263E-03
      6     -163.5512315550  -6.4225095E-05   6.1707097E-04
      7     -163.5512518659  -2.0310869E-05   2.3663740E-04
      8     -163.5512533193  -1.4534208E-06   1.6084619E-04
      9     -163.5512544070  -1.0877047E-06   9.1189623E-05
     10     -163.5512548535  -4.4652433E-07   3.6187283E-05
     11     -163.5512549948  -1.4125703E-07   1.9502369E-05
------------------------------------------------------------

 total:                                  13.341 sec
3
{'bond-orders': array([[0.00000000e+00, 3.06542566e-01, 2.25194713e-02, ...,
        7.48121613e-05, 3.50091949e-07, 2.08689535e-03],
       [3.06542566e-01, 0.00000000e+00, 2.13840907e-02, ...,
        8.73169169e-05, 8.39594155e-05, 1.34137095e-03],
       [2.25194713e-02, 2.13840907e-02, 0.00000000e+00, ...,
        6.50600059e-05, 6.49596498e-05, 1.19968472e-03],
       ...,
       [7.48121613e-05, 8.73169169e-05, 6.50600059e-05, ...,
        0.00000000e+00, 4.99339738e-03, 2.03044019e-02],
       [3.50091949e-07, 8.39594155e-05, 6.49596498e-05, ...,
        4.99339738e-03, 0.00000000e+00, 2.15393311e-02],
       [2.08689535e-03, 1.34137095e-03, 1.19968472e-03, ...,
        2.03044019e-02, 2.15393311e-02, 0.00000000e+00]], shape=(45, 45))}
{'bond-orders': array([[0.00000000e+00, 3.06542566e-01, 2.25194713e-02, ...,
        7.48121613e-05, 3.50091949e-07, 2.08689535e-03],
       [3.06542566e-01, 0.00000000e+00, 2.13840907e-02, ...,
        8.73169169e-05, 8.39594155e-05, 1.34137095e-03],
       [2.25194713e-02, 2.13840907e-02, 0.00000000e+00, ...,
        6.50600059e-05, 6.49596498e-05, 1.19968472e-03],
       ...,
       [7.48121613e-05, 8.73169169e-05, 6.50600059e-05, ...,
        0.00000000e+00, 4.99339738e-03, 2.03044019e-02],
       [3.50091949e-07, 8.39594155e-05, 6.49596498e-05, ...,
        4.99339738e-03, 0.00000000e+00, 2.15393311e-02],
       [2.08689535e-03, 1.34137095e-03, 1.19968472e-03, ...,
        2.03044019e-02, 2.15393311e-02, 0.00000000e+00]], shape=(45, 45)), 'molecular-dipole': array([-0.67153602,  1.37055066, -0.40184998])}
{'bond-orders': array([[0.00000000e+00, 3.06542566e-01, 2.25194713e-02, ...,
        7.48121613e-05, 3.50091949e-07, 2.08689535e-03],
       [3.06542566e-01, 0.00000000e+00, 2.13840907e-02, ...,
        8.73169169e-05, 8.39594155e-05, 1.34137095e-03],
       [2.25194713e-02, 2.13840907e-02, 0.00000000e+00, ...,
        6.50600059e-05, 6.49596498e-05, 1.19968472e-03],
       ...,
       [7.48121613e-05, 8.73169169e-05, 6.50600059e-05, ...,
        0.00000000e+00, 4.99339738e-03, 2.03044019e-02],
       [3.50091949e-07, 8.39594155e-05, 6.49596498e-05, ...,
        4.99339738e-03, 0.00000000e+00, 2.15393311e-02],
       [2.08689535e-03, 1.34137095e-03, 1.19968472e-03, ...,
        2.03044019e-02, 2.15393311e-02, 0.00000000e+00]], shape=(45, 45)), 'molecular-dipole': array([-0.67153602,  1.37055066, -0.40184998]), 'molecular-quadrupole': array([-27.43214306,  62.89017602,  18.51610863, -64.77161729,
       159.16777585,   8.91603443])}
------------------------------------------------------------
  cycle        total energy    energy error   density error
------------------------------------------------------------
      1     -163.5522084298  -1.6331351E+02   2.5527990E-03
      2     -163.5515151916   6.9323827E-04   3.9578645E-03
      3     -163.5507036993   8.1149226E-04   2.9209728E-03
      4     -163.5462421165   4.4615828E-03   4.4924024E-03
      5     -163.5518518429  -5.6097264E-03   1.7686091E-03
      6     -163.5523317189  -4.7987596E-04   1.1674927E-03
      7     -163.5524054492  -7.3730274E-05   4.7066513E-04
      8     -163.5524163140  -1.0864800E-05   1.7672931E-04
      9     -163.5524192254  -2.9114075E-06   7.6990132E-05
     10     -163.5524199383  -7.1296458E-07   3.8002068E-05
     11     -163.5524200485  -1.1012889E-07   1.4617570E-05
------------------------------------------------------------

 total:                                  13.276 sec
3
{'bond-orders': array([[0.00000000e+00, 3.06563302e-01, 2.23881890e-02, ...,
        8.41699878e-05, 7.52316936e-07, 2.29447408e-03],
       [3.06563302e-01, 0.00000000e+00, 2.12378908e-02, ...,
        9.03351591e-05, 7.84082610e-05, 1.37315388e-03],
       [2.23881890e-02, 2.12378908e-02, 0.00000000e+00, ...,
        6.75438179e-05, 6.61336283e-05, 1.22743116e-03],
       ...,
       [8.41699878e-05, 9.03351591e-05, 6.75438179e-05, ...,
        0.00000000e+00, 5.37799008e-03, 2.14414240e-02],
       [7.52316936e-07, 7.84082610e-05, 6.61336283e-05, ...,
        5.37799008e-03, 0.00000000e+00, 2.23183539e-02],
       [2.29447408e-03, 1.37315388e-03, 1.22743116e-03, ...,
        2.14414240e-02, 2.23183539e-02, 0.00000000e+00]], shape=(45, 45))}
{'bond-orders': array([[0.00000000e+00, 3.06563302e-01, 2.23881890e-02, ...,
        8.41699878e-05, 7.52316936e-07, 2.29447408e-03],
       [3.06563302e-01, 0.00000000e+00, 2.12378908e-02, ...,
        9.03351591e-05, 7.84082610e-05, 1.37315388e-03],
       [2.23881890e-02, 2.12378908e-02, 0.00000000e+00, ...,
        6.75438179e-05, 6.61336283e-05, 1.22743116e-03],
       ...,
       [8.41699878e-05, 9.03351591e-05, 6.75438179e-05, ...,
        0.00000000e+00, 5.37799008e-03, 2.14414240e-02],
       [7.52316936e-07, 7.84082610e-05, 6.61336283e-05, ...,
        5.37799008e-03, 0.00000000e+00, 2.23183539e-02],
       [2.29447408e-03, 1.37315388e-03, 1.22743116e-03, ...,
        2.14414240e-02, 2.23183539e-02, 0.00000000e+00]], shape=(45, 45)), 'molecular-dipole': array([-0.63193926,  1.41576161, -0.46646277])}
{'bond-orders': array([[0.00000000e+00, 3.06563302e-01, 2.23881890e-02, ...,
        8.41699878e-05, 7.52316936e-07, 2.29447408e-03],
       [3.06563302e-01, 0.00000000e+00, 2.12378908e-02, ...,
        9.03351591e-05, 7.84082610e-05, 1.37315388e-03],
       [2.23881890e-02, 2.12378908e-02, 0.00000000e+00, ...,
        6.75438179e-05, 6.61336283e-05, 1.22743116e-03],
       ...,
       [8.41699878e-05, 9.03351591e-05, 6.75438179e-05, ...,
        0.00000000e+00, 5.37799008e-03, 2.14414240e-02],
       [7.52316936e-07, 7.84082610e-05, 6.61336283e-05, ...,
        5.37799008e-03, 0.00000000e+00, 2.23183539e-02],
       [2.29447408e-03, 1.37315388e-03, 1.22743116e-03, ...,
        2.14414240e-02, 2.23183539e-02, 0.00000000e+00]], shape=(45, 45)), 'molecular-dipole': array([-0.63193926,  1.41576161, -0.46646277]), 'molecular-quadrupole': array([-23.8375638 ,  66.02914851,  20.93124321, -62.96005933,
       163.6899103 ,   2.9063206 ])}
------------------------------------------------------------
  cycle        total energy    energy error   density error
------------------------------------------------------------
      1     -163.5528480386  -1.6331410E+02   1.9445518E-03
      2     -163.5490709081   3.7771305E-03   4.3078136E-03
      3     -163.5331496453   1.5921263E-02   7.9737178E-03
      4     -163.5525674906  -1.9417845E-02   1.4615389E-03
      5     -163.5529606502  -3.9315956E-04   8.5742471E-04
      6     -163.5529272616   3.3388650E-05   1.0115034E-03
      7     -163.5529849297  -5.7668148E-05   4.1770055E-04
      8     -163.5529957262  -1.0796454E-05   1.5781391E-04
      9     -163.5529970140  -1.2878903E-06   7.9461031E-05
     10     -163.5529972959  -2.8182802E-07   2.9699026E-05
     11     -163.5529973288  -3.2900516E-08   1.3079498E-05
------------------------------------------------------------

 total:                                  13.311 sec
3
{'bond-orders': array([[0.00000000e+00, 3.06550013e-01, 2.22783352e-02, ...,
        8.72213387e-05, 1.65194299e-06, 2.47750950e-03],
       [3.06550013e-01, 0.00000000e+00, 2.11210509e-02, ...,
        8.93471687e-05, 7.35967320e-05, 1.39693098e-03],
       [2.22783352e-02, 2.11210509e-02, 0.00000000e+00, ...,
        6.55519412e-05, 6.58248894e-05, 1.24675045e-03],
       ...,
       [8.72213387e-05, 8.93471687e-05, 6.55519412e-05, ...,
        0.00000000e+00, 5.62176439e-03, 2.14970152e-02],
       [1.65194299e-06, 7.35967320e-05, 6.58248894e-05, ...,
        5.62176439e-03, 0.00000000e+00, 2.29612399e-02],
       [2.47750950e-03, 1.39693098e-03, 1.24675045e-03, ...,
        2.14970152e-02, 2.29612399e-02, 0.00000000e+00]], shape=(45, 45))}
{'bond-orders': array([[0.00000000e+00, 3.06550013e-01, 2.22783352e-02, ...,
        8.72213387e-05, 1.65194299e-06, 2.47750950e-03],
       [3.06550013e-01, 0.00000000e+00, 2.11210509e-02, ...,
        8.93471687e-05, 7.35967320e-05, 1.39693098e-03],
       [2.22783352e-02, 2.11210509e-02, 0.00000000e+00, ...,
        6.55519412e-05, 6.58248894e-05, 1.24675045e-03],
       ...,
       [8.72213387e-05, 8.93471687e-05, 6.55519412e-05, ...,
        0.00000000e+00, 5.62176439e-03, 2.14970152e-02],
       [1.65194299e-06, 7.35967320e-05, 6.58248894e-05, ...,
        5.62176439e-03, 0.00000000e+00, 2.29612399e-02],
       [2.47750950e-03, 1.39693098e-03, 1.24675045e-03, ...,
        2.14970152e-02, 2.29612399e-02, 0.00000000e+00]], shape=(45, 45)), 'molecular-dipole': array([-0.59398294,  1.43257177, -0.50846502])}
{'bond-orders': array([[0.00000000e+00, 3.06550013e-01, 2.22783352e-02, ...,
        8.72213387e-05, 1.65194299e-06, 2.47750950e-03],
       [3.06550013e-01, 0.00000000e+00, 2.11210509e-02, ...,
        8.93471687e-05, 7.35967320e-05, 1.39693098e-03],
       [2.22783352e-02, 2.11210509e-02, 0.00000000e+00, ...,
        6.55519412e-05, 6.58248894e-05, 1.24675045e-03],
       ...,
       [8.72213387e-05, 8.93471687e-05, 6.55519412e-05, ...,
        0.00000000e+00, 5.62176439e-03, 2.14970152e-02],
       [1.65194299e-06, 7.35967320e-05, 6.58248894e-05, ...,
        5.62176439e-03, 0.00000000e+00, 2.29612399e-02],
       [2.47750950e-03, 1.39693098e-03, 1.24675045e-03, ...,
        2.14970152e-02, 2.29612399e-02, 0.00000000e+00]], shape=(45, 45)), 'molecular-dipole': array([-0.59398294,  1.43257177, -0.50846502]), 'molecular-quadrupole': array([-21.13954535,  67.65813167,  22.19558028, -60.32039582,
       164.9677813 ,  -1.05603493])}
------------------------------------------------------------
  cycle        total energy    energy error   density error
------------------------------------------------------------
      1     -163.5531773325  -1.6331352E+02   9.9413162E-04
      2     -163.5510131029   2.1642296E-03   2.8925345E-03
      3     -163.5492646972   1.7484058E-03   3.6118009E-03
      4     -163.5530967743  -3.8320771E-03   7.8067450E-04
      5     -163.5532075018  -1.1072746E-04   4.9984136E-04
      6     -163.5532051211   2.3807017E-06   5.2577491E-04
      7     -163.5532205571  -1.5436057E-05   2.2139427E-04
      8     -163.5532230494  -2.4923173E-06   1.0093388E-04
      9     -163.5532234608  -4.1132890E-07   5.3114675E-05
     10     -163.5532236003  -1.3953613E-07   1.7943640E-05
------------------------------------------------------------

 total:                                  13.050 sec
3
{'bond-orders': array([[0.00000000e+00, 3.06559414e-01, 2.22322108e-02, ...,
        8.65688141e-05, 2.00611814e-06, 2.56072689e-03],
       [3.06559414e-01, 0.00000000e+00, 2.10658470e-02, ...,
        8.75022672e-05, 7.16108817e-05, 1.40550613e-03],
       [2.22322108e-02, 2.10658470e-02, 0.00000000e+00, ...,
        6.31969363e-05, 6.52600256e-05, 1.25285100e-03],
       ...,
       [8.65688141e-05, 8.75022672e-05, 6.31969363e-05, ...,
        0.00000000e+00, 5.72307712e-03, 2.12079909e-02],
       [2.00611814e-06, 7.16108817e-05, 6.52600256e-05, ...,
        5.72307712e-03, 0.00000000e+00, 2.33314092e-02],
       [2.56072689e-03, 1.40550613e-03, 1.25285100e-03, ...,
        2.12079909e-02, 2.33314092e-02, 0.00000000e+00]], shape=(45, 45))}
{'bond-orders': array([[0.00000000e+00, 3.06559414e-01, 2.22322108e-02, ...,
        8.65688141e-05, 2.00611814e-06, 2.56072689e-03],
       [3.06559414e-01, 0.00000000e+00, 2.10658470e-02, ...,
        8.75022672e-05, 7.16108817e-05, 1.40550613e-03],
       [2.22322108e-02, 2.10658470e-02, 0.00000000e+00, ...,
        6.31969363e-05, 6.52600256e-05, 1.25285100e-03],
       ...,
       [8.65688141e-05, 8.75022672e-05, 6.31969363e-05, ...,
        0.00000000e+00, 5.72307712e-03, 2.12079909e-02],
       [2.00611814e-06, 7.16108817e-05, 6.52600256e-05, ...,
        5.72307712e-03, 0.00000000e+00, 2.33314092e-02],
       [2.56072689e-03, 1.40550613e-03, 1.25285100e-03, ...,
        2.12079909e-02, 2.33314092e-02, 0.00000000e+00]], shape=(45, 45)), 'molecular-dipole': array([-0.57242951,  1.43608073, -0.52744976])}
{'bond-orders': array([[0.00000000e+00, 3.06559414e-01, 2.22322108e-02, ...,
        8.65688141e-05, 2.00611814e-06, 2.56072689e-03],
       [3.06559414e-01, 0.00000000e+00, 2.10658470e-02, ...,
        8.75022672e-05, 7.16108817e-05, 1.40550613e-03],
       [2.22322108e-02, 2.10658470e-02, 0.00000000e+00, ...,
        6.31969363e-05, 6.52600256e-05, 1.25285100e-03],
       ...,
       [8.65688141e-05, 8.75022672e-05, 6.31969363e-05, ...,
        0.00000000e+00, 5.72307712e-03, 2.12079909e-02],
       [2.00611814e-06, 7.16108817e-05, 6.52600256e-05, ...,
        5.72307712e-03, 0.00000000e+00, 2.33314092e-02],
       [2.56072689e-03, 1.40550613e-03, 1.25285100e-03, ...,
        2.12079909e-02, 2.33314092e-02, 0.00000000e+00]], shape=(45, 45)), 'molecular-dipole': array([-0.57242951,  1.43608073, -0.52744976]), 'molecular-quadrupole': array([-19.78735282,  68.35033484,  22.69027205, -58.66442011,
       164.90923619,  -2.90291923])}
------------------------------------------------------------
  cycle        total energy    energy error   density error
------------------------------------------------------------
      1     -163.5533378966  -1.6331268E+02   6.0305992E-04
      2     -163.5508892936   2.4486029E-03   2.8938832E-03
      3     -163.5528472613  -1.9579676E-03   1.4153269E-03
      4     -163.5533011959  -4.5393461E-04   5.6373779E-04
      5     -163.5533496480  -4.8452127E-05   4.2479070E-04
      6     -163.5533622033  -1.2555298E-05   2.5462552E-04
      7     -163.5533654071  -3.2037768E-06   1.4797019E-04
      8     -163.5533662607  -8.5359051E-07   6.0099987E-05
      9     -163.5533665065  -2.4585853E-07   2.6408748E-05
     10     -163.5533665431  -3.6557907E-08   1.1270074E-05
------------------------------------------------------------

 total:                                  13.080 sec
3
{'bond-orders': array([[0.00000000e+00, 3.06551027e-01, 2.22055781e-02, ...,
        8.58423335e-05, 2.00340495e-06, 2.58800012e-03],
       [3.06551027e-01, 0.00000000e+00, 2.10369599e-02, ...,
        8.65165612e-05, 7.14165302e-05, 1.40745584e-03],
       [2.22055781e-02, 2.10369599e-02, 0.00000000e+00, ...,
        6.20837909e-05, 6.52971223e-05, 1.25551393e-03],
       ...,
       [8.58423335e-05, 8.65165612e-05, 6.20837909e-05, ...,
        0.00000000e+00, 5.77839754e-03, 2.10151954e-02],
       [2.00340495e-06, 7.14165302e-05, 6.52971223e-05, ...,
        5.77839754e-03, 0.00000000e+00, 2.35637152e-02],
       [2.58800012e-03, 1.40745584e-03, 1.25551393e-03, ...,
        2.10151954e-02, 2.35637152e-02, 0.00000000e+00]], shape=(45, 45))}
{'bond-orders': array([[0.00000000e+00, 3.06551027e-01, 2.22055781e-02, ...,
        8.58423335e-05, 2.00340495e-06, 2.58800012e-03],
       [3.06551027e-01, 0.00000000e+00, 2.10369599e-02, ...,
        8.65165612e-05, 7.14165302e-05, 1.40745584e-03],
       [2.22055781e-02, 2.10369599e-02, 0.00000000e+00, ...,
        6.20837909e-05, 6.52971223e-05, 1.25551393e-03],
       ...,
       [8.58423335e-05, 8.65165612e-05, 6.20837909e-05, ...,
        0.00000000e+00, 5.77839754e-03, 2.10151954e-02],
       [2.00340495e-06, 7.14165302e-05, 6.52971223e-05, ...,
        5.77839754e-03, 0.00000000e+00, 2.35637152e-02],
       [2.58800012e-03, 1.40745584e-03, 1.25551393e-03, ...,
        2.10151954e-02, 2.35637152e-02, 0.00000000e+00]], shape=(45, 45)), 'molecular-dipole': array([-0.56204051,  1.43756492, -0.54538324])}
{'bond-orders': array([[0.00000000e+00, 3.06551027e-01, 2.22055781e-02, ...,
        8.58423335e-05, 2.00340495e-06, 2.58800012e-03],
       [3.06551027e-01, 0.00000000e+00, 2.10369599e-02, ...,
        8.65165612e-05, 7.14165302e-05, 1.40745584e-03],
       [2.22055781e-02, 2.10369599e-02, 0.00000000e+00, ...,
        6.20837909e-05, 6.52971223e-05, 1.25551393e-03],
       ...,
       [8.58423335e-05, 8.65165612e-05, 6.20837909e-05, ...,
        0.00000000e+00, 5.77839754e-03, 2.10151954e-02],
       [2.00340495e-06, 7.14165302e-05, 6.52971223e-05, ...,
        5.77839754e-03, 0.00000000e+00, 2.35637152e-02],
       [2.58800012e-03, 1.40745584e-03, 1.25551393e-03, ...,
        2.10151954e-02, 2.35637152e-02, 0.00000000e+00]], shape=(45, 45)), 'molecular-dipole': array([-0.56204051,  1.43756492, -0.54538324]), 'molecular-quadrupole': array([-18.83408678,  68.59724647,  23.22347526, -58.21425332,
       164.6795559 ,  -4.38938848])}
------------------------------------------------------------
  cycle        total energy    energy error   density error
------------------------------------------------------------
      1     -163.5535133307  -1.6331178E+02   7.0990331E-04
      2     -163.5534751935   3.8137134E-05   9.6207482E-04
      3     -163.5533122061   1.6298744E-04   9.1267269E-04
      4     -163.5531356472   1.7655885E-04   1.1296130E-03
      5     -163.5534923509  -3.5670364E-04   4.9700935E-04
      6     -163.5535233585  -3.1007618E-05   3.4562108E-04
      7     -163.5535294850  -6.1264674E-06   1.4004177E-04
      8     -163.5535304990  -1.0140485E-06   6.6135836E-05
      9     -163.5535309032  -4.0420730E-07   3.5018643E-05
     10     -163.5535310366  -1.3340536E-07   2.0290949E-05
     11     -163.5535311137  -7.7045769E-08   6.8658201E-06
------------------------------------------------------------

 total:                                  13.317 sec
3
{'bond-orders': array([[0.00000000e+00, 3.06561454e-01, 2.21819447e-02, ...,
        8.61022839e-05, 1.92082546e-06, 2.60210843e-03],
       [3.06561454e-01, 0.00000000e+00, 2.10063824e-02, ...,
        8.64763736e-05, 7.24616597e-05, 1.41179737e-03],
       [2.21819447e-02, 2.10063824e-02, 0.00000000e+00, ...,
        6.20997351e-05, 6.61997961e-05, 1.26120512e-03],
       ...,
       [8.61022839e-05, 8.64763736e-05, 6.20997351e-05, ...,
        0.00000000e+00, 5.84590402e-03, 2.09226057e-02],
       [1.92082546e-06, 7.24616597e-05, 6.61997961e-05, ...,
        5.84590402e-03, 0.00000000e+00, 2.37918105e-02],
       [2.60210843e-03, 1.41179737e-03, 1.26120512e-03, ...,
        2.09226057e-02, 2.37918105e-02, 0.00000000e+00]], shape=(45, 45))}
{'bond-orders': array([[0.00000000e+00, 3.06561454e-01, 2.21819447e-02, ...,
        8.61022839e-05, 1.92082546e-06, 2.60210843e-03],
       [3.06561454e-01, 0.00000000e+00, 2.10063824e-02, ...,
        8.64763736e-05, 7.24616597e-05, 1.41179737e-03],
       [2.21819447e-02, 2.10063824e-02, 0.00000000e+00, ...,
        6.20997351e-05, 6.61997961e-05, 1.26120512e-03],
       ...,
       [8.61022839e-05, 8.64763736e-05, 6.20997351e-05, ...,
        0.00000000e+00, 5.84590402e-03, 2.09226057e-02],
       [1.92082546e-06, 7.24616597e-05, 6.61997961e-05, ...,
        5.84590402e-03, 0.00000000e+00, 2.37918105e-02],
       [2.60210843e-03, 1.41179737e-03, 1.26120512e-03, ...,
        2.09226057e-02, 2.37918105e-02, 0.00000000e+00]], shape=(45, 45)), 'molecular-dipole': array([-0.55211205,  1.44360807, -0.56499287])}
{'bond-orders': array([[0.00000000e+00, 3.06561454e-01, 2.21819447e-02, ...,
        8.61022839e-05, 1.92082546e-06, 2.60210843e-03],
       [3.06561454e-01, 0.00000000e+00, 2.10063824e-02, ...,
        8.64763736e-05, 7.24616597e-05, 1.41179737e-03],
       [2.21819447e-02, 2.10063824e-02, 0.00000000e+00, ...,
        6.20997351e-05, 6.61997961e-05, 1.26120512e-03],
       ...,
       [8.61022839e-05, 8.64763736e-05, 6.20997351e-05, ...,
        0.00000000e+00, 5.84590402e-03, 2.09226057e-02],
       [1.92082546e-06, 7.24616597e-05, 6.61997961e-05, ...,
        5.84590402e-03, 0.00000000e+00, 2.37918105e-02],
       [2.60210843e-03, 1.41179737e-03, 1.26120512e-03, ...,
        2.09226057e-02, 2.37918105e-02, 0.00000000e+00]], shape=(45, 45)), 'molecular-dipole': array([-0.55211205,  1.44360807, -0.56499287]), 'molecular-quadrupole': array([-17.79640734,  69.16750578,  23.90524849, -57.96833539,
       165.01237021,  -6.10884114])}
------------------------------------------------------------
  cycle        total energy    energy error   density error
------------------------------------------------------------
      1     -163.5536550511  -1.6331137E+02   8.8268691E-04
      2     -163.5531309169   5.2413421E-04   1.6145693E-03
      3     -163.5491790781   3.9518388E-03   3.7789834E-03
      4     -163.5535860486  -4.4069705E-03   6.6716209E-04
      5     -163.5536788130  -9.2764436E-05   3.0336504E-04
      6     -163.5536732552   5.5578643E-06   3.7291278E-04
      7     -163.5536809997  -7.7445314E-06   1.7090035E-04
      8     -163.5536828547  -1.8549955E-06   6.1265032E-05
      9     -163.5536832329  -3.7821786E-07   3.2674403E-05
     10     -163.5536833441  -1.1113789E-07   2.2539646E-05
     11     -163.5536834075  -6.3474516E-08   8.5590169E-06
------------------------------------------------------------

 total:                                  13.167 sec
3
{'bond-orders': array([[0.00000000e+00, 3.06598761e-01, 2.21676683e-02, ...,
        8.80564145e-05, 1.90833209e-06, 2.61252201e-03],
       [3.06598761e-01, 0.00000000e+00, 2.09787470e-02, ...,
        8.77567976e-05, 7.44813212e-05, 1.42241788e-03],
       [2.21676683e-02, 2.09787470e-02, 0.00000000e+00, ...,
        6.35396123e-05, 6.80188793e-05, 1.27220190e-03],
       ...,
       [8.80564145e-05, 8.77567976e-05, 6.35396123e-05, ...,
        0.00000000e+00, 5.90823187e-03, 2.09567982e-02],
       [1.90833209e-06, 7.44813212e-05, 6.80188793e-05, ...,
        5.90823187e-03, 0.00000000e+00, 2.39160264e-02],
       [2.61252201e-03, 1.42241788e-03, 1.27220190e-03, ...,
        2.09567982e-02, 2.39160264e-02, 0.00000000e+00]], shape=(45, 45))}
{'bond-orders': array([[0.00000000e+00, 3.06598761e-01, 2.21676683e-02, ...,
        8.80564145e-05, 1.90833209e-06, 2.61252201e-03],
       [3.06598761e-01, 0.00000000e+00, 2.09787470e-02, ...,
        8.77567976e-05, 7.44813212e-05, 1.42241788e-03],
       [2.21676683e-02, 2.09787470e-02, 0.00000000e+00, ...,
        6.35396123e-05, 6.80188793e-05, 1.27220190e-03],
       ...,
       [8.80564145e-05, 8.77567976e-05, 6.35396123e-05, ...,
        0.00000000e+00, 5.90823187e-03, 2.09567982e-02],
       [1.90833209e-06, 7.44813212e-05, 6.80188793e-05, ...,
        5.90823187e-03, 0.00000000e+00, 2.39160264e-02],
       [2.61252201e-03, 1.42241788e-03, 1.27220190e-03, ...,
        2.09567982e-02, 2.39160264e-02, 0.00000000e+00]], shape=(45, 45)), 'molecular-dipole': array([-0.54620617,  1.45523086, -0.59259494])}
{'bond-orders': array([[0.00000000e+00, 3.06598761e-01, 2.21676683e-02, ...,
        8.80564145e-05, 1.90833209e-06, 2.61252201e-03],
       [3.06598761e-01, 0.00000000e+00, 2.09787470e-02, ...,
        8.77567976e-05, 7.44813212e-05, 1.42241788e-03],
       [2.21676683e-02, 2.09787470e-02, 0.00000000e+00, ...,
        6.35396123e-05, 6.80188793e-05, 1.27220190e-03],
       ...,
       [8.80564145e-05, 8.77567976e-05, 6.35396123e-05, ...,
        0.00000000e+00, 5.90823187e-03, 2.09567982e-02],
       [1.90833209e-06, 7.44813212e-05, 6.80188793e-05, ...,
        5.90823187e-03, 0.00000000e+00, 2.39160264e-02],
       [2.61252201e-03, 1.42241788e-03, 1.27220190e-03, ...,
        2.09567982e-02, 2.39160264e-02, 0.00000000e+00]], shape=(45, 45)), 'molecular-dipole': array([-0.54620617,  1.45523086, -0.59259494]), 'molecular-quadrupole': array([-16.58467273,  69.96046741,  24.9923634 , -58.56074375,
       165.86515167,  -8.40769067])}
------------------------------------------------------------
  cycle        total energy    energy error   density error
------------------------------------------------------------
      1     -163.5537717260  -1.6331178E+02   9.5835580E-04
      2     -163.5535469900   2.2473601E-04   1.3677824E-03
      3     -163.5506164748   2.9305152E-03   3.1883457E-03
      4     -163.5536254178  -3.0089430E-03   8.6493839E-04
      5     -163.5537838787  -1.5846095E-04   4.5070240E-04
      6     -163.5537875895  -3.7107113E-06   4.2847023E-04
      7     -163.5537979043  -1.0314854E-05   1.4615630E-04
      8     -163.5537997931  -1.8887780E-06   5.5201234E-05
      9     -163.5538000752  -2.8210934E-07   3.1998725E-05
     10     -163.5538001582  -8.2992557E-08   2.0150575E-05
     11     -163.5538002005  -4.2359233E-08   7.7502942E-06
------------------------------------------------------------

 total:                                  13.266 sec
3
{'bond-orders': array([[0.00000000e+00, 3.06631595e-01, 2.21464102e-02, ...,
        9.13853106e-05, 2.03849215e-06, 2.62936549e-03],
       [3.06631595e-01, 0.00000000e+00, 2.09499835e-02, ...,
        8.99812227e-05, 7.67810870e-05, 1.44028751e-03],
       [2.21464102e-02, 2.09499835e-02, 0.00000000e+00, ...,
        6.58182377e-05, 7.05107299e-05, 1.29013410e-03],
       ...,
       [9.13853106e-05, 8.99812227e-05, 6.58182377e-05, ...,
        0.00000000e+00, 5.93418738e-03, 2.10391754e-02],
       [2.03849215e-06, 7.67810870e-05, 7.05107299e-05, ...,
        5.93418738e-03, 0.00000000e+00, 2.38892841e-02],
       [2.62936549e-03, 1.44028751e-03, 1.29013410e-03, ...,
        2.10391754e-02, 2.38892841e-02, 0.00000000e+00]], shape=(45, 45))}
{'bond-orders': array([[0.00000000e+00, 3.06631595e-01, 2.21464102e-02, ...,
        9.13853106e-05, 2.03849215e-06, 2.62936549e-03],
       [3.06631595e-01, 0.00000000e+00, 2.09499835e-02, ...,
        8.99812227e-05, 7.67810870e-05, 1.44028751e-03],
       [2.21464102e-02, 2.09499835e-02, 0.00000000e+00, ...,
        6.58182377e-05, 7.05107299e-05, 1.29013410e-03],
       ...,
       [9.13853106e-05, 8.99812227e-05, 6.58182377e-05, ...,
        0.00000000e+00, 5.93418738e-03, 2.10391754e-02],
       [2.03849215e-06, 7.67810870e-05, 7.05107299e-05, ...,
        5.93418738e-03, 0.00000000e+00, 2.38892841e-02],
       [2.62936549e-03, 1.44028751e-03, 1.29013410e-03, ...,
        2.10391754e-02, 2.38892841e-02, 0.00000000e+00]], shape=(45, 45)), 'molecular-dipole': array([-0.54108469,  1.47042729, -0.62006566])}
{'bond-orders': array([[0.00000000e+00, 3.06631595e-01, 2.21464102e-02, ...,
        9.13853106e-05, 2.03849215e-06, 2.62936549e-03],
       [3.06631595e-01, 0.00000000e+00, 2.09499835e-02, ...,
        8.99812227e-05, 7.67810870e-05, 1.44028751e-03],
       [2.21464102e-02, 2.09499835e-02, 0.00000000e+00, ...,
        6.58182377e-05, 7.05107299e-05, 1.29013410e-03],
       ...,
       [9.13853106e-05, 8.99812227e-05, 6.58182377e-05, ...,
        0.00000000e+00, 5.93418738e-03, 2.10391754e-02],
       [2.03849215e-06, 7.67810870e-05, 7.05107299e-05, ...,
        5.93418738e-03, 0.00000000e+00, 2.38892841e-02],
       [2.62936549e-03, 1.44028751e-03, 1.29013410e-03, ...,
        2.10391754e-02, 2.38892841e-02, 0.00000000e+00]], shape=(45, 45)), 'molecular-dipole': array([-0.54108469,  1.47042729, -0.62006566]), 'molecular-quadrupole': array([-15.41387584,  70.9108918 ,  26.13199774, -59.26578247,
       167.17390091, -10.7181219 ])}
Using Materials Project MACE for MACECalculator with /home/ans819/.cache/mace/20231203mace128L1_epoch199model
Using float32 for MACECalculator, which is faster but less accurate. Recommended for MD. Use float64 for geometry optimization.
Using head Default out of ['Default']
Default dtype float32 does not match model dtype float64, converting models to float32.
CHGNet v0.3.0 initialized with 412,525 parameters
CHGNet will run on cpu
   30  Ag     12    4.39   0.01         0    2    0   0.009   16.287239   10.330618   31.827967
   31  Ag      7    3.92   0.18         0    2    0   0.016   25.013013   13.892900   33.421068
   32  Ag      9    4.27   0.07         0    2    0   0.014   21.522703    9.618162   33.421068
   33  Ag      8    4.14   0.12         0    2    0   0.016   12.796930   13.180444   35.014169
   34  Ag      9    4.27   0.07         0    2    0   0.012    9.306621    8.905705   35.014169
   35  Ag      9    4.27   0.07         0    2    0   0.014   18.032394   12.467987   36.607270
   36  Ag      5    3.15   0.34         0    2    0   0.018   21.522703   16.742726   36.607270
   37  Ag      6    3.59   0.26         0    2    0   0.023   23.267858   11.755531   38.200371
   38  Ag      3    2.00   0.41         2    2    0   0.013   26.758167   16.030269   38.200371
   39  Ag      5    3.15   0.32         0    2    0   0.023   11.051775   11.043075   39.793472
   40  Ag      3    2.00   0.39         2    2    0   0.008   14.542085   15.317813   39.793472
   41  C       4    3.48   0.00         3    0    0   0.064   15.982642    3.452633   44.224041
   42  H       1    0.97   0.01         0    0    0  -0.095   14.424867    3.837630   45.574128
   43  H       1    0.97   0.01         0    0    0  -0.095   16.629409    1.485621   44.458630
   44  H       1    0.97   0.01         0    0    0  -0.095   17.547712    4.762348   44.732660
   45  O       2    1.88   0.00         3    0    0  -0.514   15.291627    4.012026   41.756130

          #atoms :   45
          #bonds :   138
          #angl  :   199
