/home/ans819/.conda/envs/autoflow/lib/python3.13/site-packages/e3nn/o3/_wigner.py:10: UserWarning: Environment variable TORCH_FORCE_NO_WEIGHTS_ONLY_LOAD detected, since the`weights_only` argument was not explicitly passed to `torch.load`, forcing weights_only=False.
  _Jd, _W3j_flat, _W3j_indices = torch.load(os.path.join(os.path.dirname(__file__), 'constants.pt'))

          ==================== Thresholds ====================
          CN  :   150.00000
          rep :   500.00000
          disp:  2500.00000
          HB1 :   250.00000
          HB2 :   450.00000

          Pauling EN used:
          Z : 1  EN :  2.20
          Z : 6  EN :  2.55
          Z : 8  EN :  3.44
          Z :47  EN :  1.93
          electric field strengths (au): 0.000

           ------------------------------------------------- 
          |           Force Field Initialization            |
           ------------------------------------------------- 

          distances ...
          ----------------------------------------
          generating topology and atomic info file ...
          pair mat ...
          computing topology distances matrix with Floyd-Warshall algo ...
          making topology EEQ charges ...
          #fragments for EEQ constrain: 1
          ----------------------------------------
          generating topology and atomic info file ...
          pair mat ...
          computing topology distances matrix with Floyd-Warshall algo ...
          making topology EEQ charges ...
          #fragments for EEQ constrain: 1
          rings ...
          # BATM   2954
          # H in HB   0

  atom   neighbors  erfCN metchar sp-hybrid imet pi  qest     coordinates
    1  Ag      2    1.35   0.37         2    2    0   0.006    3.967734    0.356229   24.617380
    2  Ag      5    3.15   0.31         0    2    0   0.020    7.458043    4.630967   24.617380
    3  Ag      9    4.27   0.07         0    2    0   0.009   16.183817    8.193249   26.210481
    4  Ag      7    3.92   0.19         0    2    0   0.015   12.693507    3.918511   26.210481
    5  Ag      7    3.92   0.19         0    2    0   0.014   21.419281    7.480793   27.803582
    6  Ag      6    3.59   0.27         0    2    0   0.014   17.928971    3.206054   27.803582
    7  Ag      9    4.27   0.07         0    2    0   0.016    9.203198    6.768336   29.396683
    8  Ag      6    3.59   0.23         0    2    0   0.023    5.712889    2.493598   29.396683
    9  Ag     12    4.39   0.01         0    2    0   0.005   14.438662    6.055880   30.989784
   10  Ag      7    3.92   0.19         0    2    0   0.020   10.948353    1.781141   30.989784
   11  Ag      9    4.27   0.07         0    2    0   0.009   19.674126    5.343423   32.582885
   12  Ag      6    3.59   0.27         0    2    0   0.016   16.183817    1.068685   32.582885
   13  Ag      8    4.14   0.11         0    2    0   0.029    7.458043    4.630967   34.175985
   14  Ag      3    2.00   0.37         2    2    0   0.032    3.967734    0.356229   34.175985
   15  Ag      8    4.14   0.12         0    2    0   0.016   12.693507    3.918511   35.769086
   16  Ag     10    4.34   0.04         0    2    0   0.008   16.183817    8.193249   35.769086
   17  Ag      5    3.15   0.34         0    2    0   0.018   17.928971    3.206054   37.362187
   18  Ag      6    3.59   0.26         0    2    0   0.014   21.419281    7.480793   37.362187
   19  Ag      4    2.82   0.26         3    2    0   0.120    5.712889    2.493598   38.955288
   20  Ag      5    3.15   0.32         0    2    0   0.036    9.203198    6.768336   38.955288
   21  Ag      6    3.59   0.26         0    2    0   0.017   10.948353    8.905705   24.617380
   22  Ag      5    3.15   0.34         0    2    0   0.016   14.438662   13.180444   24.617380
   23  Ag      4    2.61   0.38         3    2    0   0.019   23.164435   16.742726   26.210481
   24  Ag      8    4.14   0.12         0    2    0   0.013   19.674126   12.467987   26.210481
   25  Ag      3    2.00   0.39         2    2    0   0.014   28.399899   16.030269   27.803582
   26  Ag      7    3.92   0.19         0    2    0   0.016   24.909590   11.755531   27.803582
   27  Ag      6    3.59   0.27         0    2    0   0.013   16.183817   15.317813   29.396683
   28  Ag      9    4.27   0.07         0    2    0   0.010   12.693507   11.043075   29.396683
   29  Ag      9    4.27   0.07         0    2    0   0.011   21.419281   14.605357   30.989784
/home/ans819/.conda/envs/autoflow/lib/python3.13/site-packages/mace/calculators/mace.py:197: UserWarning: Environment variable TORCH_FORCE_NO_WEIGHTS_ONLY_LOAD detected, since the`weights_only` argument was not explicitly passed to `torch.load`, forcing weights_only=False.
  torch.load(f=model_path, map_location=device)
/home/ans819/.conda/envs/autoflow/lib/python3.13/site-packages/chgnet/model/model.py:898: UserWarning: Converting a tensor with requires_grad=True to a scalar may lead to unexpected behavior.
Consider using tensor.detach() first. (Triggered internally at /pytorch/torch/csrc/autograd/generated/python_variable_methods.cpp:836.)
  volumes = torch.tensor(volumes, dtype=TORCH_DTYPE, device=atomic_numbers.device)
cuequivariance or cuequivariance_torch is not available. Cuequivariance acceleration will be disabled.
------------------------------------------------------------
  cycle        total energy    energy error   density error
------------------------------------------------------------
      1     -163.2221777521  -1.6298350E+02   9.9738710E-01
      2     -160.7875325971   2.4346452E+00   6.2156944E-01
      3      658.2359245623   8.1902346E+02   1.9096334E+00
      4     -117.5072509897  -7.7574318E+02   8.6471439E-01
      5     -26.03475668943   9.1472494E+01   8.4174931E-01
      6     -138.0696974807  -1.1203494E+02   3.4935340E-01
      7     -159.9052298599  -2.1835532E+01   1.4671736E-01
      8     -160.3426474068  -4.3741755E-01   1.1399803E-01
      9     -162.2329881350  -1.8903407E+00   7.2254942E-02
     10     -163.4874656923  -1.2544776E+00   3.9813029E-02
     11     -163.5368196588  -4.9353966E-02   3.2811923E-02
     12     -163.5400999295  -3.2802707E-03   2.8081319E-02
     13     -163.5229251969   1.7174733E-02   2.6141899E-02
     14     -163.5227502449   1.7495198E-04   2.4325786E-02
     15     -163.5342000237  -1.1449779E-02   2.0982942E-02
     16     -163.5347419564  -5.4193277E-04   1.9612755E-02
     17     -163.5362111590  -1.4692026E-03   1.6444688E-02
     18     -163.5383446242  -2.1334651E-03   1.3982263E-02
     19     -163.5401608822  -1.8162580E-03   1.2706848E-02
     20     -163.5426551039  -2.4942217E-03   9.5446775E-03
     21     -163.5435628661  -9.0776217E-04   7.8991437E-03
     22     -163.5440328204  -4.6995436E-04   7.3928256E-03
     23     -163.5446229443  -5.9012382E-04   6.5813974E-03
     24     -163.5453565124  -7.3356812E-04   4.3159371E-03
     25     -163.5451661046   1.9040780E-04   4.0553476E-03
     26     -163.5455288796  -3.6277504E-04   2.5262903E-03
     27     -163.5457125429  -1.8366333E-04   1.5768599E-03
     28     -163.5457102786   2.2643530E-06   1.5010761E-03
     29     -163.5457232776  -1.2998962E-05   1.3506945E-03
     30     -163.5457645702  -4.1292685E-05   1.2075056E-03
     31     -163.5457790788  -1.4508585E-05   8.7209686E-04
     32     -163.5457808455  -1.7667204E-06   4.9604579E-04
     33     -163.5457917568  -1.0911243E-05   1.6954175E-04
     34     -163.5457925657  -8.0893440E-07   6.8091207E-05
     35     -163.5457928521  -2.8636734E-07   4.4860168E-05
     36     -163.5457928876  -3.5533844E-08   2.8288873E-05
     37     -163.5457929122  -2.4557352E-08   3.6650637E-06
------------------------------------------------------------

 total:                                  18.888 sec
3
{'bond-orders': array([[0.00000000e+00, 3.03873169e-01, 1.86438959e-02, ...,
        2.38770567e-04, 8.68594437e-05, 2.58369684e-03],
       [3.03873169e-01, 0.00000000e+00, 1.85632772e-02, ...,
        2.58524413e-04, 6.74821394e-05, 2.58866674e-03],
       [1.86438959e-02, 1.85632772e-02, 0.00000000e+00, ...,
        1.22756620e-04, 3.25524812e-05, 1.25242598e-03],
       ...,
       [2.38770567e-04, 2.58524413e-04, 1.22756620e-04, ...,
        0.00000000e+00, 3.17708506e-03, 1.94293097e-02],
       [8.68594437e-05, 6.74821394e-05, 3.25524812e-05, ...,
        3.17708506e-03, 0.00000000e+00, 1.87405210e-02],
       [2.58369684e-03, 2.58866674e-03, 1.25242598e-03, ...,
        1.94293097e-02, 1.87405210e-02, 0.00000000e+00]], shape=(45, 45))}
{'bond-orders': array([[0.00000000e+00, 3.03873169e-01, 1.86438959e-02, ...,
        2.38770567e-04, 8.68594437e-05, 2.58369684e-03],
       [3.03873169e-01, 0.00000000e+00, 1.85632772e-02, ...,
        2.58524413e-04, 6.74821394e-05, 2.58866674e-03],
       [1.86438959e-02, 1.85632772e-02, 0.00000000e+00, ...,
        1.22756620e-04, 3.25524812e-05, 1.25242598e-03],
       ...,
       [2.38770567e-04, 2.58524413e-04, 1.22756620e-04, ...,
        0.00000000e+00, 3.17708506e-03, 1.94293097e-02],
       [8.68594437e-05, 6.74821394e-05, 3.25524812e-05, ...,
        3.17708506e-03, 0.00000000e+00, 1.87405210e-02],
       [2.58369684e-03, 2.58866674e-03, 1.25242598e-03, ...,
        1.94293097e-02, 1.87405210e-02, 0.00000000e+00]], shape=(45, 45)), 'molecular-dipole': array([ 1.85041437,  2.57836667, -1.13959253])}
{'bond-orders': array([[0.00000000e+00, 3.03873169e-01, 1.86438959e-02, ...,
        2.38770567e-04, 8.68594437e-05, 2.58369684e-03],
       [3.03873169e-01, 0.00000000e+00, 1.85632772e-02, ...,
        2.58524413e-04, 6.74821394e-05, 2.58866674e-03],
       [1.86438959e-02, 1.85632772e-02, 0.00000000e+00, ...,
        1.22756620e-04, 3.25524812e-05, 1.25242598e-03],
       ...,
       [2.38770567e-04, 2.58524413e-04, 1.22756620e-04, ...,
        0.00000000e+00, 3.17708506e-03, 1.94293097e-02],
       [8.68594437e-05, 6.74821394e-05, 3.25524812e-05, ...,
        3.17708506e-03, 0.00000000e+00, 1.87405210e-02],
       [2.58369684e-03, 2.58866674e-03, 1.25242598e-03, ...,
        1.94293097e-02, 1.87405210e-02, 0.00000000e+00]], shape=(45, 45)), 'molecular-dipole': array([ 1.85041437,  2.57836667, -1.13959253]), 'molecular-quadrupole': array([ 49.52009084, 139.50932008,  25.86109882, 228.89999728,
       298.44936897, -75.38118966])}
------------------------------------------------------------
  cycle        total energy    energy error   density error
------------------------------------------------------------
      1     -163.5467238164  -1.6330911E+02   1.0286134E-03
      2     -163.5440590280   2.6647884E-03   3.0495098E-03
      3     -163.5431156214   9.4340659E-04   3.4722934E-03
      4     -163.5467344293  -3.6188078E-03   6.5692083E-04
      5     -163.5467419171  -7.4878772E-06   6.1532643E-04
      6     -163.5467547681  -1.2850956E-05   4.1166931E-04
      7     -163.5467624206  -7.6524825E-06   1.8546871E-04
      8     -163.5467646590  -2.2384414E-06   9.0446777E-05
      9     -163.5467648241  -1.6503947E-07   4.5538467E-05
     10     -163.5467650484  -2.2432380E-07   2.0903485E-05
     11     -163.5467651012  -5.2816119E-08   8.6256944E-06
------------------------------------------------------------

 total:                                  11.797 sec
3
{'bond-orders': array([[0.00000000e+00, 3.03878324e-01, 1.85812591e-02, ...,
        2.80519379e-04, 8.28481927e-05, 2.66717559e-03],
       [3.03878324e-01, 0.00000000e+00, 1.85210853e-02, ...,
        3.04153225e-04, 7.30091063e-05, 2.72837029e-03],
       [1.85812591e-02, 1.85210853e-02, 0.00000000e+00, ...,
        1.51372785e-04, 3.29399081e-05, 1.33878688e-03],
       ...,
       [2.80519379e-04, 3.04153225e-04, 1.51372785e-04, ...,
        0.00000000e+00, 3.24829364e-03, 2.00526567e-02],
       [8.28481927e-05, 7.30091063e-05, 3.29399081e-05, ...,
        3.24829364e-03, 0.00000000e+00, 1.91265185e-02],
       [2.66717559e-03, 2.72837029e-03, 1.33878688e-03, ...,
        2.00526567e-02, 1.91265185e-02, 0.00000000e+00]], shape=(45, 45))}
{'bond-orders': array([[0.00000000e+00, 3.03878324e-01, 1.85812591e-02, ...,
        2.80519379e-04, 8.28481927e-05, 2.66717559e-03],
       [3.03878324e-01, 0.00000000e+00, 1.85210853e-02, ...,
        3.04153225e-04, 7.30091063e-05, 2.72837029e-03],
       [1.85812591e-02, 1.85210853e-02, 0.00000000e+00, ...,
        1.51372785e-04, 3.29399081e-05, 1.33878688e-03],
       ...,
       [2.80519379e-04, 3.04153225e-04, 1.51372785e-04, ...,
        0.00000000e+00, 3.24829364e-03, 2.00526567e-02],
       [8.28481927e-05, 7.30091063e-05, 3.29399081e-05, ...,
        3.24829364e-03, 0.00000000e+00, 1.91265185e-02],
       [2.66717559e-03, 2.72837029e-03, 1.33878688e-03, ...,
        2.00526567e-02, 1.91265185e-02, 0.00000000e+00]], shape=(45, 45)), 'molecular-dipole': array([ 1.87256507,  2.62697624, -1.18139987])}
{'bond-orders': array([[0.00000000e+00, 3.03878324e-01, 1.85812591e-02, ...,
        2.80519379e-04, 8.28481927e-05, 2.66717559e-03],
       [3.03878324e-01, 0.00000000e+00, 1.85210853e-02, ...,
        3.04153225e-04, 7.30091063e-05, 2.72837029e-03],
       [1.85812591e-02, 1.85210853e-02, 0.00000000e+00, ...,
        1.51372785e-04, 3.29399081e-05, 1.33878688e-03],
       ...,
       [2.80519379e-04, 3.04153225e-04, 1.51372785e-04, ...,
        0.00000000e+00, 3.24829364e-03, 2.00526567e-02],
       [8.28481927e-05, 7.30091063e-05, 3.29399081e-05, ...,
        3.24829364e-03, 0.00000000e+00, 1.91265185e-02],
       [2.66717559e-03, 2.72837029e-03, 1.33878688e-03, ...,
        2.00526567e-02, 1.91265185e-02, 0.00000000e+00]], shape=(45, 45)), 'molecular-dipole': array([ 1.87256507,  2.62697624, -1.18139987]), 'molecular-quadrupole': array([ 51.66521518, 141.61349805,  27.66399504, 230.32618329,
       303.95804151, -79.32921022])}
------------------------------------------------------------
  cycle        total energy    energy error   density error
------------------------------------------------------------
      1     -163.5475475060  -1.6331118E+02   1.3847530E-03
      2     -163.5461527982   1.3947079E-03   2.7075622E-03
      3     -163.5395190863   6.6337119E-03   5.0898907E-03
      4     -163.5473351362  -7.8160499E-03   1.1917375E-03
      5     -163.5475603025  -2.2516636E-04   9.0378231E-04
      6     -163.5475823474  -2.2044826E-05   6.4257014E-04
      7     -163.5476057238  -2.3376468E-05   2.1909405E-04
      8     -163.5476088229  -3.0990481E-06   6.5193299E-05
      9     -163.5476089388  -1.1590060E-07   2.7404161E-05
     10     -163.5476089897  -5.0915929E-08   1.8858511E-05
------------------------------------------------------------

 total:                                  11.570 sec
3
{'bond-orders': array([[0.00000000e+00, 3.03917145e-01, 1.85006827e-02, ...,
        3.29869023e-04, 7.59189163e-05, 2.81176836e-03],
       [3.03917145e-01, 0.00000000e+00, 1.84737280e-02, ...,
        3.57928185e-04, 8.11029050e-05, 2.95852139e-03],
       [1.85006827e-02, 1.84737280e-02, 0.00000000e+00, ...,
        1.93496339e-04, 3.46564161e-05, 1.50803266e-03],
       ...,
       [3.29869023e-04, 3.57928185e-04, 1.93496339e-04, ...,
        0.00000000e+00, 3.30951822e-03, 2.02074482e-02],
       [7.59189163e-05, 8.11029050e-05, 3.46564161e-05, ...,
        3.30951822e-03, 0.00000000e+00, 1.97954069e-02],
       [2.81176836e-03, 2.95852139e-03, 1.50803266e-03, ...,
        2.02074482e-02, 1.97954069e-02, 0.00000000e+00]], shape=(45, 45))}
{'bond-orders': array([[0.00000000e+00, 3.03917145e-01, 1.85006827e-02, ...,
        3.29869023e-04, 7.59189163e-05, 2.81176836e-03],
       [3.03917145e-01, 0.00000000e+00, 1.84737280e-02, ...,
        3.57928185e-04, 8.11029050e-05, 2.95852139e-03],
       [1.85006827e-02, 1.84737280e-02, 0.00000000e+00, ...,
        1.93496339e-04, 3.46564161e-05, 1.50803266e-03],
       ...,
       [3.29869023e-04, 3.57928185e-04, 1.93496339e-04, ...,
        0.00000000e+00, 3.30951822e-03, 2.02074482e-02],
       [7.59189163e-05, 8.11029050e-05, 3.46564161e-05, ...,
        3.30951822e-03, 0.00000000e+00, 1.97954069e-02],
       [2.81176836e-03, 2.95852139e-03, 1.50803266e-03, ...,
        2.02074482e-02, 1.97954069e-02, 0.00000000e+00]], shape=(45, 45)), 'molecular-dipole': array([ 1.89771725,  2.69518472, -1.22816149])}
{'bond-orders': array([[0.00000000e+00, 3.03917145e-01, 1.85006827e-02, ...,
        3.29869023e-04, 7.59189163e-05, 2.81176836e-03],
       [3.03917145e-01, 0.00000000e+00, 1.84737280e-02, ...,
        3.57928185e-04, 8.11029050e-05, 2.95852139e-03],
       [1.85006827e-02, 1.84737280e-02, 0.00000000e+00, ...,
        1.93496339e-04, 3.46564161e-05, 1.50803266e-03],
       ...,
       [3.29869023e-04, 3.57928185e-04, 1.93496339e-04, ...,
        0.00000000e+00, 3.30951822e-03, 2.02074482e-02],
       [7.59189163e-05, 8.11029050e-05, 3.46564161e-05, ...,
        3.30951822e-03, 0.00000000e+00, 1.97954069e-02],
       [2.81176836e-03, 2.95852139e-03, 1.50803266e-03, ...,
        2.02074482e-02, 1.97954069e-02, 0.00000000e+00]], shape=(45, 45)), 'molecular-dipole': array([ 1.89771725,  2.69518472, -1.22816149]), 'molecular-quadrupole': array([ 54.05958832, 144.44093515,  29.74008243, 231.91035633,
       311.79547805, -83.79967075])}
------------------------------------------------------------
  cycle        total energy    energy error   density error
------------------------------------------------------------
      1     -163.5479856286  -1.6331177E+02   1.2293531E-03
      2     -163.5477452949   2.4033371E-04   1.9065263E-03
      3     -163.5467369766   1.0083182E-03   2.1431850E-03
      4     -163.5469796030  -2.4262637E-04   1.8705863E-03
      5     -163.5479273081  -9.4770505E-04   9.6135798E-04
      6     -163.5480056763  -7.8368242E-05   5.5745629E-04
      7     -163.5480251058  -1.9429471E-05   1.8437887E-04
      8     -163.5480272311  -2.1253445E-06   6.3381058E-05
      9     -163.5480273622  -1.3112688E-07   3.1986707E-05
     10     -163.5480273883  -2.6098860E-08   1.6877164E-05
------------------------------------------------------------

 total:                                  11.523 sec
3
{'bond-orders': array([[0.00000000e+00, 3.03959113e-01, 1.84469879e-02, ...,
        3.58829019e-04, 7.10018066e-05, 2.93930468e-03],
       [3.03959113e-01, 0.00000000e+00, 1.84476670e-02, ...,
        3.89320895e-04, 8.80988087e-05, 3.15135403e-03],
       [1.84469879e-02, 1.84476670e-02, 0.00000000e+00, ...,
        2.26138021e-04, 3.75234017e-05, 1.67635433e-03],
       ...,
       [3.58829019e-04, 3.89320895e-04, 2.26138021e-04, ...,
        0.00000000e+00, 3.37513325e-03, 2.00195899e-02],
       [7.10018066e-05, 8.80988087e-05, 3.75234017e-05, ...,
        3.37513325e-03, 0.00000000e+00, 2.05218272e-02],
       [2.93930468e-03, 3.15135403e-03, 1.67635433e-03, ...,
        2.00195899e-02, 2.05218272e-02, 0.00000000e+00]], shape=(45, 45))}
{'bond-orders': array([[0.00000000e+00, 3.03959113e-01, 1.84469879e-02, ...,
        3.58829019e-04, 7.10018066e-05, 2.93930468e-03],
       [3.03959113e-01, 0.00000000e+00, 1.84476670e-02, ...,
        3.89320895e-04, 8.80988087e-05, 3.15135403e-03],
       [1.84469879e-02, 1.84476670e-02, 0.00000000e+00, ...,
        2.26138021e-04, 3.75234017e-05, 1.67635433e-03],
       ...,
       [3.58829019e-04, 3.89320895e-04, 2.26138021e-04, ...,
        0.00000000e+00, 3.37513325e-03, 2.00195899e-02],
       [7.10018066e-05, 8.80988087e-05, 3.75234017e-05, ...,
        3.37513325e-03, 0.00000000e+00, 2.05218272e-02],
       [2.93930468e-03, 3.15135403e-03, 1.67635433e-03, ...,
        2.00195899e-02, 2.05218272e-02, 0.00000000e+00]], shape=(45, 45)), 'molecular-dipole': array([ 1.92099417,  2.75450531, -1.25500037])}
{'bond-orders': array([[0.00000000e+00, 3.03959113e-01, 1.84469879e-02, ...,
        3.58829019e-04, 7.10018066e-05, 2.93930468e-03],
       [3.03959113e-01, 0.00000000e+00, 1.84476670e-02, ...,
        3.89320895e-04, 8.80988087e-05, 3.15135403e-03],
       [1.84469879e-02, 1.84476670e-02, 0.00000000e+00, ...,
        2.26138021e-04, 3.75234017e-05, 1.67635433e-03],
       ...,
       [3.58829019e-04, 3.89320895e-04, 2.26138021e-04, ...,
        0.00000000e+00, 3.37513325e-03, 2.00195899e-02],
       [7.10018066e-05, 8.80988087e-05, 3.75234017e-05, ...,
        3.37513325e-03, 0.00000000e+00, 2.05218272e-02],
       [2.93930468e-03, 3.15135403e-03, 1.67635433e-03, ...,
        2.00195899e-02, 2.05218272e-02, 0.00000000e+00]], shape=(45, 45)), 'molecular-dipole': array([ 1.92099417,  2.75450531, -1.25500037]), 'molecular-quadrupole': array([ 55.7142091 , 147.21377216,  31.02327452, 233.83068313,
       318.74453318, -86.73748363])}
------------------------------------------------------------
  cycle        total energy    energy error   density error
------------------------------------------------------------
      1     -163.5481220887  -1.6331143E+02   4.7615422E-04
      2     -163.5479894751   1.3261353E-04   9.7131119E-04
      3     -163.5475796341   4.0984101E-04   1.3403559E-03
      4     -163.5479800923  -4.0045818E-04   7.3829069E-04
      5     -163.5481231217  -1.4302940E-04   3.4188369E-04
      6     -163.5481271828  -4.0610886E-06   2.1280287E-04
      7     -163.5481296607  -2.4779075E-06   8.1956239E-05
      8     -163.5481300869  -4.2619246E-07   3.4587050E-05
      9     -163.5481301493  -6.2404439E-08   1.7603831E-05
------------------------------------------------------------

 total:                                  11.293 sec
3
{'bond-orders': array([[0.00000000e+00, 3.03971119e-01, 1.84322434e-02, ...,
        3.60104734e-04, 6.94006112e-05, 2.97491274e-03],
       [3.03971119e-01, 0.00000000e+00, 1.84459235e-02, ...,
        3.90857171e-04, 9.03918000e-05, 3.20766510e-03],
       [1.84322434e-02, 1.84459235e-02, 0.00000000e+00, ...,
        2.32819646e-04, 3.86860937e-05, 1.73491196e-03],
       ...,
       [3.60104734e-04, 3.90857171e-04, 2.32819646e-04, ...,
        0.00000000e+00, 3.41031131e-03, 1.98561649e-02],
       [6.94006112e-05, 9.03918000e-05, 3.86860937e-05, ...,
        3.41031131e-03, 0.00000000e+00, 2.08444797e-02],
       [2.97491274e-03, 3.20766510e-03, 1.73491196e-03, ...,
        1.98561649e-02, 2.08444797e-02, 0.00000000e+00]], shape=(45, 45))}
{'bond-orders': array([[0.00000000e+00, 3.03971119e-01, 1.84322434e-02, ...,
        3.60104734e-04, 6.94006112e-05, 2.97491274e-03],
       [3.03971119e-01, 0.00000000e+00, 1.84459235e-02, ...,
        3.90857171e-04, 9.03918000e-05, 3.20766510e-03],
       [1.84322434e-02, 1.84459235e-02, 0.00000000e+00, ...,
        2.32819646e-04, 3.86860937e-05, 1.73491196e-03],
       ...,
       [3.60104734e-04, 3.90857171e-04, 2.32819646e-04, ...,
        0.00000000e+00, 3.41031131e-03, 1.98561649e-02],
       [6.94006112e-05, 9.03918000e-05, 3.86860937e-05, ...,
        3.41031131e-03, 0.00000000e+00, 2.08444797e-02],
       [2.97491274e-03, 3.20766510e-03, 1.73491196e-03, ...,
        1.98561649e-02, 2.08444797e-02, 0.00000000e+00]], shape=(45, 45)), 'molecular-dipole': array([ 1.92526153,  2.77162872, -1.26339799])}
{'bond-orders': array([[0.00000000e+00, 3.03971119e-01, 1.84322434e-02, ...,
        3.60104734e-04, 6.94006112e-05, 2.97491274e-03],
       [3.03971119e-01, 0.00000000e+00, 1.84459235e-02, ...,
        3.90857171e-04, 9.03918000e-05, 3.20766510e-03],
       [1.84322434e-02, 1.84459235e-02, 0.00000000e+00, ...,
        2.32819646e-04, 3.86860937e-05, 1.73491196e-03],
       ...,
       [3.60104734e-04, 3.90857171e-04, 2.32819646e-04, ...,
        0.00000000e+00, 3.41031131e-03, 1.98561649e-02],
       [6.94006112e-05, 9.03918000e-05, 3.86860937e-05, ...,
        3.41031131e-03, 0.00000000e+00, 2.08444797e-02],
       [2.97491274e-03, 3.20766510e-03, 1.73491196e-03, ...,
        1.98561649e-02, 2.08444797e-02, 0.00000000e+00]], shape=(45, 45)), 'molecular-dipole': array([ 1.92526153,  2.77162872, -1.26339799]), 'molecular-quadrupole': array([ 56.15155139, 147.98424858,  31.451388  , 234.21547531,
       320.85483507, -87.60293939])}
Using Materials Project MACE for MACECalculator with /home/ans819/.cache/mace/20231203mace128L1_epoch199model
Using float32 for MACECalculator, which is faster but less accurate. Recommended for MD. Use float64 for geometry optimization.
Using head Default out of ['Default']
Default dtype float32 does not match model dtype float64, converting models to float32.
CHGNet v0.3.0 initialized with 412,525 parameters
CHGNet will run on cpu
   30  Ag     12    4.39   0.01         0    2    0   0.005   17.928971   10.330618   30.989784
   31  Ag      7    3.92   0.18         0    2    0   0.018   26.654744   13.892900   32.582885
   32  Ag      9    4.27   0.07         0    2    0   0.011   23.164435    9.618162   32.582885
   33  Ag      8    4.14   0.12         0    2    0   0.012   14.438662   13.180444   34.175985
   34  Ag      9    4.27   0.07         0    2    0   0.013   10.948353    8.905705   34.175985
   35  Ag      9    4.27   0.07         0    2    0   0.010   19.674126   12.467987   35.769086
   36  Ag      5    3.15   0.34         0    2    0   0.019   23.164435   16.742726   35.769086
   37  Ag      6    3.59   0.26         0    2    0   0.018   24.909590   11.755531   37.362187
   38  Ag      3    2.00   0.41         2    2    0   0.014   28.399899   16.030269   37.362187
   39  Ag      5    3.15   0.32         0    2    0   0.025   12.693507   11.043075   38.955288
   40  Ag      3    2.00   0.39         2    2    0   0.011   16.183817   15.317813   38.955288
   41  C       4    3.48   0.00         3    0    0   0.065    5.953898    2.289667   45.114627
   42  H       1    0.97   0.01         0    0    0  -0.094    3.897656    2.152302   45.502728
   43  H       1    0.97   0.01         0    0    0  -0.094    6.987320    1.028505   46.412312
   44  H       1    0.97   0.01         0    0    0  -0.094    6.500587    4.283049   45.503277
   45  O       2    1.88   0.00         3    0    0  -0.508    6.500655    1.827026   42.591133

          #atoms :   45
          #bonds :   138
          #angl  :   197
          #tors  :   8
          #nmol  :   1
          #optfrag :   1
