/home/ans819/.conda/envs/autoflow/lib/python3.13/site-packages/e3nn/o3/_wigner.py:10: UserWarning: Environment variable TORCH_FORCE_NO_WEIGHTS_ONLY_LOAD detected, since the`weights_only` argument was not explicitly passed to `torch.load`, forcing weights_only=False.
  _Jd, _W3j_flat, _W3j_indices = torch.load(os.path.join(os.path.dirname(__file__), 'constants.pt'))

          ==================== Thresholds ====================
          CN  :   150.00000
          rep :   500.00000
          disp:  2500.00000
          HB1 :   250.00000
          HB2 :   450.00000

          Pauling EN used:
          Z : 1  EN :  2.20
          Z : 6  EN :  2.55
          Z : 8  EN :  3.44
          Z :47  EN :  1.93
          electric field strengths (au): 0.000

           ------------------------------------------------- 
          |           Force Field Initialization            |
           ------------------------------------------------- 

          distances ...
          ----------------------------------------
          generating topology and atomic info file ...
          pair mat ...
          computing topology distances matrix with Floyd-Warshall algo ...
          making topology EEQ charges ...
          #fragments for EEQ constrain: 1
          ----------------------------------------
          generating topology and atomic info file ...
          pair mat ...
          computing topology distances matrix with Floyd-Warshall algo ...
          making topology EEQ charges ...
          #fragments for EEQ constrain: 1
          rings ...
          # BATM   3238
          # H in HB   0

  atom   neighbors  erfCN metchar sp-hybrid imet pi  qest     coordinates
    1  Ag      2    1.35   0.37         2    2    0   0.000    3.199451    0.356229   26.332409
    2  Ag      5    3.15   0.31         0    2    0   0.015    6.689760    4.630967   26.332409
    3  Ag      9    4.27   0.07         0    2    0   0.009   15.415533    8.193249   27.925510
    4  Ag      7    3.92   0.19         0    2    0   0.013   11.925224    3.918511   27.925510
    5  Ag      7    3.92   0.19         0    2    0   0.013   20.650997    7.480793   29.518611
    6  Ag      6    3.59   0.27         0    2    0   0.012   17.160688    3.206054   29.518611
    7  Ag      9    4.27   0.07         0    2    0   0.007    8.434915    6.768336   31.111712
    8  Ag      6    3.59   0.23         0    2    0   0.019    4.944605    2.493598   31.111712
    9  Ag     12    4.39   0.01         0    2    0   0.009   13.670379    6.055880   32.704813
   10  Ag      7    3.92   0.19         0    2    0   0.025   10.180069    1.781141   32.704813
   11  Ag      9    4.27   0.07         0    2    0   0.019   18.905843    5.343423   34.297914
   12  Ag      6    3.59   0.27         0    2    0   0.025   15.415533    1.068685   34.297914
   13  Ag      8    4.14   0.11         0    2    0   0.024    6.689760    4.630967   35.891014
   14  Ag      3    2.00   0.37         2    2    0   0.013    3.199451    0.356229   35.891014
   15  Ag      9    4.21   0.10         0    2    0   0.088   11.925224    3.918511   37.484115
   16  Ag     11    4.36   0.03         0    2    0   0.083   15.415533    8.193249   37.484115
   17  Ag      5    3.22   0.36         0    2    0   0.019   17.160688    3.206054   39.077216
   18  Ag      6    3.59   0.26         0    2    0   0.025   20.650997    7.480793   39.077216
   19  Ag      3    2.00   0.37         2    2    0   0.012    4.944605    2.493598   40.670317
   20  Ag      5    3.17   0.32         0    2    0   0.029    8.434915    6.768336   40.670317
   21  Ag      6    3.59   0.26         0    2    0   0.010   10.180069    8.905705   26.332409
   22  Ag      5    3.15   0.34         0    2    0   0.011   13.670379   13.180444   26.332409
   23  Ag      4    2.61   0.38         3    2    0   0.014   22.396152   16.742726   27.925510
   24  Ag      8    4.14   0.12         0    2    0   0.014   18.905843   12.467987   27.925510
   25  Ag      3    2.00   0.39         2    2    0   0.007   27.631616   16.030269   29.518611
   26  Ag      7    3.92   0.19         0    2    0   0.011   24.141307   11.755531   29.518611
   27  Ag      6    3.59   0.27         0    2    0   0.014   15.415533   15.317813   31.111712
   28  Ag      9    4.27   0.07         0    2    0   0.006   11.925224   11.043075   31.111712
   29  Ag      9    4.27   0.07         0    2    0   0.011   20.650997   14.605357   32.704813
/home/ans819/.conda/envs/autoflow/lib/python3.13/site-packages/mace/calculators/mace.py:197: UserWarning: Environment variable TORCH_FORCE_NO_WEIGHTS_ONLY_LOAD detected, since the`weights_only` argument was not explicitly passed to `torch.load`, forcing weights_only=False.
  torch.load(f=model_path, map_location=device)
/home/ans819/.conda/envs/autoflow/lib/python3.13/site-packages/chgnet/model/model.py:898: UserWarning: Converting a tensor with requires_grad=True to a scalar may lead to unexpected behavior.
Consider using tensor.detach() first. (Triggered internally at /pytorch/torch/csrc/autograd/generated/python_variable_methods.cpp:836.)
  volumes = torch.tensor(volumes, dtype=TORCH_DTYPE, device=atomic_numbers.device)
cuequivariance or cuequivariance_torch is not available. Cuequivariance acceleration will be disabled.
------------------------------------------------------------
  cycle        total energy    energy error   density error
------------------------------------------------------------
      1     -163.3036778882  -1.6305877E+02   9.9809464E-01
      2     -162.2734481632   1.0302297E+00   6.1836126E-01
      3      158.0670598816   3.2034051E+02   1.6132279E+00
      4     -132.0044800745  -2.9007154E+02   6.1112638E-01
      5     -13.32307962006   1.1868140E+02   8.7585603E-01
      6     -150.7323380231  -1.3740926E+02   2.4182734E-01
      7     -154.4556831456  -3.7233451E+00   1.8771986E-01
      8     -162.4730059500  -8.0173228E+00   7.6781104E-02
      9     -163.1304108026  -6.5740485E-01   5.7878700E-02
     10     -163.4964105966  -3.6599979E-01   3.6391598E-02
     11     -163.5378794388  -4.1468842E-02   3.0466325E-02
     12     -163.5634961827  -2.5616744E-02   2.4593547E-02
     13     -163.5555698635   7.9263192E-03   2.3008555E-02
     14     -163.5603401605  -4.7702970E-03   2.0593095E-02
     15     -163.5657554144  -5.4152539E-03   1.8021783E-02
     16     -163.5669356629  -1.1802485E-03   1.5314490E-02
     17     -163.5675847224  -6.4905948E-04   1.3765381E-02
     18     -163.5681935418  -6.0881948E-04   1.2382171E-02
     19     -163.5684435743  -2.5003252E-04   1.1534946E-02
     20     -163.5688169238  -3.7334946E-04   9.6620192E-03
     21     -163.5690331761  -2.1625230E-04   8.2858395E-03
     22     -163.5691764988  -1.4332273E-04   7.5349567E-03
     23     -163.5695397014  -3.6320253E-04   5.6960498E-03
     24     -163.5697903638  -2.5066242E-04   3.6829989E-03
     25     -163.5699172880  -1.2692425E-04   2.7511904E-03
     26     -163.5699304641  -1.3176072E-05   2.5787810E-03
     27     -163.5699173503   1.3113784E-05   2.2816193E-03
     28     -163.5699190123  -1.6620207E-06   2.0280075E-03
     29     -163.5699231818  -4.1694663E-06   1.9478871E-03
     30     -163.5699396843  -1.6502518E-05   1.6781595E-03
     31     -163.5699665485  -2.6864211E-05   1.0629266E-03
     32     -163.5699823111  -1.5762580E-05   7.4113897E-04
     33     -163.5699949625  -1.2651392E-05   3.7786706E-04
     34     -163.5699973574  -2.3948623E-06   7.8171091E-05
     35     -163.5699976397  -2.8237716E-07   3.2547847E-05
     36     -163.5699976635  -2.3764841E-08   8.8275194E-06
------------------------------------------------------------

 total:                                  20.936 sec
3
{'bond-orders': array([[0.00000000e+00, 3.09880740e-01, 2.15479906e-02, ...,
        1.97092329e-04, 4.00103437e-05, 1.62963778e-03],
       [3.09880740e-01, 0.00000000e+00, 2.11294439e-02, ...,
        8.11730356e-05, 8.83660810e-05, 1.59416527e-03],
       [2.15479906e-02, 2.11294439e-02, 0.00000000e+00, ...,
        6.70212956e-05, 2.29663831e-04, 2.59768170e-03],
       ...,
       [1.97092329e-04, 8.11730356e-05, 6.70212956e-05, ...,
        0.00000000e+00, 3.99385609e-03, 2.10761174e-02],
       [4.00103437e-05, 8.83660810e-05, 2.29663831e-04, ...,
        3.99385609e-03, 0.00000000e+00, 1.79010827e-02],
       [1.62963778e-03, 1.59416527e-03, 2.59768170e-03, ...,
        2.10761174e-02, 1.79010827e-02, 0.00000000e+00]], shape=(45, 45))}
{'bond-orders': array([[0.00000000e+00, 3.09880740e-01, 2.15479906e-02, ...,
        1.97092329e-04, 4.00103437e-05, 1.62963778e-03],
       [3.09880740e-01, 0.00000000e+00, 2.11294439e-02, ...,
        8.11730356e-05, 8.83660810e-05, 1.59416527e-03],
       [2.15479906e-02, 2.11294439e-02, 0.00000000e+00, ...,
        6.70212956e-05, 2.29663831e-04, 2.59768170e-03],
       ...,
       [1.97092329e-04, 8.11730356e-05, 6.70212956e-05, ...,
        0.00000000e+00, 3.99385609e-03, 2.10761174e-02],
       [4.00103437e-05, 8.83660810e-05, 2.29663831e-04, ...,
        3.99385609e-03, 0.00000000e+00, 1.79010827e-02],
       [1.62963778e-03, 1.59416527e-03, 2.59768170e-03, ...,
        2.10761174e-02, 1.79010827e-02, 0.00000000e+00]], shape=(45, 45)), 'molecular-dipole': array([-0.24475468,  0.3389032 ,  0.49033493])}
{'bond-orders': array([[0.00000000e+00, 3.09880740e-01, 2.15479906e-02, ...,
        1.97092329e-04, 4.00103437e-05, 1.62963778e-03],
       [3.09880740e-01, 0.00000000e+00, 2.11294439e-02, ...,
        8.11730356e-05, 8.83660810e-05, 1.59416527e-03],
       [2.15479906e-02, 2.11294439e-02, 0.00000000e+00, ...,
        6.70212956e-05, 2.29663831e-04, 2.59768170e-03],
       ...,
       [1.97092329e-04, 8.11730356e-05, 6.70212956e-05, ...,
        0.00000000e+00, 3.99385609e-03, 2.10761174e-02],
       [4.00103437e-05, 8.83660810e-05, 2.29663831e-04, ...,
        3.99385609e-03, 0.00000000e+00, 1.79010827e-02],
       [1.62963778e-03, 1.59416527e-03, 2.59768170e-03, ...,
        2.10761174e-02, 1.79010827e-02, 0.00000000e+00]], shape=(45, 45)), 'molecular-dipole': array([-0.24475468,  0.3389032 ,  0.49033493]), 'molecular-quadrupole': array([-56.36206227,  25.91688958, -36.91063425,  15.0174407 ,
        53.04001599,  93.27269651])}
------------------------------------------------------------
  cycle        total energy    energy error   density error
------------------------------------------------------------
      1     -163.5705553122  -1.6332648E+02   8.8146305E-04
      2     -163.5702507913   3.0452090E-04   1.2806030E-03
      3     -163.5665917703   3.6590210E-03   3.5641506E-03
      4     -163.5702548680  -3.6630977E-03   1.2551613E-03
      5     -163.5705469539  -2.9208595E-04   5.3701382E-04
      6     -163.5705632713  -1.6317371E-05   2.4293338E-04
      7     -163.5705661981  -2.9267712E-06   1.0033332E-04
      8     -163.5705669422  -7.4415485E-07   7.1291966E-05
      9     -163.5705671376  -1.9542898E-07   3.9271679E-05
     10     -163.5705673211  -1.8343283E-07   2.4690856E-05
     11     -163.5705674080  -8.6916089E-08   1.2913066E-05
------------------------------------------------------------

 total:                                  13.475 sec
3
{'bond-orders': array([[0.00000000e+00, 3.09890711e-01, 2.15439620e-02, ...,
        1.99588700e-04, 3.74948190e-05, 1.65773176e-03],
       [3.09890711e-01, 0.00000000e+00, 2.11283257e-02, ...,
        8.16397274e-05, 7.76666367e-05, 1.58649185e-03],
       [2.15439620e-02, 2.11283257e-02, 0.00000000e+00, ...,
        6.50312301e-05, 2.04473854e-04, 2.55346493e-03],
       ...,
       [1.99588700e-04, 8.16397274e-05, 6.50312301e-05, ...,
        0.00000000e+00, 3.94320644e-03, 2.09041988e-02],
       [3.74948190e-05, 7.76666367e-05, 2.04473854e-04, ...,
        3.94320644e-03, 0.00000000e+00, 1.71441196e-02],
       [1.65773176e-03, 1.58649185e-03, 2.55346493e-03, ...,
        2.09041988e-02, 1.71441196e-02, 0.00000000e+00]], shape=(45, 45))}
{'bond-orders': array([[0.00000000e+00, 3.09890711e-01, 2.15439620e-02, ...,
        1.99588700e-04, 3.74948190e-05, 1.65773176e-03],
       [3.09890711e-01, 0.00000000e+00, 2.11283257e-02, ...,
        8.16397274e-05, 7.76666367e-05, 1.58649185e-03],
       [2.15439620e-02, 2.11283257e-02, 0.00000000e+00, ...,
        6.50312301e-05, 2.04473854e-04, 2.55346493e-03],
       ...,
       [1.99588700e-04, 8.16397274e-05, 6.50312301e-05, ...,
        0.00000000e+00, 3.94320644e-03, 2.09041988e-02],
       [3.74948190e-05, 7.76666367e-05, 2.04473854e-04, ...,
        3.94320644e-03, 0.00000000e+00, 1.71441196e-02],
       [1.65773176e-03, 1.58649185e-03, 2.55346493e-03, ...,
        2.09041988e-02, 1.71441196e-02, 0.00000000e+00]], shape=(45, 45)), 'molecular-dipole': array([-0.2493286 ,  0.31451663,  0.5160213 ])}
{'bond-orders': array([[0.00000000e+00, 3.09890711e-01, 2.15439620e-02, ...,
        1.99588700e-04, 3.74948190e-05, 1.65773176e-03],
       [3.09890711e-01, 0.00000000e+00, 2.11283257e-02, ...,
        8.16397274e-05, 7.76666367e-05, 1.58649185e-03],
       [2.15439620e-02, 2.11283257e-02, 0.00000000e+00, ...,
        6.50312301e-05, 2.04473854e-04, 2.55346493e-03],
       ...,
       [1.99588700e-04, 8.16397274e-05, 6.50312301e-05, ...,
        0.00000000e+00, 3.94320644e-03, 2.09041988e-02],
       [3.74948190e-05, 7.76666367e-05, 2.04473854e-04, ...,
        3.94320644e-03, 0.00000000e+00, 1.71441196e-02],
       [1.65773176e-03, 1.58649185e-03, 2.55346493e-03, ...,
        2.09041988e-02, 1.71441196e-02, 0.00000000e+00]], shape=(45, 45)), 'molecular-dipole': array([-0.2493286 ,  0.31451663,  0.5160213 ]), 'molecular-quadrupole': array([-57.47005241,  24.58333667, -38.16303511,  15.5576059 ,
        50.46197302,  95.63308752])}
------------------------------------------------------------
  cycle        total energy    energy error   density error
------------------------------------------------------------
      1     -163.5707921264  -1.6332744E+02   5.7141926E-04
      2     -163.5659430499   4.8490765E-03   3.9846919E-03
      3     -163.5704246957  -4.4816458E-03   1.2199795E-03
      4     -163.5708231453  -3.9844955E-04   2.7936821E-04
      5     -163.5708240742  -9.2890645E-07   2.3451803E-04
      6     -163.5708254946  -1.4203634E-06   1.9426475E-04
      7     -163.5708277287  -2.2340911E-06   4.5255669E-05
      8     -163.5708278329  -1.0427254E-07   2.7656602E-05
      9     -163.5708278549  -2.1975694E-08   1.4554795E-05
------------------------------------------------------------

 total:                                  12.804 sec
3
{'bond-orders': array([[0.00000000e+00, 3.09901557e-01, 2.15321215e-02, ...,
        2.01994632e-04, 3.60071501e-05, 1.68334532e-03],
       [3.09901557e-01, 0.00000000e+00, 2.11225789e-02, ...,
        8.16529110e-05, 7.40213127e-05, 1.58278644e-03],
       [2.15321215e-02, 2.11225789e-02, 0.00000000e+00, ...,
        6.40434869e-05, 1.95107455e-04, 2.51730938e-03],
       ...,
       [2.01994632e-04, 8.16529110e-05, 6.40434869e-05, ...,
        0.00000000e+00, 3.98433171e-03, 2.07434106e-02],
       [3.60071501e-05, 7.40213127e-05, 1.95107455e-04, ...,
        3.98433171e-03, 0.00000000e+00, 1.70625842e-02],
       [1.68334532e-03, 1.58278644e-03, 2.51730938e-03, ...,
        2.07434106e-02, 1.70625842e-02, 0.00000000e+00]], shape=(45, 45))}
{'bond-orders': array([[0.00000000e+00, 3.09901557e-01, 2.15321215e-02, ...,
        2.01994632e-04, 3.60071501e-05, 1.68334532e-03],
       [3.09901557e-01, 0.00000000e+00, 2.11225789e-02, ...,
        8.16529110e-05, 7.40213127e-05, 1.58278644e-03],
       [2.15321215e-02, 2.11225789e-02, 0.00000000e+00, ...,
        6.40434869e-05, 1.95107455e-04, 2.51730938e-03],
       ...,
       [2.01994632e-04, 8.16529110e-05, 6.40434869e-05, ...,
        0.00000000e+00, 3.98433171e-03, 2.07434106e-02],
       [3.60071501e-05, 7.40213127e-05, 1.95107455e-04, ...,
        3.98433171e-03, 0.00000000e+00, 1.70625842e-02],
       [1.68334532e-03, 1.58278644e-03, 2.51730938e-03, ...,
        2.07434106e-02, 1.70625842e-02, 0.00000000e+00]], shape=(45, 45)), 'molecular-dipole': array([-0.25877005,  0.29781642,  0.52035828])}
{'bond-orders': array([[0.00000000e+00, 3.09901557e-01, 2.15321215e-02, ...,
        2.01994632e-04, 3.60071501e-05, 1.68334532e-03],
       [3.09901557e-01, 0.00000000e+00, 2.11225789e-02, ...,
        8.16529110e-05, 7.40213127e-05, 1.58278644e-03],
       [2.15321215e-02, 2.11225789e-02, 0.00000000e+00, ...,
        6.40434869e-05, 1.95107455e-04, 2.51730938e-03],
       ...,
       [2.01994632e-04, 8.16529110e-05, 6.40434869e-05, ...,
        0.00000000e+00, 3.98433171e-03, 2.07434106e-02],
       [3.60071501e-05, 7.40213127e-05, 1.95107455e-04, ...,
        3.98433171e-03, 0.00000000e+00, 1.70625842e-02],
       [1.68334532e-03, 1.58278644e-03, 2.51730938e-03, ...,
        2.07434106e-02, 1.70625842e-02, 0.00000000e+00]], shape=(45, 45)), 'molecular-dipole': array([-0.25877005,  0.29781642,  0.52035828]), 'molecular-quadrupole': array([-57.87747024,  23.50382672, -38.45194844,  14.73332505,
        48.61216207,  96.32941868])}
------------------------------------------------------------
  cycle        total energy    energy error   density error
------------------------------------------------------------
      1     -163.5710392699  -1.6332834E+02   7.4889662E-04
      2     -163.5686057185   2.4335514E-03   2.9812167E-03
      3     -163.5685924898   1.3228663E-05   2.8502194E-03
      4     -163.5710571841  -2.4646942E-03   3.7975238E-04
      5     -163.5710646647  -7.4806691E-06   2.7773533E-04
      6     -163.5710643216   3.4313754E-07   3.1559356E-04
      7     -163.5710709741  -6.6525446E-06   9.1254396E-05
      8     -163.5710715098  -5.3568971E-07   2.7839878E-05
      9     -163.5710715141  -4.2760178E-09   2.3379073E-05
     10     -163.5710715298  -1.5702625E-08   1.3643312E-05
------------------------------------------------------------

 total:                                  13.067 sec
3
{'bond-orders': array([[0.00000000e+00, 3.09923005e-01, 2.15107098e-02, ...,
        2.05741226e-04, 3.42124709e-05, 1.72297791e-03],
       [3.09923005e-01, 0.00000000e+00, 2.11134285e-02, ...,
        8.13102049e-05, 7.23154001e-05, 1.57835109e-03],
       [2.15107098e-02, 2.11134285e-02, 0.00000000e+00, ...,
        6.30318214e-05, 1.89405208e-04, 2.46511963e-03],
       ...,
       [2.05741226e-04, 8.13102049e-05, 6.30318214e-05, ...,
        0.00000000e+00, 4.11884240e-03, 2.05415349e-02],
       [3.42124709e-05, 7.23154001e-05, 1.89405208e-04, ...,
        4.11884240e-03, 0.00000000e+00, 1.73524256e-02],
       [1.72297791e-03, 1.57835109e-03, 2.46511963e-03, ...,
        2.05415349e-02, 1.73524256e-02, 0.00000000e+00]], shape=(45, 45))}
{'bond-orders': array([[0.00000000e+00, 3.09923005e-01, 2.15107098e-02, ...,
        2.05741226e-04, 3.42124709e-05, 1.72297791e-03],
       [3.09923005e-01, 0.00000000e+00, 2.11134285e-02, ...,
        8.13102049e-05, 7.23154001e-05, 1.57835109e-03],
       [2.15107098e-02, 2.11134285e-02, 0.00000000e+00, ...,
        6.30318214e-05, 1.89405208e-04, 2.46511963e-03],
       ...,
       [2.05741226e-04, 8.13102049e-05, 6.30318214e-05, ...,
        0.00000000e+00, 4.11884240e-03, 2.05415349e-02],
       [3.42124709e-05, 7.23154001e-05, 1.89405208e-04, ...,
        4.11884240e-03, 0.00000000e+00, 1.73524256e-02],
       [1.72297791e-03, 1.57835109e-03, 2.46511963e-03, ...,
        2.05415349e-02, 1.73524256e-02, 0.00000000e+00]], shape=(45, 45)), 'molecular-dipole': array([-0.26118001,  0.29124449,  0.51342892])}
{'bond-orders': array([[0.00000000e+00, 3.09923005e-01, 2.15107098e-02, ...,
        2.05741226e-04, 3.42124709e-05, 1.72297791e-03],
       [3.09923005e-01, 0.00000000e+00, 2.11134285e-02, ...,
        8.13102049e-05, 7.23154001e-05, 1.57835109e-03],
       [2.15107098e-02, 2.11134285e-02, 0.00000000e+00, ...,
        6.30318214e-05, 1.89405208e-04, 2.46511963e-03],
       ...,
       [2.05741226e-04, 8.13102049e-05, 6.30318214e-05, ...,
        0.00000000e+00, 4.11884240e-03, 2.05415349e-02],
       [3.42124709e-05, 7.23154001e-05, 1.89405208e-04, ...,
        4.11884240e-03, 0.00000000e+00, 1.73524256e-02],
       [1.72297791e-03, 1.57835109e-03, 2.46511963e-03, ...,
        2.05415349e-02, 1.73524256e-02, 0.00000000e+00]], shape=(45, 45)), 'molecular-dipole': array([-0.26118001,  0.29124449,  0.51342892]), 'molecular-quadrupole': array([-57.69800361,  23.08899105, -38.28006459,  14.14785894,
        47.60612897,  95.9780682 ])}
Using Materials Project MACE for MACECalculator with /home/ans819/.cache/mace/20231203mace128L1_epoch199model
Using float32 for MACECalculator, which is faster but less accurate. Recommended for MD. Use float64 for geometry optimization.
Using head Default out of ['Default']
Default dtype float32 does not match model dtype float64, converting models to float32.
CHGNet v0.3.0 initialized with 412,525 parameters
CHGNet will run on cpu
   30  Ag     12    4.39   0.01         0    2    0   0.016   17.160688   10.330618   32.704813
   31  Ag      7    3.92   0.18         0    2    0   0.012   25.886461   13.892900   34.297914
   32  Ag      9    4.27   0.07         0    2    0   0.009   22.396152    9.618162   34.297914
   33  Ag      8    4.14   0.12         0    2    0   0.021   13.670379   13.180444   35.891014
   34  Ag      9    4.27   0.07         0    2    0   0.011   10.180069    8.905705   35.891014
   35  Ag      9    4.27   0.07         0    2    0   0.021   18.905843   12.467987   37.484115
   36  Ag      5    3.15   0.34         0    2    0   0.020   22.396152   16.742726   37.484115
   37  Ag      6    3.59   0.26         0    2    0   0.017   24.141307   11.755531   39.077216
   38  Ag      3    2.00   0.41         2    2    0   0.008   27.631616   16.030269   39.077216
   39  Ag      5    3.17   0.32         0    2    0   0.028   11.925224   11.043075   40.670317
   40  Ag      3    2.00   0.39         2    2    0   0.007   15.415533   15.317813   40.670317
   41  C       4    3.48   0.00         3    0    0   0.035   13.670379    6.055880   43.886734
   42  H       1    0.97   0.01         0    0    0  -0.106   15.607438    5.854442   44.664453
   43  H       1    0.97   0.01         0    0    0  -0.106   12.773909    7.753475   44.697283
   44  H       1    0.97   0.01         0    0    0  -0.106   12.603605    4.349553   44.498236
   45  O       3    1.74   0.00         3    0    0  -0.448   13.670379    6.055880   41.263568

          #atoms :   45
          #bonds :   139
          #angl  :   196
          #tors  :   6
          #nmol  :   1
          #optfrag :   1
