/home/ans819/.conda/envs/autoflow/lib/python3.13/site-packages/e3nn/o3/_wigner.py:10: UserWarning: Environment variable TORCH_FORCE_NO_WEIGHTS_ONLY_LOAD detected, since the`weights_only` argument was not explicitly passed to `torch.load`, forcing weights_only=False.
  _Jd, _W3j_flat, _W3j_indices = torch.load(os.path.join(os.path.dirname(__file__), 'constants.pt'))

          ==================== Thresholds ====================
          CN  :   150.00000
          rep :   500.00000
          disp:  2500.00000
          HB1 :   250.00000
          HB2 :   450.00000

          Pauling EN used:
          Z : 1  EN :  2.20
          Z : 6  EN :  2.55
          Z : 8  EN :  3.44
          Z :47  EN :  1.93
          electric field strengths (au): 0.000

           ------------------------------------------------- 
          |           Force Field Initialization            |
           ------------------------------------------------- 

          distances ...
          ----------------------------------------
          generating topology and atomic info file ...
          pair mat ...
          computing topology distances matrix with Floyd-Warshall algo ...
          making topology EEQ charges ...
          #fragments for EEQ constrain: 1
          ----------------------------------------
          generating topology and atomic info file ...
          pair mat ...
          computing topology distances matrix with Floyd-Warshall algo ...
          making topology EEQ charges ...
          #fragments for EEQ constrain: 1
          rings ...
          # BATM   3573
          # H in HB   0

  atom   neighbors  erfCN metchar sp-hybrid imet pi  qest     coordinates
    1  Ag      2    1.35   0.37         2    2    0   0.001    3.199451    0.356229   26.989401
    2  Ag      5    3.15   0.31         0    2    0   0.018    6.689760    4.630967   26.989401
    3  Ag      9    4.27   0.07         0    2    0   0.011   15.415533    8.193249   28.582502
    4  Ag      7    3.92   0.19         0    2    0   0.016   11.925224    3.918511   28.582502
    5  Ag      7    3.92   0.19         0    2    0   0.016   20.650997    7.480793   30.175603
    6  Ag      6    3.59   0.27         0    2    0   0.016   17.160688    3.206054   30.175603
    7  Ag      9    4.27   0.07         0    2    0   0.011    8.434915    6.768336   31.768704
    8  Ag      6    3.59   0.23         0    2    0   0.017    4.944605    2.493598   31.768704
    9  Ag     12    4.39   0.01         0    2    0   0.014   13.670379    6.055880   33.361805
   10  Ag      7    3.92   0.19         0    2    0   0.016   10.180069    1.781141   33.361805
   11  Ag      9    4.27   0.07         0    2    0   0.022   18.905843    5.343423   34.954906
   12  Ag      6    3.59   0.27         0    2    0   0.032   15.415533    1.068685   34.954906
   13  Ag      8    4.14   0.11         0    2    0   0.017    6.689760    4.630967   36.548007
   14  Ag      3    2.00   0.37         2    2    0   0.012    3.199451    0.356229   36.548007
   15  Ag      8    4.14   0.12         0    2    0   0.025   11.925224    3.918511   38.141108
   16  Ag     12    4.39   0.01         0    2    0   0.068   15.415533    8.193249   38.141108
   17  Ag      7    3.97   0.19         0    2    0   0.118   17.160688    3.206054   39.734209
   18  Ag      6    3.59   0.26         0    2    0   0.029   20.650997    7.480793   39.734209
   19  Ag      3    2.00   0.37         2    2    0   0.012    4.944605    2.493598   41.327310
   20  Ag      5    3.15   0.32         0    2    0   0.021    8.434915    6.768336   41.327310
   21  Ag      6    3.59   0.26         0    2    0   0.013   10.180069    8.905705   26.989401
   22  Ag      5    3.15   0.34         0    2    0   0.014   13.670379   13.180444   26.989401
   23  Ag      4    2.61   0.38         3    2    0   0.016   22.396152   16.742726   28.582502
   24  Ag      8    4.14   0.12         0    2    0   0.015   18.905843   12.467987   28.582502
   25  Ag      3    2.00   0.39         2    2    0   0.008   27.631616   16.030269   30.175603
   26  Ag      7    3.92   0.19         0    2    0   0.014   24.141307   11.755531   30.175603
   27  Ag      6    3.59   0.27         0    2    0   0.015   15.415533   15.317813   31.768704
   28  Ag      9    4.27   0.07         0    2    0   0.008   11.925224   11.043075   31.768704
   29  Ag      9    4.27   0.07         0    2    0   0.012   20.650997   14.605357   33.361805
/home/ans819/.conda/envs/autoflow/lib/python3.13/site-packages/mace/calculators/mace.py:197: UserWarning: Environment variable TORCH_FORCE_NO_WEIGHTS_ONLY_LOAD detected, since the`weights_only` argument was not explicitly passed to `torch.load`, forcing weights_only=False.
  torch.load(f=model_path, map_location=device)
/home/ans819/.conda/envs/autoflow/lib/python3.13/site-packages/chgnet/model/model.py:898: UserWarning: Converting a tensor with requires_grad=True to a scalar may lead to unexpected behavior.
Consider using tensor.detach() first. (Triggered internally at /pytorch/torch/csrc/autograd/generated/python_variable_methods.cpp:836.)
  volumes = torch.tensor(volumes, dtype=TORCH_DTYPE, device=atomic_numbers.device)
cuequivariance or cuequivariance_torch is not available. Cuequivariance acceleration will be disabled.
------------------------------------------------------------
  cycle        total energy    energy error   density error
------------------------------------------------------------
      1     -163.1487927336  -1.6290695E+02   9.9867318E-01
      2     -162.3076568803   8.4113585E-01   6.1991763E-01
      3     -10.19284873981   1.5211481E+02   1.4927615E+00
      4     -139.6819476543  -1.2948910E+02   4.6385861E-01
      5      90.62919550020   2.3031114E+02   1.2047722E+00
      6     -108.0891638414  -1.9871836E+02   4.4410690E-01
      7     -156.1795760841  -4.8090412E+01   1.8233117E-01
      8     -161.9864314392  -5.8068554E+00   9.7101096E-02
      9     -163.3060424450  -1.3196110E+00   5.0007038E-02
     10     -163.4174513288  -1.1140888E-01   4.2349215E-02
     11     -163.4743608475  -5.6909519E-02   3.7011057E-02
     12     -163.4889792827  -1.4618435E-02   2.8689885E-02
     13     -163.4882165756   7.6270714E-04   2.4424719E-02
     14     -163.4914048156  -3.1882400E-03   2.2239398E-02
     15     -163.4962845893  -4.8797736E-03   2.0905424E-02
     16     -163.4986318923  -2.3473030E-03   1.8301101E-02
     17     -163.4989376023  -3.0571006E-04   1.5423717E-02
     18     -163.4989587145  -2.1112135E-05   1.4635832E-02
     19     -163.5000935172  -1.1348027E-03   1.2140682E-02
     20     -163.5017377906  -1.6442734E-03   5.3632081E-03
     21     -163.5020421556  -3.0436503E-04   1.8014952E-03
     22     -163.5020488876  -6.7320071E-06   2.1144594E-03
     23     -163.5020821785  -3.3290932E-05   1.3298467E-03
     24     -163.5020836438  -1.4652746E-06   9.9363057E-04
     25     -163.5020907682  -7.1243552E-06   8.2362841E-04
     26     -163.5020917308  -9.6260834E-07   7.6764591E-04
     27     -163.5020911837   5.4712277E-07   7.6067522E-04
     28     -163.5020919158  -7.3213332E-07   7.5622243E-04
     29     -163.5020922127  -2.9694527E-07   7.5815708E-04
     30     -163.5020938529  -1.6401352E-06   7.4071173E-04
     31     -163.5020954921  -1.6392463E-06   6.8058432E-04
     32     -163.5020974995  -2.0074062E-06   6.1808483E-04
     33     -163.5020985056  -1.0060902E-06   5.6665944E-04
     34     -163.5021019226  -3.4170160E-06   3.2059717E-04
     35     -163.5021032489  -1.3262317E-06   1.1899092E-04
     36     -163.5021033571  -1.0819514E-07   7.1432391E-05
     37     -163.5021034252  -6.8135932E-08   1.8578984E-05
------------------------------------------------------------

 total:                                  21.558 sec
3
{'bond-orders': array([[0.00000000e+00, 3.06941002e-01, 2.19281438e-02, ...,
        1.09087448e-06, 1.28012919e-04, 1.21089840e-03],
       [3.06941002e-01, 0.00000000e+00, 2.10828450e-02, ...,
        1.60349679e-04, 2.64607336e-04, 1.47498954e-03],
       [2.19281438e-02, 2.10828450e-02, 0.00000000e+00, ...,
        2.66496267e-04, 3.46404941e-04, 3.03253573e-03],
       ...,
       [1.09087448e-06, 1.60349679e-04, 2.66496267e-04, ...,
        0.00000000e+00, 3.57917242e-03, 1.57915615e-02],
       [1.28012919e-04, 2.64607336e-04, 3.46404941e-04, ...,
        3.57917242e-03, 0.00000000e+00, 2.20774157e-02],
       [1.21089840e-03, 1.47498954e-03, 3.03253573e-03, ...,
        1.57915615e-02, 2.20774157e-02, 0.00000000e+00]], shape=(45, 45))}
{'bond-orders': array([[0.00000000e+00, 3.06941002e-01, 2.19281438e-02, ...,
        1.09087448e-06, 1.28012919e-04, 1.21089840e-03],
       [3.06941002e-01, 0.00000000e+00, 2.10828450e-02, ...,
        1.60349679e-04, 2.64607336e-04, 1.47498954e-03],
       [2.19281438e-02, 2.10828450e-02, 0.00000000e+00, ...,
        2.66496267e-04, 3.46404941e-04, 3.03253573e-03],
       ...,
       [1.09087448e-06, 1.60349679e-04, 2.66496267e-04, ...,
        0.00000000e+00, 3.57917242e-03, 1.57915615e-02],
       [1.28012919e-04, 2.64607336e-04, 3.46404941e-04, ...,
        3.57917242e-03, 0.00000000e+00, 2.20774157e-02],
       [1.21089840e-03, 1.47498954e-03, 3.03253573e-03, ...,
        1.57915615e-02, 2.20774157e-02, 0.00000000e+00]], shape=(45, 45)), 'molecular-dipole': array([-1.0830302 ,  2.08339174, -0.11832728])}
{'bond-orders': array([[0.00000000e+00, 3.06941002e-01, 2.19281438e-02, ...,
        1.09087448e-06, 1.28012919e-04, 1.21089840e-03],
       [3.06941002e-01, 0.00000000e+00, 2.10828450e-02, ...,
        1.60349679e-04, 2.64607336e-04, 1.47498954e-03],
       [2.19281438e-02, 2.10828450e-02, 0.00000000e+00, ...,
        2.66496267e-04, 3.46404941e-04, 3.03253573e-03],
       ...,
       [1.09087448e-06, 1.60349679e-04, 2.66496267e-04, ...,
        0.00000000e+00, 3.57917242e-03, 1.57915615e-02],
       [1.28012919e-04, 2.64607336e-04, 3.46404941e-04, ...,
        3.57917242e-03, 0.00000000e+00, 2.20774157e-02],
       [1.21089840e-03, 1.47498954e-03, 3.03253573e-03, ...,
        1.57915615e-02, 2.20774157e-02, 0.00000000e+00]], shape=(45, 45)), 'molecular-dipole': array([-1.0830302 ,  2.08339174, -0.11832728]), 'molecular-quadrupole': array([ -56.01110877,  101.66919627,   21.53728343, -112.21431918,
        267.06538895,   34.47382534])}
------------------------------------------------------------
  cycle        total energy    energy error   density error
------------------------------------------------------------
      1     -163.5075506009  -1.6326845E+02   3.7521327E-03
      2     -163.5060563565   1.4942444E-03   3.1540482E-03
      3     -163.4327135831   7.3342773E-02   1.5359138E-02
      4     -163.5066796354  -7.3966052E-02   2.4212598E-03
      5     -163.5072552834  -5.7564796E-04   2.3135066E-03
      6     -163.5077032490  -4.4796561E-04   1.0950028E-03
      7     -163.5077213332  -1.8084187E-05   6.2271842E-04
      8     -163.5077441983  -2.2865097E-05   3.9938666E-04
      9     -163.5077708039  -2.6605563E-05   1.7445766E-04
     10     -163.5077748779  -4.0740489E-06   8.9968555E-05
     11     -163.5077764421  -1.5642312E-06   3.6711971E-05
     12     -163.5077766800  -2.3782414E-07   1.6918882E-05
------------------------------------------------------------

 total:                                  13.609 sec
3
{'bond-orders': array([[0.00000000e+00, 3.06865748e-01, 2.18191057e-02, ...,
        2.28571254e-06, 1.36395435e-04, 1.03614203e-03],
       [3.06865748e-01, 0.00000000e+00, 2.10325511e-02, ...,
        1.92136357e-04, 2.63673158e-04, 1.46405706e-03],
       [2.18191057e-02, 2.10325511e-02, 0.00000000e+00, ...,
        3.76597825e-04, 3.57272738e-04, 3.40672472e-03],
       ...,
       [2.28571254e-06, 1.92136357e-04, 3.76597825e-04, ...,
        0.00000000e+00, 4.03545771e-03, 1.79381874e-02],
       [1.36395435e-04, 2.63673158e-04, 3.57272738e-04, ...,
        4.03545771e-03, 0.00000000e+00, 2.28914572e-02],
       [1.03614203e-03, 1.46405706e-03, 3.40672472e-03, ...,
        1.79381874e-02, 2.28914572e-02, 0.00000000e+00]], shape=(45, 45))}
{'bond-orders': array([[0.00000000e+00, 3.06865748e-01, 2.18191057e-02, ...,
        2.28571254e-06, 1.36395435e-04, 1.03614203e-03],
       [3.06865748e-01, 0.00000000e+00, 2.10325511e-02, ...,
        1.92136357e-04, 2.63673158e-04, 1.46405706e-03],
       [2.18191057e-02, 2.10325511e-02, 0.00000000e+00, ...,
        3.76597825e-04, 3.57272738e-04, 3.40672472e-03],
       ...,
       [2.28571254e-06, 1.92136357e-04, 3.76597825e-04, ...,
        0.00000000e+00, 4.03545771e-03, 1.79381874e-02],
       [1.36395435e-04, 2.63673158e-04, 3.57272738e-04, ...,
        4.03545771e-03, 0.00000000e+00, 2.28914572e-02],
       [1.03614203e-03, 1.46405706e-03, 3.40672472e-03, ...,
        1.79381874e-02, 2.28914572e-02, 0.00000000e+00]], shape=(45, 45)), 'molecular-dipole': array([-1.0898822 ,  2.05614583, -0.14812912])}
{'bond-orders': array([[0.00000000e+00, 3.06865748e-01, 2.18191057e-02, ...,
        2.28571254e-06, 1.36395435e-04, 1.03614203e-03],
       [3.06865748e-01, 0.00000000e+00, 2.10325511e-02, ...,
        1.92136357e-04, 2.63673158e-04, 1.46405706e-03],
       [2.18191057e-02, 2.10325511e-02, 0.00000000e+00, ...,
        3.76597825e-04, 3.57272738e-04, 3.40672472e-03],
       ...,
       [2.28571254e-06, 1.92136357e-04, 3.76597825e-04, ...,
        0.00000000e+00, 4.03545771e-03, 1.79381874e-02],
       [1.36395435e-04, 2.63673158e-04, 3.57272738e-04, ...,
        4.03545771e-03, 0.00000000e+00, 2.28914572e-02],
       [1.03614203e-03, 1.46405706e-03, 3.40672472e-03, ...,
        1.79381874e-02, 2.28914572e-02, 0.00000000e+00]], shape=(45, 45)), 'molecular-dipole': array([-1.0898822 ,  2.05614583, -0.14812912]), 'molecular-quadrupole': array([ -55.3341154 ,   99.6028455 ,   22.16364062, -114.27672426,
        262.32102076,   33.17047478])}
------------------------------------------------------------
  cycle        total energy    energy error   density error
------------------------------------------------------------
      1     -163.5126363173  -1.6327614E+02   4.4677367E-03
      2     -163.5093840184   3.2522989E-03   4.7514623E-03
      3     -163.4236119978   8.5772021E-02   1.6798375E-02
      4     -163.5094509999  -8.5839002E-02   4.3445736E-03
      5     -163.5123722106  -2.9212107E-03   2.4609784E-03
      6     -163.5128416879  -4.6947730E-04   1.3835655E-03
      7     -163.5129188687  -7.7180762E-05   8.7347199E-04
      8     -163.5129530063  -3.4137629E-05   4.3256195E-04
      9     -163.5129675523  -1.4546015E-05   2.8470729E-04
     10     -163.5129810575  -1.3505227E-05   1.2032404E-04
     11     -163.5129839896  -2.9321160E-06   4.6912158E-05
     12     -163.5129845285  -5.3885702E-07   1.6634930E-05
------------------------------------------------------------

 total:                                  13.562 sec
3
{'bond-orders': array([[0.00000000e+00, 3.06818212e-01, 2.16435319e-02, ...,
        2.00825153e-06, 1.43343129e-04, 8.77254461e-04],
       [3.06818212e-01, 0.00000000e+00, 2.09195113e-02, ...,
        2.30727507e-04, 2.64180341e-04, 1.44209423e-03],
       [2.16435319e-02, 2.09195113e-02, 0.00000000e+00, ...,
        5.52843706e-04, 3.76682020e-04, 3.81030062e-03],
       ...,
       [2.00825153e-06, 2.30727507e-04, 5.52843706e-04, ...,
        0.00000000e+00, 5.06811140e-03, 2.03014023e-02],
       [1.43343129e-04, 2.64180341e-04, 3.76682020e-04, ...,
        5.06811140e-03, 0.00000000e+00, 2.41943974e-02],
       [8.77254461e-04, 1.44209423e-03, 3.81030062e-03, ...,
        2.03014023e-02, 2.41943974e-02, 0.00000000e+00]], shape=(45, 45))}
{'bond-orders': array([[0.00000000e+00, 3.06818212e-01, 2.16435319e-02, ...,
        2.00825153e-06, 1.43343129e-04, 8.77254461e-04],
       [3.06818212e-01, 0.00000000e+00, 2.09195113e-02, ...,
        2.30727507e-04, 2.64180341e-04, 1.44209423e-03],
       [2.16435319e-02, 2.09195113e-02, 0.00000000e+00, ...,
        5.52843706e-04, 3.76682020e-04, 3.81030062e-03],
       ...,
       [2.00825153e-06, 2.30727507e-04, 5.52843706e-04, ...,
        0.00000000e+00, 5.06811140e-03, 2.03014023e-02],
       [1.43343129e-04, 2.64180341e-04, 3.76682020e-04, ...,
        5.06811140e-03, 0.00000000e+00, 2.41943974e-02],
       [8.77254461e-04, 1.44209423e-03, 3.81030062e-03, ...,
        2.03014023e-02, 2.41943974e-02, 0.00000000e+00]], shape=(45, 45)), 'molecular-dipole': array([-1.09724341,  2.06349461, -0.22409201])}
{'bond-orders': array([[0.00000000e+00, 3.06818212e-01, 2.16435319e-02, ...,
        2.00825153e-06, 1.43343129e-04, 8.77254461e-04],
       [3.06818212e-01, 0.00000000e+00, 2.09195113e-02, ...,
        2.30727507e-04, 2.64180341e-04, 1.44209423e-03],
       [2.16435319e-02, 2.09195113e-02, 0.00000000e+00, ...,
        5.52843706e-04, 3.76682020e-04, 3.81030062e-03],
       ...,
       [2.00825153e-06, 2.30727507e-04, 5.52843706e-04, ...,
        0.00000000e+00, 5.06811140e-03, 2.03014023e-02],
       [1.43343129e-04, 2.64180341e-04, 3.76682020e-04, ...,
        5.06811140e-03, 0.00000000e+00, 2.41943974e-02],
       [8.77254461e-04, 1.44209423e-03, 3.81030062e-03, ...,
        2.03014023e-02, 2.41943974e-02, 0.00000000e+00]], shape=(45, 45)), 'molecular-dipole': array([-1.09724341,  2.06349461, -0.22409201]), 'molecular-quadrupole': array([ -52.71532021,   99.3901481 ,   25.07779265, -118.80721214,
        261.30240656,   27.63752756])}
------------------------------------------------------------
  cycle        total energy    energy error   density error
------------------------------------------------------------
      1     -163.5169200008  -1.6327890E+02   4.5766174E-03
      2     -163.4658914100   5.1028591E-02   1.3429558E-02
      3     -163.4086504604   5.7240950E-02   1.8704828E-02
      4     -163.5175314889  -1.0888103E-01   2.3704714E-03
      5     -163.5174703755   6.1113314E-05   2.0782967E-03
      6     -163.5175750706  -1.0469503E-04   1.8683319E-03
      7     -163.5177699985  -1.9492795E-04   8.5412730E-04
      8     -163.5178087636  -3.8765091E-05   4.3383674E-04
      9     -163.5178146355  -5.8718441E-06   2.0598623E-04
     10     -163.5178173790  -2.7435629E-06   7.8818009E-05
     11     -163.5178181156  -7.3661690E-07   4.2693429E-05
     12     -163.5178185694  -4.5375472E-07   1.7125467E-05
------------------------------------------------------------

 total:                                  13.597 sec
3
{'bond-orders': array([[0.00000000e+00, 3.06719472e-01, 2.14304410e-02, ...,
        2.71598822e-06, 1.41696571e-04, 7.95149571e-04],
       [3.06719472e-01, 0.00000000e+00, 2.07687468e-02, ...,
        2.51922901e-04, 2.50740079e-04, 1.41014889e-03],
       [2.14304410e-02, 2.07687468e-02, 0.00000000e+00, ...,
        7.07473803e-04, 3.77084079e-04, 4.08741291e-03],
       ...,
       [2.71598822e-06, 2.51922901e-04, 7.07473803e-04, ...,
        0.00000000e+00, 6.49251701e-03, 2.16988323e-02],
       [1.41696571e-04, 2.50740079e-04, 3.77084079e-04, ...,
        6.49251701e-03, 0.00000000e+00, 2.50406645e-02],
       [7.95149571e-04, 1.41014889e-03, 4.08741291e-03, ...,
        2.16988323e-02, 2.50406645e-02, 0.00000000e+00]], shape=(45, 45))}
{'bond-orders': array([[0.00000000e+00, 3.06719472e-01, 2.14304410e-02, ...,
        2.71598822e-06, 1.41696571e-04, 7.95149571e-04],
       [3.06719472e-01, 0.00000000e+00, 2.07687468e-02, ...,
        2.51922901e-04, 2.50740079e-04, 1.41014889e-03],
       [2.14304410e-02, 2.07687468e-02, 0.00000000e+00, ...,
        7.07473803e-04, 3.77084079e-04, 4.08741291e-03],
       ...,
       [2.71598822e-06, 2.51922901e-04, 7.07473803e-04, ...,
        0.00000000e+00, 6.49251701e-03, 2.16988323e-02],
       [1.41696571e-04, 2.50740079e-04, 3.77084079e-04, ...,
        6.49251701e-03, 0.00000000e+00, 2.50406645e-02],
       [7.95149571e-04, 1.41014889e-03, 4.08741291e-03, ...,
        2.16988323e-02, 2.50406645e-02, 0.00000000e+00]], shape=(45, 45)), 'molecular-dipole': array([-1.10231723,  2.13574423, -0.37610089])}
{'bond-orders': array([[0.00000000e+00, 3.06719472e-01, 2.14304410e-02, ...,
        2.71598822e-06, 1.41696571e-04, 7.95149571e-04],
       [3.06719472e-01, 0.00000000e+00, 2.07687468e-02, ...,
        2.51922901e-04, 2.50740079e-04, 1.41014889e-03],
       [2.14304410e-02, 2.07687468e-02, 0.00000000e+00, ...,
        7.07473803e-04, 3.77084079e-04, 4.08741291e-03],
       ...,
       [2.71598822e-06, 2.51922901e-04, 7.07473803e-04, ...,
        0.00000000e+00, 6.49251701e-03, 2.16988323e-02],
       [1.41696571e-04, 2.50740079e-04, 3.77084079e-04, ...,
        6.49251701e-03, 0.00000000e+00, 2.50406645e-02],
       [7.95149571e-04, 1.41014889e-03, 4.08741291e-03, ...,
        2.16988323e-02, 2.50406645e-02, 0.00000000e+00]], shape=(45, 45)), 'molecular-dipole': array([-1.10231723,  2.13574423, -0.37610089]), 'molecular-quadrupole': array([ -46.86251528,  103.09273491,   31.9721295 , -126.88477304,
        267.66230155,   14.89038578])}
------------------------------------------------------------
  cycle        total energy    energy error   density error
------------------------------------------------------------
      1     -163.5200172392  -1.6327751E+02   5.5129742E-03
      2     -163.4323130414   8.7704198E-02   1.7605184E-02
      3     -163.3704397365   6.1873305E-02   2.2139730E-02
      4     -163.5207117909  -1.5027205E-01   2.8891716E-03
      5     -163.5215419601  -8.3016920E-04   1.8082734E-03
      6     -163.5214537724   8.8187750E-05   1.8537200E-03
      7     -163.5215367825  -8.3010100E-05   1.2141115E-03
      8     -163.5216612578  -1.2447530E-04   4.6759790E-04
      9     -163.5216736677  -1.2409914E-05   2.0341168E-04
     10     -163.5216758135  -2.1457359E-06   6.9305867E-05
     11     -163.5216759777  -1.6426898E-07   2.6360034E-05
     12     -163.5216760533  -7.5608511E-08   1.8276813E-05
------------------------------------------------------------

 total:                                  13.623 sec
3
{'bond-orders': array([[0.00000000e+00, 3.06568135e-01, 2.11959151e-02, ...,
        3.11159061e-06, 1.36254303e-04, 7.73200442e-04],
       [3.06568135e-01, 0.00000000e+00, 2.05813748e-02, ...,
        2.45536808e-04, 2.39684207e-04, 1.37699870e-03],
       [2.11959151e-02, 2.05813748e-02, 0.00000000e+00, ...,
        7.85810697e-04, 3.83678408e-04, 4.23791699e-03],
       ...,
       [3.11159061e-06, 2.45536808e-04, 7.85810697e-04, ...,
        0.00000000e+00, 7.96781806e-03, 2.23725105e-02],
       [1.36254303e-04, 2.39684207e-04, 3.83678408e-04, ...,
        7.96781806e-03, 0.00000000e+00, 2.55837932e-02],
       [7.73200442e-04, 1.37699870e-03, 4.23791699e-03, ...,
        2.23725105e-02, 2.55837932e-02, 0.00000000e+00]], shape=(45, 45))}
{'bond-orders': array([[0.00000000e+00, 3.06568135e-01, 2.11959151e-02, ...,
        3.11159061e-06, 1.36254303e-04, 7.73200442e-04],
       [3.06568135e-01, 0.00000000e+00, 2.05813748e-02, ...,
        2.45536808e-04, 2.39684207e-04, 1.37699870e-03],
       [2.11959151e-02, 2.05813748e-02, 0.00000000e+00, ...,
        7.85810697e-04, 3.83678408e-04, 4.23791699e-03],
       ...,
       [3.11159061e-06, 2.45536808e-04, 7.85810697e-04, ...,
        0.00000000e+00, 7.96781806e-03, 2.23725105e-02],
       [1.36254303e-04, 2.39684207e-04, 3.83678408e-04, ...,
        7.96781806e-03, 0.00000000e+00, 2.55837932e-02],
       [7.73200442e-04, 1.37699870e-03, 4.23791699e-03, ...,
        2.23725105e-02, 2.55837932e-02, 0.00000000e+00]], shape=(45, 45)), 'molecular-dipole': array([-1.1158411 ,  2.24730983, -0.59097463])}
{'bond-orders': array([[0.00000000e+00, 3.06568135e-01, 2.11959151e-02, ...,
        3.11159061e-06, 1.36254303e-04, 7.73200442e-04],
       [3.06568135e-01, 0.00000000e+00, 2.05813748e-02, ...,
        2.45536808e-04, 2.39684207e-04, 1.37699870e-03],
       [2.11959151e-02, 2.05813748e-02, 0.00000000e+00, ...,
        7.85810697e-04, 3.83678408e-04, 4.23791699e-03],
       ...,
       [3.11159061e-06, 2.45536808e-04, 7.85810697e-04, ...,
        0.00000000e+00, 7.96781806e-03, 2.23725105e-02],
       [1.36254303e-04, 2.39684207e-04, 3.83678408e-04, ...,
        7.96781806e-03, 0.00000000e+00, 2.55837932e-02],
       [7.73200442e-04, 1.37699870e-03, 4.23791699e-03, ...,
        2.23725105e-02, 2.55837932e-02, 0.00000000e+00]], shape=(45, 45)), 'molecular-dipole': array([-1.1158411 ,  2.24730983, -0.59097463]), 'molecular-quadrupole': array([ -38.54363078,  108.90722067,   42.13621282, -139.14668039,
        278.36115002,   -3.59258203])}
------------------------------------------------------------
  cycle        total energy    energy error   density error
------------------------------------------------------------
      1     -163.5228856615  -1.6327776E+02   4.3562723E-03
      2     -163.4747728607   4.8112801E-02   1.3142053E-02
      3     -163.4228712120   5.1901649E-02   1.8036332E-02
      4     -163.5227919890  -9.9920777E-02   2.5712159E-03
      5     -163.5238402683  -1.0482793E-03   1.2839868E-03
      6     -163.5239000256  -5.9757235E-05   9.6431465E-04
      7     -163.5239112513  -1.1225698E-05   6.0475154E-04
      8     -163.5239262153  -1.4964044E-05   4.4864643E-04
      9     -163.5239388189  -1.2603615E-05   1.7274018E-04
     10     -163.5239406654  -1.8464390E-06   6.1292387E-05
     11     -163.5239408230  -1.5764309E-07   2.3002588E-05
     12     -163.5239408577  -3.4672865E-08   1.5691093E-05
------------------------------------------------------------

 total:                                  13.642 sec
3
{'bond-orders': array([[0.00000000e+00, 3.06440948e-01, 2.10357065e-02, ...,
        6.17889033e-07, 1.29778870e-04, 8.11110124e-04],
       [3.06440948e-01, 0.00000000e+00, 2.04480540e-02, ...,
        2.18681186e-04, 2.35586737e-04, 1.35895469e-03],
       [2.10357065e-02, 2.04480540e-02, 0.00000000e+00, ...,
        7.51983342e-04, 3.92549731e-04, 4.22646608e-03],
       ...,
       [6.17889033e-07, 2.18681186e-04, 7.51983342e-04, ...,
        0.00000000e+00, 8.42803758e-03, 2.22942583e-02],
       [1.29778870e-04, 2.35586737e-04, 3.92549731e-04, ...,
        8.42803758e-03, 0.00000000e+00, 2.57136548e-02],
       [8.11110124e-04, 1.35895469e-03, 4.22646608e-03, ...,
        2.22942583e-02, 2.57136548e-02, 0.00000000e+00]], shape=(45, 45))}
{'bond-orders': array([[0.00000000e+00, 3.06440948e-01, 2.10357065e-02, ...,
        6.17889033e-07, 1.29778870e-04, 8.11110124e-04],
       [3.06440948e-01, 0.00000000e+00, 2.04480540e-02, ...,
        2.18681186e-04, 2.35586737e-04, 1.35895469e-03],
       [2.10357065e-02, 2.04480540e-02, 0.00000000e+00, ...,
        7.51983342e-04, 3.92549731e-04, 4.22646608e-03],
       ...,
       [6.17889033e-07, 2.18681186e-04, 7.51983342e-04, ...,
        0.00000000e+00, 8.42803758e-03, 2.22942583e-02],
       [1.29778870e-04, 2.35586737e-04, 3.92549731e-04, ...,
        8.42803758e-03, 0.00000000e+00, 2.57136548e-02],
       [8.11110124e-04, 1.35895469e-03, 4.22646608e-03, ...,
        2.22942583e-02, 2.57136548e-02, 0.00000000e+00]], shape=(45, 45)), 'molecular-dipole': array([-1.13097245,  2.33123724, -0.76181289])}
{'bond-orders': array([[0.00000000e+00, 3.06440948e-01, 2.10357065e-02, ...,
        6.17889033e-07, 1.29778870e-04, 8.11110124e-04],
       [3.06440948e-01, 0.00000000e+00, 2.04480540e-02, ...,
        2.18681186e-04, 2.35586737e-04, 1.35895469e-03],
       [2.10357065e-02, 2.04480540e-02, 0.00000000e+00, ...,
        7.51983342e-04, 3.92549731e-04, 4.22646608e-03],
       ...,
       [6.17889033e-07, 2.18681186e-04, 7.51983342e-04, ...,
        0.00000000e+00, 8.42803758e-03, 2.22942583e-02],
       [1.29778870e-04, 2.35586737e-04, 3.92549731e-04, ...,
        8.42803758e-03, 0.00000000e+00, 2.57136548e-02],
       [8.11110124e-04, 1.35895469e-03, 4.22646608e-03, ...,
        2.22942583e-02, 2.57136548e-02, 0.00000000e+00]], shape=(45, 45)), 'molecular-dipole': array([-1.13097245,  2.33123724, -0.76181289]), 'molecular-quadrupole': array([ -31.91271996,  113.29297133,   50.32120516, -149.44880459,
        286.55576241,  -18.4084852 ])}
------------------------------------------------------------
  cycle        total energy    energy error   density error
------------------------------------------------------------
      1     -163.5248763828  -1.6327867E+02   4.1896530E-03
      2     -163.4564902096   6.8386173E-02   1.5193066E-02
      3     -163.4559218889   5.6832063E-04   1.5236008E-02
      4     -163.5249925276  -6.9070639E-02   2.4024892E-03
      5     -163.5258630548  -8.7052720E-04   1.2444990E-03
      6     -163.5259652113  -1.0215652E-04   9.8261369E-04
      7     -163.5259713611  -6.1497815E-06   7.7462334E-04
      8     -163.5259997212  -2.8360150E-05   3.9806722E-04
      9     -163.5260113454  -1.1624127E-05   1.5226952E-04
     10     -163.5260124690  -1.1236847E-06   5.6486479E-05
     11     -163.5260125913  -1.2223643E-07   2.2120389E-05
     12     -163.5260126148  -2.3491310E-08   1.7244363E-05
------------------------------------------------------------

 total:                                  13.577 sec
3
{'bond-orders': array([[ 0.00000000e+00,  3.06310140e-01,  2.08840056e-02, ...,
        -3.99606379e-06,  1.21264846e-04,  8.89777128e-04],
       [ 3.06310140e-01,  0.00000000e+00,  2.03345142e-02, ...,
         1.83111267e-04,  2.33170865e-04,  1.34568082e-03],
       [ 2.08840056e-02,  2.03345142e-02,  0.00000000e+00, ...,
         6.68679793e-04,  3.99209902e-04,  4.15028413e-03],
       ...,
       [-3.99606379e-06,  1.83111267e-04,  6.68679793e-04, ...,
         0.00000000e+00,  8.09828315e-03,  2.19295481e-02],
       [ 1.21264846e-04,  2.33170865e-04,  3.99209902e-04, ...,
         8.09828315e-03,  0.00000000e+00,  2.57836110e-02],
       [ 8.89777128e-04,  1.34568082e-03,  4.15028413e-03, ...,
         2.19295481e-02,  2.57836110e-02,  0.00000000e+00]],
      shape=(45, 45))}
{'bond-orders': array([[ 0.00000000e+00,  3.06310140e-01,  2.08840056e-02, ...,
        -3.99606379e-06,  1.21264846e-04,  8.89777128e-04],
       [ 3.06310140e-01,  0.00000000e+00,  2.03345142e-02, ...,
         1.83111267e-04,  2.33170865e-04,  1.34568082e-03],
       [ 2.08840056e-02,  2.03345142e-02,  0.00000000e+00, ...,
         6.68679793e-04,  3.99209902e-04,  4.15028413e-03],
       ...,
       [-3.99606379e-06,  1.83111267e-04,  6.68679793e-04, ...,
         0.00000000e+00,  8.09828315e-03,  2.19295481e-02],
       [ 1.21264846e-04,  2.33170865e-04,  3.99209902e-04, ...,
         8.09828315e-03,  0.00000000e+00,  2.57836110e-02],
       [ 8.89777128e-04,  1.34568082e-03,  4.15028413e-03, ...,
         2.19295481e-02,  2.57836110e-02,  0.00000000e+00]],
      shape=(45, 45)), 'molecular-dipole': array([-1.14612265,  2.40057666, -0.92984001])}
{'bond-orders': array([[ 0.00000000e+00,  3.06310140e-01,  2.08840056e-02, ...,
        -3.99606379e-06,  1.21264846e-04,  8.89777128e-04],
       [ 3.06310140e-01,  0.00000000e+00,  2.03345142e-02, ...,
         1.83111267e-04,  2.33170865e-04,  1.34568082e-03],
       [ 2.08840056e-02,  2.03345142e-02,  0.00000000e+00, ...,
         6.68679793e-04,  3.99209902e-04,  4.15028413e-03],
       ...,
       [-3.99606379e-06,  1.83111267e-04,  6.68679793e-04, ...,
         0.00000000e+00,  8.09828315e-03,  2.19295481e-02],
       [ 1.21264846e-04,  2.33170865e-04,  3.99209902e-04, ...,
         8.09828315e-03,  0.00000000e+00,  2.57836110e-02],
       [ 8.89777128e-04,  1.34568082e-03,  4.15028413e-03, ...,
         2.19295481e-02,  2.57836110e-02,  0.00000000e+00]],
      shape=(45, 45)), 'molecular-dipole': array([-1.14612265,  2.40057666, -0.92984001]), 'molecular-quadrupole': array([ -25.3548947 ,  116.96426398,   58.24187064, -159.54228807,
        293.08899837,  -32.88697593])}
------------------------------------------------------------
  cycle        total energy    energy error   density error
------------------------------------------------------------
      1     -163.5272467107  -1.6328063E+02   2.9468920E-03
      2     -163.4811653101   4.6081401E-02   1.2325954E-02
      3     -163.4985735834  -1.7408273E-02   1.0000861E-02
      4     -163.5275173809  -2.8943798E-02   1.5300149E-03
      5     -163.5278349270  -3.1754610E-04   7.8232168E-04
      6     -163.5278778613  -4.2934290E-05   6.8333244E-04
      7     -163.5278813250  -3.4636999E-06   5.4780904E-04
      8     -163.5278968883  -1.5563297E-05   2.4357572E-04
      9     -163.5279017367  -4.8484027E-06   9.1410384E-05
     10     -163.5279022028  -4.6606291E-07   3.6773411E-05
     11     -163.5279022559  -5.3150444E-08   1.4086412E-05
------------------------------------------------------------

 total:                                  13.120 sec
3
{'bond-orders': array([[ 0.00000000e+00,  3.06176062e-01,  2.07406321e-02, ...,
        -7.92368974e-06,  1.13461091e-04,  9.55527196e-04],
       [ 3.06176062e-01,  0.00000000e+00,  2.02562649e-02, ...,
         1.58400205e-04,  2.30561682e-04,  1.33224656e-03],
       [ 2.07406321e-02,  2.02562649e-02,  0.00000000e+00, ...,
         6.11651375e-04,  4.00940493e-04,  4.13701281e-03],
       ...,
       [-7.92368974e-06,  1.58400205e-04,  6.11651375e-04, ...,
         0.00000000e+00,  7.25906054e-03,  2.17946378e-02],
       [ 1.13461091e-04,  2.30561682e-04,  4.00940493e-04, ...,
         7.25906054e-03,  0.00000000e+00,  2.59870508e-02],
       [ 9.55527196e-04,  1.33224656e-03,  4.13701281e-03, ...,
         2.17946378e-02,  2.59870508e-02,  0.00000000e+00]],
      shape=(45, 45))}
{'bond-orders': array([[ 0.00000000e+00,  3.06176062e-01,  2.07406321e-02, ...,
        -7.92368974e-06,  1.13461091e-04,  9.55527196e-04],
       [ 3.06176062e-01,  0.00000000e+00,  2.02562649e-02, ...,
         1.58400205e-04,  2.30561682e-04,  1.33224656e-03],
       [ 2.07406321e-02,  2.02562649e-02,  0.00000000e+00, ...,
         6.11651375e-04,  4.00940493e-04,  4.13701281e-03],
       ...,
       [-7.92368974e-06,  1.58400205e-04,  6.11651375e-04, ...,
         0.00000000e+00,  7.25906054e-03,  2.17946378e-02],
       [ 1.13461091e-04,  2.30561682e-04,  4.00940493e-04, ...,
         7.25906054e-03,  0.00000000e+00,  2.59870508e-02],
       [ 9.55527196e-04,  1.33224656e-03,  4.13701281e-03, ...,
         2.17946378e-02,  2.59870508e-02,  0.00000000e+00]],
      shape=(45, 45)), 'molecular-dipole': array([-1.14916339,  2.44225559, -1.058665  ])}
{'bond-orders': array([[ 0.00000000e+00,  3.06176062e-01,  2.07406321e-02, ...,
        -7.92368974e-06,  1.13461091e-04,  9.55527196e-04],
       [ 3.06176062e-01,  0.00000000e+00,  2.02562649e-02, ...,
         1.58400205e-04,  2.30561682e-04,  1.33224656e-03],
       [ 2.07406321e-02,  2.02562649e-02,  0.00000000e+00, ...,
         6.11651375e-04,  4.00940493e-04,  4.13701281e-03],
       ...,
       [-7.92368974e-06,  1.58400205e-04,  6.11651375e-04, ...,
         0.00000000e+00,  7.25906054e-03,  2.17946378e-02],
       [ 1.13461091e-04,  2.30561682e-04,  4.00940493e-04, ...,
         7.25906054e-03,  0.00000000e+00,  2.59870508e-02],
       [ 9.55527196e-04,  1.33224656e-03,  4.13701281e-03, ...,
         2.17946378e-02,  2.59870508e-02,  0.00000000e+00]],
      shape=(45, 45)), 'molecular-dipole': array([-1.14916339,  2.44225559, -1.058665  ]), 'molecular-quadrupole': array([ -20.16464694,  119.45663528,   64.05519669, -166.18682443,
        296.5396588 ,  -43.89054975])}
------------------------------------------------------------
  cycle        total energy    energy error   density error
------------------------------------------------------------
      1     -163.5298552677  -1.6328245E+02   2.9408226E-03
      2     -163.4971997087   3.2655559E-02   1.0577438E-02
      3     -163.4866395008   1.0560208E-02   1.1963147E-02
      4     -163.5302395767  -4.3600076E-02   1.2890879E-03
      5     -163.5303900333  -1.5045655E-04   6.8908373E-04
      6     -163.5303594751   3.0558141E-05   8.9997455E-04
      7     -163.5303990905  -3.9615371E-05   4.7651054E-04
      8     -163.5304120915  -1.3000994E-05   1.7241409E-04
      9     -163.5304141294  -2.0378674E-06   8.9496964E-05
     10     -163.5304144956  -3.6628177E-07   3.9430780E-05
     11     -163.5304145455  -4.9838519E-08   1.5604500E-05
------------------------------------------------------------

 total:                                  12.155 sec
3
{'bond-orders': array([[ 0.00000000e+00,  3.05968384e-01,  2.05302278e-02, ...,
        -1.09363864e-05,  1.04217058e-04,  1.01094768e-03],
       [ 3.05968384e-01,  0.00000000e+00,  2.01731007e-02, ...,
         1.39895688e-04,  2.25513051e-04,  1.30868011e-03],
       [ 2.05302278e-02,  2.01731007e-02,  0.00000000e+00, ...,
         5.90609821e-04,  4.00609565e-04,  4.25278543e-03],
       ...,
       [-1.09363864e-05,  1.39895688e-04,  5.90609821e-04, ...,
         0.00000000e+00,  5.96834610e-03,  2.21121966e-02],
       [ 1.04217058e-04,  2.25513051e-04,  4.00609565e-04, ...,
         5.96834610e-03,  0.00000000e+00,  2.64796620e-02],
       [ 1.01094768e-03,  1.30868011e-03,  4.25278543e-03, ...,
         2.21121966e-02,  2.64796620e-02,  0.00000000e+00]],
      shape=(45, 45))}
{'bond-orders': array([[ 0.00000000e+00,  3.05968384e-01,  2.05302278e-02, ...,
        -1.09363864e-05,  1.04217058e-04,  1.01094768e-03],
       [ 3.05968384e-01,  0.00000000e+00,  2.01731007e-02, ...,
         1.39895688e-04,  2.25513051e-04,  1.30868011e-03],
       [ 2.05302278e-02,  2.01731007e-02,  0.00000000e+00, ...,
         5.90609821e-04,  4.00609565e-04,  4.25278543e-03],
       ...,
       [-1.09363864e-05,  1.39895688e-04,  5.90609821e-04, ...,
         0.00000000e+00,  5.96834610e-03,  2.21121966e-02],
       [ 1.04217058e-04,  2.25513051e-04,  4.00609565e-04, ...,
         5.96834610e-03,  0.00000000e+00,  2.64796620e-02],
       [ 1.01094768e-03,  1.30868011e-03,  4.25278543e-03, ...,
         2.21121966e-02,  2.64796620e-02,  0.00000000e+00]],
      shape=(45, 45)), 'molecular-dipole': array([-1.14582304,  2.45983024, -1.1891895 ])}
{'bond-orders': array([[ 0.00000000e+00,  3.05968384e-01,  2.05302278e-02, ...,
        -1.09363864e-05,  1.04217058e-04,  1.01094768e-03],
       [ 3.05968384e-01,  0.00000000e+00,  2.01731007e-02, ...,
         1.39895688e-04,  2.25513051e-04,  1.30868011e-03],
       [ 2.05302278e-02,  2.01731007e-02,  0.00000000e+00, ...,
         5.90609821e-04,  4.00609565e-04,  4.25278543e-03],
       ...,
       [-1.09363864e-05,  1.39895688e-04,  5.90609821e-04, ...,
         0.00000000e+00,  5.96834610e-03,  2.21121966e-02],
       [ 1.04217058e-04,  2.25513051e-04,  4.00609565e-04, ...,
         5.96834610e-03,  0.00000000e+00,  2.64796620e-02],
       [ 1.01094768e-03,  1.30868011e-03,  4.25278543e-03, ...,
         2.21121966e-02,  2.64796620e-02,  0.00000000e+00]],
      shape=(45, 45)), 'molecular-dipole': array([-1.14582304,  2.45983024, -1.1891895 ]), 'molecular-quadrupole': array([ -14.81152187,  120.70598018,   69.50903502, -172.01469573,
        297.03211956,  -54.69751315])}
------------------------------------------------------------
  cycle        total energy    energy error   density error
------------------------------------------------------------
      1     -163.5322205434  -1.6328473E+02   1.7525508E-03
      2     -163.5311728669   1.0476765E-03   2.6134388E-03
      3     -163.5175600574   1.3612809E-02   6.7615704E-03
      4     -163.5322387601  -1.4678703E-02   9.2570382E-04
      5     -163.5322257171   1.3042962E-05   8.5322597E-04
      6     -163.5322728491  -4.7131919E-05   6.8846792E-04
      7     -163.5323075919  -3.4742790E-05   2.2838688E-04
      8     -163.5323103062  -2.7143134E-06   1.4282028E-04
      9     -163.5323112917  -9.8551084E-07   6.5936480E-05
     10     -163.5323115115  -2.1984286E-07   2.9664998E-05
     11     -163.5323116015  -9.0007489E-08   1.6426612E-05
------------------------------------------------------------

 total:                                  13.114 sec
3
