/home/ans819/.conda/envs/autoflow/lib/python3.13/site-packages/e3nn/o3/_wigner.py:10: UserWarning: Environment variable TORCH_FORCE_NO_WEIGHTS_ONLY_LOAD detected, since the`weights_only` argument was not explicitly passed to `torch.load`, forcing weights_only=False.
  _Jd, _W3j_flat, _W3j_indices = torch.load(os.path.join(os.path.dirname(__file__), 'constants.pt'))

          ==================== Thresholds ====================
          CN  :   150.00000
          rep :   500.00000
          disp:  2500.00000
          HB1 :   250.00000
          HB2 :   450.00000

          Pauling EN used:
          Z : 1  EN :  2.20
          Z : 6  EN :  2.55
          Z : 8  EN :  3.44
          Z :47  EN :  1.93
          electric field strengths (au): 0.000

           ------------------------------------------------- 
          |           Force Field Initialization            |
           ------------------------------------------------- 

          distances ...
          ----------------------------------------
          generating topology and atomic info file ...
          pair mat ...
          computing topology distances matrix with Floyd-Warshall algo ...
          making topology EEQ charges ...
          #fragments for EEQ constrain: 1
          ----------------------------------------
          generating topology and atomic info file ...
          pair mat ...
          computing topology distances matrix with Floyd-Warshall algo ...
          making topology EEQ charges ...
          #fragments for EEQ constrain: 1
          rings ...
          # BATM   3161
          # H in HB   0

  atom   neighbors  erfCN metchar sp-hybrid imet pi  qest     coordinates
    1  Ag      2    1.35   0.37         2    2    0   0.001    2.321878    0.356229   25.454278
    2  Ag      5    3.15   0.31         0    2    0   0.016    5.812188    4.630967   25.454278
    3  Ag      9    4.27   0.07         0    2    0   0.007   14.537961    8.193249   27.047379
    4  Ag      7    3.92   0.19         0    2    0   0.011   11.047652    3.918511   27.047379
    5  Ag      7    3.92   0.19         0    2    0   0.013   19.773425    7.480793   28.640480
    6  Ag      6    3.59   0.27         0    2    0   0.015   16.283115    3.206054   28.640480
    7  Ag      9    4.27   0.07         0    2    0   0.007    7.557342    6.768336   30.233581
    8  Ag      6    3.59   0.23         0    2    0   0.017    4.067033    2.493598   30.233581
    9  Ag     12    4.39   0.01         0    2    0   0.005   12.792806    6.055880   31.826682
   10  Ag      7    3.92   0.19         0    2    0   0.016    9.302497    1.781141   31.826682
   11  Ag      9    4.27   0.07         0    2    0   0.015   18.028270    5.343423   33.419783
   12  Ag      6    3.59   0.27         0    2    0   0.028   14.537961    1.068685   33.419783
   13  Ag      8    4.14   0.11         0    2    0   0.017    5.812188    4.630967   35.012884
   14  Ag      3    2.00   0.37         2    2    0   0.011    2.321878    0.356229   35.012884
   15  Ag      8    4.14   0.12         0    2    0   0.024   11.047652    3.918511   36.605985
   16  Ag     10    4.34   0.04         0    2    0   0.013   14.537961    8.193249   36.605985
   17  Ag      6    3.37   0.34         0    2    0   0.095   16.283115    3.206054   38.199086
   18  Ag      7    3.76   0.24         0    2    0   0.092   19.773425    7.480793   38.199086
   19  Ag      3    2.00   0.37         2    2    0   0.010    4.067033    2.493598   39.792187
   20  Ag      5    3.15   0.32         0    2    0   0.021    7.557342    6.768336   39.792187
   21  Ag      6    3.59   0.26         0    2    0   0.012    9.302497    8.905705   25.454278
   22  Ag      5    3.15   0.34         0    2    0   0.013   12.792806   13.180444   25.454278
   23  Ag      4    2.61   0.38         3    2    0   0.015   21.518579   16.742726   27.047379
   24  Ag      8    4.14   0.12         0    2    0   0.009   18.028270   12.467987   27.047379
   25  Ag      3    2.00   0.39         2    2    0   0.009   26.754043   16.030269   28.640480
   26  Ag      7    3.92   0.19         0    2    0   0.018   23.263734   11.755531   28.640480
   27  Ag      6    3.59   0.27         0    2    0   0.011   14.537961   15.317813   30.233581
   28  Ag      9    4.27   0.07         0    2    0   0.006   11.047652   11.043075   30.233581
   29  Ag      9    4.27   0.07         0    2    0   0.012   19.773425   14.605357   31.826682
/home/ans819/.conda/envs/autoflow/lib/python3.13/site-packages/mace/calculators/mace.py:197: UserWarning: Environment variable TORCH_FORCE_NO_WEIGHTS_ONLY_LOAD detected, since the`weights_only` argument was not explicitly passed to `torch.load`, forcing weights_only=False.
  torch.load(f=model_path, map_location=device)
/home/ans819/.conda/envs/autoflow/lib/python3.13/site-packages/chgnet/model/model.py:898: UserWarning: Converting a tensor with requires_grad=True to a scalar may lead to unexpected behavior.
Consider using tensor.detach() first. (Triggered internally at /pytorch/torch/csrc/autograd/generated/python_variable_methods.cpp:836.)
  volumes = torch.tensor(volumes, dtype=TORCH_DTYPE, device=atomic_numbers.device)
cuequivariance or cuequivariance_torch is not available. Cuequivariance acceleration will be disabled.
------------------------------------------------------------
  cycle        total energy    energy error   density error
------------------------------------------------------------
      1     -163.2577092294  -1.6301499E+02   9.9728831E-01
      2     -160.9156570310   2.3420522E+00   6.2237289E-01
      3      683.1299669391   8.4404562E+02   2.0327207E+00
      4     -108.7701444278  -7.9190011E+02   9.4741482E-01
      5     -58.31618519450   5.0453959E+01   6.9056843E-01
      6     -159.0878075304  -1.0077162E+02   2.3984314E-01
      7     -155.4842124558   3.6035951E+00   1.7277551E-01
      8     -157.3713143767  -1.8871019E+00   1.5332768E-01
      9     -163.4523821594  -6.0810678E+00   5.1808845E-02
     10     -163.1132996388   3.3908252E-01   5.0908561E-02
     11     -163.3181218821  -2.0482224E-01   4.3725645E-02
     12     -163.3728388293  -5.4716947E-02   3.9456855E-02
     13     -163.5474538620  -1.7461503E-01   2.7413101E-02
     14     -163.5480427907  -5.8892874E-04   2.4964064E-02
     15     -163.5487881971  -7.4540635E-04   2.2095504E-02
     16     -163.5450074113   3.7807858E-03   1.8993442E-02
     17     -163.5499537288  -4.9463174E-03   1.7124238E-02
     18     -163.5518647701  -1.9110413E-03   1.6197160E-02
     19     -163.5551468324  -3.2820623E-03   1.3669966E-02
     20     -163.5568108351  -1.6640027E-03   1.2364850E-02
     21     -163.5579211196  -1.1102845E-03   1.1583023E-02
     22     -163.5587898298  -8.6871021E-04   1.0343625E-02
     23     -163.5604861398  -1.6963101E-03   8.0497820E-03
     24     -163.5608511225  -3.6498261E-04   7.7352565E-03
     25     -163.5622080357  -1.3569132E-03   5.8346368E-03
     26     -163.5627033611  -4.9532540E-04   4.1875286E-03
     27     -163.5633037794  -6.0041834E-04   2.2766121E-03
     28     -163.5634988863  -1.9510692E-04   6.3153958E-04
     29     -163.5634940557   4.8306007E-06   7.3852683E-04
     30     -163.5634984436  -4.3878803E-06   6.4864539E-04
     31     -163.5635047250  -6.2813841E-06   4.3137787E-04
     32     -163.5635053023  -5.7732882E-07   3.8772539E-04
     33     -163.5635055087  -2.0638933E-07   3.5892551E-04
     34     -163.5635066298  -1.1210499E-06   2.5160362E-04
     35     -163.5635083481  -1.7183582E-06   4.4327181E-05
     36     -163.5635083292   1.8911578E-08   3.7506090E-05
     37     -163.5635083730  -4.3802288E-08   1.0543509E-05
------------------------------------------------------------

 total:                                  21.562 sec
3
{'bond-orders': array([[0.00000000e+00, 3.11319760e-01, 2.15910403e-02, ...,
        4.91938218e-05, 1.10011655e-04, 1.42495525e-03],
       [3.11319760e-01, 0.00000000e+00, 2.15628608e-02, ...,
        1.74335257e-05, 6.67620379e-05, 1.37105033e-03],
       [2.15910403e-02, 2.15628608e-02, 0.00000000e+00, ...,
        3.79493538e-05, 4.45720815e-05, 8.94273263e-04],
       ...,
       [4.91938218e-05, 1.74335257e-05, 3.79493538e-05, ...,
        0.00000000e+00, 4.52054607e-03, 2.02267454e-02],
       [1.10011655e-04, 6.67620379e-05, 4.45720815e-05, ...,
        4.52054607e-03, 0.00000000e+00, 1.84316951e-02],
       [1.42495525e-03, 1.37105033e-03, 8.94273263e-04, ...,
        2.02267454e-02, 1.84316951e-02, 0.00000000e+00]], shape=(45, 45))}
{'bond-orders': array([[0.00000000e+00, 3.11319760e-01, 2.15910403e-02, ...,
        4.91938218e-05, 1.10011655e-04, 1.42495525e-03],
       [3.11319760e-01, 0.00000000e+00, 2.15628608e-02, ...,
        1.74335257e-05, 6.67620379e-05, 1.37105033e-03],
       [2.15910403e-02, 2.15628608e-02, 0.00000000e+00, ...,
        3.79493538e-05, 4.45720815e-05, 8.94273263e-04],
       ...,
       [4.91938218e-05, 1.74335257e-05, 3.79493538e-05, ...,
        0.00000000e+00, 4.52054607e-03, 2.02267454e-02],
       [1.10011655e-04, 6.67620379e-05, 4.45720815e-05, ...,
        4.52054607e-03, 0.00000000e+00, 1.84316951e-02],
       [1.42495525e-03, 1.37105033e-03, 8.94273263e-04, ...,
        2.02267454e-02, 1.84316951e-02, 0.00000000e+00]], shape=(45, 45)), 'molecular-dipole': array([-1.61549804,  0.4392196 , -0.58352414])}
{'bond-orders': array([[0.00000000e+00, 3.11319760e-01, 2.15910403e-02, ...,
        4.91938218e-05, 1.10011655e-04, 1.42495525e-03],
       [3.11319760e-01, 0.00000000e+00, 2.15628608e-02, ...,
        1.74335257e-05, 6.67620379e-05, 1.37105033e-03],
       [2.15910403e-02, 2.15628608e-02, 0.00000000e+00, ...,
        3.79493538e-05, 4.45720815e-05, 8.94273263e-04],
       ...,
       [4.91938218e-05, 1.74335257e-05, 3.79493538e-05, ...,
        0.00000000e+00, 4.52054607e-03, 2.02267454e-02],
       [1.10011655e-04, 6.67620379e-05, 4.45720815e-05, ...,
        4.52054607e-03, 0.00000000e+00, 1.84316951e-02],
       [1.42495525e-03, 1.37105033e-03, 8.94273263e-04, ...,
        2.02267454e-02, 1.84316951e-02, 0.00000000e+00]], shape=(45, 45)), 'molecular-dipole': array([-1.61549804,  0.4392196 , -0.58352414]), 'molecular-quadrupole': array([ -43.04373861,   -4.26190059,   21.42800291, -194.64229004,
         41.10549061,   21.6157357 ])}
------------------------------------------------------------
  cycle        total energy    energy error   density error
------------------------------------------------------------
      1     -163.5644414247  -1.6332136E+02   1.1347962E-03
      2     -163.5605208358   3.9205889E-03   3.7748884E-03
      3     -163.5588642016   1.6566342E-03   4.2826192E-03
      4     -163.5644115019  -5.5473003E-03   9.3787139E-04
      5     -163.5644593860  -4.7884112E-05   6.7279302E-04
      6     -163.5644898357  -3.0449659E-05   3.1648523E-04
      7     -163.5644950496  -5.2139566E-06   1.2650241E-04
      8     -163.5644951867  -1.3707114E-07   1.0267883E-04
      9     -163.5644955714  -3.8470523E-07   4.7217486E-05
     10     -163.5644956046  -3.3214491E-08   2.3233345E-05
     11     -163.5644956629  -5.8285138E-08   1.3270250E-05
------------------------------------------------------------

 total:                                  13.356 sec
3
{'bond-orders': array([[0.00000000e+00, 3.11339158e-01, 2.16048950e-02, ...,
        4.39798671e-05, 9.19604178e-05, 1.35266802e-03],
       [3.11339158e-01, 0.00000000e+00, 2.15774362e-02, ...,
        1.82364365e-05, 5.62986153e-05, 1.34109493e-03],
       [2.16048950e-02, 2.15774362e-02, 0.00000000e+00, ...,
        3.85612713e-05, 3.71636100e-05, 8.89522260e-04],
       ...,
       [4.39798671e-05, 1.82364365e-05, 3.85612713e-05, ...,
        0.00000000e+00, 4.43287376e-03, 1.99704168e-02],
       [9.19604178e-05, 5.62986153e-05, 3.71636100e-05, ...,
        4.43287376e-03, 0.00000000e+00, 1.76830513e-02],
       [1.35266802e-03, 1.34109493e-03, 8.89522260e-04, ...,
        1.99704168e-02, 1.76830513e-02, 0.00000000e+00]], shape=(45, 45))}
{'bond-orders': array([[0.00000000e+00, 3.11339158e-01, 2.16048950e-02, ...,
        4.39798671e-05, 9.19604178e-05, 1.35266802e-03],
       [3.11339158e-01, 0.00000000e+00, 2.15774362e-02, ...,
        1.82364365e-05, 5.62986153e-05, 1.34109493e-03],
       [2.16048950e-02, 2.15774362e-02, 0.00000000e+00, ...,
        3.85612713e-05, 3.71636100e-05, 8.89522260e-04],
       ...,
       [4.39798671e-05, 1.82364365e-05, 3.85612713e-05, ...,
        0.00000000e+00, 4.43287376e-03, 1.99704168e-02],
       [9.19604178e-05, 5.62986153e-05, 3.71636100e-05, ...,
        4.43287376e-03, 0.00000000e+00, 1.76830513e-02],
       [1.35266802e-03, 1.34109493e-03, 8.89522260e-04, ...,
        1.99704168e-02, 1.76830513e-02, 0.00000000e+00]], shape=(45, 45)), 'molecular-dipole': array([-1.59336933,  0.44337528, -0.5331488 ])}
{'bond-orders': array([[0.00000000e+00, 3.11339158e-01, 2.16048950e-02, ...,
        4.39798671e-05, 9.19604178e-05, 1.35266802e-03],
       [3.11339158e-01, 0.00000000e+00, 2.15774362e-02, ...,
        1.82364365e-05, 5.62986153e-05, 1.34109493e-03],
       [2.16048950e-02, 2.15774362e-02, 0.00000000e+00, ...,
        3.85612713e-05, 3.71636100e-05, 8.89522260e-04],
       ...,
       [4.39798671e-05, 1.82364365e-05, 3.85612713e-05, ...,
        0.00000000e+00, 4.43287376e-03, 1.99704168e-02],
       [9.19604178e-05, 5.62986153e-05, 3.71636100e-05, ...,
        4.43287376e-03, 0.00000000e+00, 1.76830513e-02],
       [1.35266802e-03, 1.34109493e-03, 8.89522260e-04, ...,
        1.99704168e-02, 1.76830513e-02, 0.00000000e+00]], shape=(45, 45)), 'molecular-dipole': array([-1.59336933,  0.44337528, -0.5331488 ]), 'molecular-quadrupole': array([ -44.40493345,   -3.86116847,   19.08792666, -189.50006729,
         42.71507596,   25.31700679])}
------------------------------------------------------------
  cycle        total energy    energy error   density error
------------------------------------------------------------
      1     -163.5652668696  -1.6332168E+02   1.4407414E-03
      2     -163.5648399144   4.2695524E-04   2.6833020E-03
      3     -163.5635532934   1.2866209E-03   2.5479568E-03
      4     -163.5636735293  -1.2023588E-04   2.3601295E-03
      5     -163.5653137800  -1.6402507E-03   6.2916636E-04
      6     -163.5653430518  -2.9271732E-05   3.0851076E-04
      7     -163.5653469559  -3.9041466E-06   1.7636974E-04
      8     -163.5653490357  -2.0798344E-06   9.2665353E-05
      9     -163.5653497222  -6.8642134E-07   3.5184565E-05
     10     -163.5653497732  -5.1023420E-08   1.5787393E-05
------------------------------------------------------------

 total:                                  13.039 sec
3
{'bond-orders': array([[0.00000000e+00, 3.11346214e-01, 2.16321733e-02, ...,
        3.88754803e-05, 8.00130490e-05, 1.26577780e-03],
       [3.11346214e-01, 0.00000000e+00, 2.15944670e-02, ...,
        1.98770932e-05, 4.94853142e-05, 1.29732261e-03],
       [2.16321733e-02, 2.15944670e-02, 0.00000000e+00, ...,
        4.01904505e-05, 3.16791519e-05, 8.87301586e-04],
       ...,
       [3.88754803e-05, 1.98770932e-05, 4.01904505e-05, ...,
        0.00000000e+00, 4.46164819e-03, 1.98394255e-02],
       [8.00130490e-05, 4.94853142e-05, 3.16791519e-05, ...,
        4.46164819e-03, 0.00000000e+00, 1.73891061e-02],
       [1.26577780e-03, 1.29732261e-03, 8.87301586e-04, ...,
        1.98394255e-02, 1.73891061e-02, 0.00000000e+00]], shape=(45, 45))}
{'bond-orders': array([[0.00000000e+00, 3.11346214e-01, 2.16321733e-02, ...,
        3.88754803e-05, 8.00130490e-05, 1.26577780e-03],
       [3.11346214e-01, 0.00000000e+00, 2.15944670e-02, ...,
        1.98770932e-05, 4.94853142e-05, 1.29732261e-03],
       [2.16321733e-02, 2.15944670e-02, 0.00000000e+00, ...,
        4.01904505e-05, 3.16791519e-05, 8.87301586e-04],
       ...,
       [3.88754803e-05, 1.98770932e-05, 4.01904505e-05, ...,
        0.00000000e+00, 4.46164819e-03, 1.98394255e-02],
       [8.00130490e-05, 4.94853142e-05, 3.16791519e-05, ...,
        4.46164819e-03, 0.00000000e+00, 1.73891061e-02],
       [1.26577780e-03, 1.29732261e-03, 8.87301586e-04, ...,
        1.98394255e-02, 1.73891061e-02, 0.00000000e+00]], shape=(45, 45)), 'molecular-dipole': array([-1.58412888,  0.43879787, -0.48075891])}
{'bond-orders': array([[0.00000000e+00, 3.11346214e-01, 2.16321733e-02, ...,
        3.88754803e-05, 8.00130490e-05, 1.26577780e-03],
       [3.11346214e-01, 0.00000000e+00, 2.15944670e-02, ...,
        1.98770932e-05, 4.94853142e-05, 1.29732261e-03],
       [2.16321733e-02, 2.15944670e-02, 0.00000000e+00, ...,
        4.01904505e-05, 3.16791519e-05, 8.87301586e-04],
       ...,
       [3.88754803e-05, 1.98770932e-05, 4.01904505e-05, ...,
        0.00000000e+00, 4.46164819e-03, 1.98394255e-02],
       [8.00130490e-05, 4.94853142e-05, 3.16791519e-05, ...,
        4.46164819e-03, 0.00000000e+00, 1.73891061e-02],
       [1.26577780e-03, 1.29732261e-03, 8.87301586e-04, ...,
        1.98394255e-02, 1.73891061e-02, 0.00000000e+00]], shape=(45, 45)), 'molecular-dipole': array([-1.58412888,  0.43879787, -0.48075891]), 'molecular-quadrupole': array([ -46.19345866,   -4.24938206,   16.63226336, -185.56642675,
         43.40240611,   29.56119531])}
------------------------------------------------------------
  cycle        total energy    energy error   density error
------------------------------------------------------------
      1     -163.5657905825  -1.6332195E+02   1.4510524E-03
      2     -163.5604165891   5.3739934E-03   4.5422478E-03
      3     -163.5531119593   7.3046298E-03   6.4684674E-03
      4     -163.5657714463  -1.2659487E-02   9.3029089E-04
      5     -163.5658904362  -1.1898986E-04   5.3857709E-04
      6     -163.5659018674  -1.1431274E-05   3.3827484E-04
      7     -163.5659062841  -4.4166677E-06   2.1123249E-04
      8     -163.5659086065  -2.3224176E-06   1.0991131E-04
      9     -163.5659090961  -4.8958466E-07   3.9408437E-05
     10     -163.5659092031  -1.0699719E-07   1.8745766E-05
------------------------------------------------------------

 total:                                  13.023 sec
3
{'bond-orders': array([[0.00000000e+00, 3.11356684e-01, 2.16643123e-02, ...,
        3.58284156e-05, 7.62405010e-05, 1.19857298e-03],
       [3.11356684e-01, 0.00000000e+00, 2.16104582e-02, ...,
        2.19547404e-05, 4.76653053e-05, 1.25861473e-03],
       [2.16643123e-02, 2.16104582e-02, 0.00000000e+00, ...,
        4.24688127e-05, 2.93446754e-05, 8.90560994e-04],
       ...,
       [3.58284156e-05, 2.19547404e-05, 4.24688127e-05, ...,
        0.00000000e+00, 4.60967484e-03, 1.98666961e-02],
       [7.62405010e-05, 4.76653053e-05, 2.93446754e-05, ...,
        4.60967484e-03, 0.00000000e+00, 1.75897141e-02],
       [1.19857298e-03, 1.25861473e-03, 8.90560994e-04, ...,
        1.98666961e-02, 1.75897141e-02, 0.00000000e+00]], shape=(45, 45))}
{'bond-orders': array([[0.00000000e+00, 3.11356684e-01, 2.16643123e-02, ...,
        3.58284156e-05, 7.62405010e-05, 1.19857298e-03],
       [3.11356684e-01, 0.00000000e+00, 2.16104582e-02, ...,
        2.19547404e-05, 4.76653053e-05, 1.25861473e-03],
       [2.16643123e-02, 2.16104582e-02, 0.00000000e+00, ...,
        4.24688127e-05, 2.93446754e-05, 8.90560994e-04],
       ...,
       [3.58284156e-05, 2.19547404e-05, 4.24688127e-05, ...,
        0.00000000e+00, 4.60967484e-03, 1.98666961e-02],
       [7.62405010e-05, 4.76653053e-05, 2.93446754e-05, ...,
        4.60967484e-03, 0.00000000e+00, 1.75897141e-02],
       [1.19857298e-03, 1.25861473e-03, 8.90560994e-04, ...,
        1.98666961e-02, 1.75897141e-02, 0.00000000e+00]], shape=(45, 45)), 'molecular-dipole': array([-1.58198742,  0.43784272, -0.43284055])}
{'bond-orders': array([[0.00000000e+00, 3.11356684e-01, 2.16643123e-02, ...,
        3.58284156e-05, 7.62405010e-05, 1.19857298e-03],
       [3.11356684e-01, 0.00000000e+00, 2.16104582e-02, ...,
        2.19547404e-05, 4.76653053e-05, 1.25861473e-03],
       [2.16643123e-02, 2.16104582e-02, 0.00000000e+00, ...,
        4.24688127e-05, 2.93446754e-05, 8.90560994e-04],
       ...,
       [3.58284156e-05, 2.19547404e-05, 4.24688127e-05, ...,
        0.00000000e+00, 4.60967484e-03, 1.98666961e-02],
       [7.62405010e-05, 4.76653053e-05, 2.93446754e-05, ...,
        4.60967484e-03, 0.00000000e+00, 1.75897141e-02],
       [1.19857298e-03, 1.25861473e-03, 8.90560994e-04, ...,
        1.98666961e-02, 1.75897141e-02, 0.00000000e+00]], shape=(45, 45)), 'molecular-dipole': array([-1.58198742,  0.43784272, -0.43284055]), 'molecular-quadrupole': array([ -48.01178074,   -4.57011051,   14.56239619, -182.94062992,
         44.22896368,   33.44938455])}
------------------------------------------------------------
  cycle        total energy    energy error   density error
------------------------------------------------------------
      1     -163.5661127049  -1.6332283E+02   9.9092470E-04
      2     -163.5548160729   1.1296632E-02   6.0143418E-03
      3     -163.5652534288  -1.0437356E-02   2.0238769E-03
      4     -163.5661719728  -9.1854410E-04   5.3479420E-04
      5     -163.5662129231  -4.0950270E-05   2.6108141E-04
      6     -163.5662142686  -1.3454929E-06   2.2549868E-04
      7     -163.5662136986   5.7005536E-07   2.1637393E-04
      8     -163.5662159994  -2.3008352E-06   9.9281559E-05
      9     -163.5662165002  -5.0077207E-07   3.8739319E-05
     10     -163.5662166256  -1.2544518E-07   1.9350180E-05
------------------------------------------------------------

 total:                                  13.032 sec
3
{'bond-orders': array([[0.00000000e+00, 3.11358091e-01, 2.16837501e-02, ...,
        3.48447029e-05, 7.74234906e-05, 1.16742664e-03],
       [3.11358091e-01, 0.00000000e+00, 2.16226766e-02, ...,
        2.35143410e-05, 4.87529891e-05, 1.23749436e-03],
       [2.16837501e-02, 2.16226766e-02, 0.00000000e+00, ...,
        4.43026005e-05, 2.93263779e-05, 8.96037364e-04],
       ...,
       [3.48447029e-05, 2.35143410e-05, 4.43026005e-05, ...,
        0.00000000e+00, 4.75473686e-03, 1.99132651e-02],
       [7.74234906e-05, 4.87529891e-05, 2.93263779e-05, ...,
        4.75473686e-03, 0.00000000e+00, 1.79035969e-02],
       [1.16742664e-03, 1.23749436e-03, 8.96037364e-04, ...,
        1.99132651e-02, 1.79035969e-02, 0.00000000e+00]], shape=(45, 45))}
{'bond-orders': array([[0.00000000e+00, 3.11358091e-01, 2.16837501e-02, ...,
        3.48447029e-05, 7.74234906e-05, 1.16742664e-03],
       [3.11358091e-01, 0.00000000e+00, 2.16226766e-02, ...,
        2.35143410e-05, 4.87529891e-05, 1.23749436e-03],
       [2.16837501e-02, 2.16226766e-02, 0.00000000e+00, ...,
        4.43026005e-05, 2.93263779e-05, 8.96037364e-04],
       ...,
       [3.48447029e-05, 2.35143410e-05, 4.43026005e-05, ...,
        0.00000000e+00, 4.75473686e-03, 1.99132651e-02],
       [7.74234906e-05, 4.87529891e-05, 2.93263779e-05, ...,
        4.75473686e-03, 0.00000000e+00, 1.79035969e-02],
       [1.16742664e-03, 1.23749436e-03, 8.96037364e-04, ...,
        1.99132651e-02, 1.79035969e-02, 0.00000000e+00]], shape=(45, 45)), 'molecular-dipole': array([-1.5890539 ,  0.43614314, -0.40314478])}
{'bond-orders': array([[0.00000000e+00, 3.11358091e-01, 2.16837501e-02, ...,
        3.48447029e-05, 7.74234906e-05, 1.16742664e-03],
       [3.11358091e-01, 0.00000000e+00, 2.16226766e-02, ...,
        2.35143410e-05, 4.87529891e-05, 1.23749436e-03],
       [2.16837501e-02, 2.16226766e-02, 0.00000000e+00, ...,
        4.43026005e-05, 2.93263779e-05, 8.96037364e-04],
       ...,
       [3.48447029e-05, 2.35143410e-05, 4.43026005e-05, ...,
        0.00000000e+00, 4.75473686e-03, 1.99132651e-02],
       [7.74234906e-05, 4.87529891e-05, 2.93263779e-05, ...,
        4.75473686e-03, 0.00000000e+00, 1.79035969e-02],
       [1.16742664e-03, 1.23749436e-03, 8.96037364e-04, ...,
        1.99132651e-02, 1.79035969e-02, 0.00000000e+00]], shape=(45, 45)), 'molecular-dipole': array([-1.5890539 ,  0.43614314, -0.40314478]), 'molecular-quadrupole': array([ -49.3302762 ,   -4.99365673,   13.40077674, -182.37542577,
         44.61486139,   35.92949947])}
------------------------------------------------------------
  cycle        total energy    energy error   density error
------------------------------------------------------------
      1     -163.5664353009  -1.6332443E+02   1.0259096E-03
      2     -163.5540030763   1.2432225E-02   6.3179052E-03
      3     -163.5657127428  -1.1709667E-02   1.9599143E-03
      4     -163.5664583268  -7.4558403E-04   6.7151713E-04
      5     -163.5665343806  -7.6053762E-05   3.8048761E-04
      6     -163.5665421013  -7.7207208E-06   3.7361418E-04
      7     -163.5665492655  -7.1641677E-06   2.2644881E-04
      8     -163.5665518728  -2.6073017E-06   7.5624639E-05
      9     -163.5665520980  -2.2523025E-07   3.3109078E-05
     10     -163.5665521347  -3.6722838E-08   2.0279520E-05
     11     -163.5665521531  -1.8316854E-08   5.6567072E-06
------------------------------------------------------------

 total:                                  13.393 sec
3
{'bond-orders': array([[0.00000000e+00, 3.11375734e-01, 2.17040666e-02, ...,
        3.40131006e-05, 8.03949288e-05, 1.14430234e-03],
       [3.11375734e-01, 0.00000000e+00, 2.16402258e-02, ...,
        2.52055376e-05, 5.05274222e-05, 1.21688340e-03],
       [2.17040666e-02, 2.16402258e-02, 0.00000000e+00, ...,
        4.63655725e-05, 3.01060331e-05, 9.05100631e-04],
       ...,
       [3.40131006e-05, 2.52055376e-05, 4.63655725e-05, ...,
        0.00000000e+00, 4.90117381e-03, 1.99265084e-02],
       [8.03949288e-05, 5.05274222e-05, 3.01060331e-05, ...,
        4.90117381e-03, 0.00000000e+00, 1.81593357e-02],
       [1.14430234e-03, 1.21688340e-03, 9.05100631e-04, ...,
        1.99265084e-02, 1.81593357e-02, 0.00000000e+00]], shape=(45, 45))}
{'bond-orders': array([[0.00000000e+00, 3.11375734e-01, 2.17040666e-02, ...,
        3.40131006e-05, 8.03949288e-05, 1.14430234e-03],
       [3.11375734e-01, 0.00000000e+00, 2.16402258e-02, ...,
        2.52055376e-05, 5.05274222e-05, 1.21688340e-03],
       [2.17040666e-02, 2.16402258e-02, 0.00000000e+00, ...,
        4.63655725e-05, 3.01060331e-05, 9.05100631e-04],
       ...,
       [3.40131006e-05, 2.52055376e-05, 4.63655725e-05, ...,
        0.00000000e+00, 4.90117381e-03, 1.99265084e-02],
       [8.03949288e-05, 5.05274222e-05, 3.01060331e-05, ...,
        4.90117381e-03, 0.00000000e+00, 1.81593357e-02],
       [1.14430234e-03, 1.21688340e-03, 9.05100631e-04, ...,
        1.99265084e-02, 1.81593357e-02, 0.00000000e+00]], shape=(45, 45)), 'molecular-dipole': array([-1.59739076,  0.43673506, -0.36829404])}
{'bond-orders': array([[0.00000000e+00, 3.11375734e-01, 2.17040666e-02, ...,
        3.40131006e-05, 8.03949288e-05, 1.14430234e-03],
       [3.11375734e-01, 0.00000000e+00, 2.16402258e-02, ...,
        2.52055376e-05, 5.05274222e-05, 1.21688340e-03],
       [2.17040666e-02, 2.16402258e-02, 0.00000000e+00, ...,
        4.63655725e-05, 3.01060331e-05, 9.05100631e-04],
       ...,
       [3.40131006e-05, 2.52055376e-05, 4.63655725e-05, ...,
        0.00000000e+00, 4.90117381e-03, 1.99265084e-02],
       [8.03949288e-05, 5.05274222e-05, 3.01060331e-05, ...,
        4.90117381e-03, 0.00000000e+00, 1.81593357e-02],
       [1.14430234e-03, 1.21688340e-03, 9.05100631e-04, ...,
        1.99265084e-02, 1.81593357e-02, 0.00000000e+00]], shape=(45, 45)), 'molecular-dipole': array([-1.59739076,  0.43673506, -0.36829404]), 'molecular-quadrupole': array([ -50.87191707,   -5.36129773,   12.11686869, -181.94643255,
         45.24293651,   38.75504838])}
------------------------------------------------------------
  cycle        total energy    energy error   density error
------------------------------------------------------------
      1     -163.5668681569  -1.6332658E+02   1.3504052E-03
      2     -163.5577250237   9.1431332E-03   5.6566507E-03
      3     -163.5607540932  -3.0290694E-03   4.6881085E-03
      4     -163.5666721376  -5.9180444E-03   1.1718106E-03
      5     -163.5669444875  -2.7234988E-04   6.3992474E-04
      6     -163.5669868922  -4.2404703E-05   4.4596303E-04
      7     -163.5670126052  -2.5713053E-05   2.5339639E-04
      8     -163.5670156209  -3.0156575E-06   1.2167850E-04
      9     -163.5670164230  -8.0212070E-07   4.7910459E-05
     10     -163.5670165286  -1.0563639E-07   2.6519260E-05
     11     -163.5670166167  -8.8060204E-08   1.1483036E-05
------------------------------------------------------------

 total:                                  13.346 sec
3
{'bond-orders': array([[0.00000000e+00, 3.11372253e-01, 2.17251067e-02, ...,
        3.21927077e-05, 8.40326640e-05, 1.11937254e-03],
       [3.11372253e-01, 0.00000000e+00, 2.16729676e-02, ...,
        2.73136955e-05, 5.14928906e-05, 1.18673760e-03],
       [2.17251067e-02, 2.16729676e-02, 0.00000000e+00, ...,
        4.88045122e-05, 3.11075539e-05, 9.19563577e-04],
       ...,
       [3.21927077e-05, 2.73136955e-05, 4.88045122e-05, ...,
        0.00000000e+00, 5.03037079e-03, 1.98804478e-02],
       [8.40326640e-05, 5.14928906e-05, 3.11075539e-05, ...,
        5.03037079e-03, 0.00000000e+00, 1.81700131e-02],
       [1.11937254e-03, 1.18673760e-03, 9.19563577e-04, ...,
        1.98804478e-02, 1.81700131e-02, 0.00000000e+00]], shape=(45, 45))}
{'bond-orders': array([[0.00000000e+00, 3.11372253e-01, 2.17251067e-02, ...,
        3.21927077e-05, 8.40326640e-05, 1.11937254e-03],
       [3.11372253e-01, 0.00000000e+00, 2.16729676e-02, ...,
        2.73136955e-05, 5.14928906e-05, 1.18673760e-03],
       [2.17251067e-02, 2.16729676e-02, 0.00000000e+00, ...,
        4.88045122e-05, 3.11075539e-05, 9.19563577e-04],
       ...,
       [3.21927077e-05, 2.73136955e-05, 4.88045122e-05, ...,
        0.00000000e+00, 5.03037079e-03, 1.98804478e-02],
       [8.40326640e-05, 5.14928906e-05, 3.11075539e-05, ...,
        5.03037079e-03, 0.00000000e+00, 1.81700131e-02],
       [1.11937254e-03, 1.18673760e-03, 9.19563577e-04, ...,
        1.98804478e-02, 1.81700131e-02, 0.00000000e+00]], shape=(45, 45)), 'molecular-dipole': array([-1.61968898,  0.42423197, -0.31285355])}
{'bond-orders': array([[0.00000000e+00, 3.11372253e-01, 2.17251067e-02, ...,
        3.21927077e-05, 8.40326640e-05, 1.11937254e-03],
       [3.11372253e-01, 0.00000000e+00, 2.16729676e-02, ...,
        2.73136955e-05, 5.14928906e-05, 1.18673760e-03],
       [2.17251067e-02, 2.16729676e-02, 0.00000000e+00, ...,
        4.88045122e-05, 3.11075539e-05, 9.19563577e-04],
       ...,
       [3.21927077e-05, 2.73136955e-05, 4.88045122e-05, ...,
        0.00000000e+00, 5.03037079e-03, 1.98804478e-02],
       [8.40326640e-05, 5.14928906e-05, 3.11075539e-05, ...,
        5.03037079e-03, 0.00000000e+00, 1.81700131e-02],
       [1.11937254e-03, 1.18673760e-03, 9.19563577e-04, ...,
        1.98804478e-02, 1.81700131e-02, 0.00000000e+00]], shape=(45, 45)), 'molecular-dipole': array([-1.61968898,  0.42423197, -0.31285355]), 'molecular-quadrupole': array([ -53.46049831,   -6.77865999,    9.95354224, -182.06800939,
         44.96938358,   43.50695607])}
------------------------------------------------------------
  cycle        total energy    energy error   density error
------------------------------------------------------------
      1     -163.5673989518  -1.6332848E+02   2.1350274E-03
      2     -163.5618523697   5.5465821E-03   5.2715117E-03
      3     -163.5384187157   2.3433654E-02   9.6945497E-03
      4     -163.5664802754  -2.8061560E-02   2.0825611E-03
      5     -163.5675177082  -1.0374329E-03   8.5363552E-04
      6     -163.5676159142  -9.8206003E-05   5.9745456E-04
      7     -163.5676551928  -3.9278582E-05   4.2032218E-04
      8     -163.5676677281  -1.2535280E-05   1.9460169E-04
      9     -163.5676697493  -2.0211926E-06   7.0577437E-05
     10     -163.5676698799  -1.3067128E-07   4.4661166E-05
     11     -163.5676701543  -2.7440103E-07   2.2022667E-05
     12     -163.5676702361  -8.1756610E-08   9.6417589E-06
------------------------------------------------------------

 total:                                  13.713 sec
3
{'bond-orders': array([[0.00000000e+00, 3.11364560e-01, 2.17553586e-02, ...,
        2.81625856e-05, 8.67034523e-05, 1.08633717e-03],
       [3.11364560e-01, 0.00000000e+00, 2.17317882e-02, ...,
        2.99923886e-05, 4.97254224e-05, 1.13733893e-03],
       [2.17553586e-02, 2.17317882e-02, 0.00000000e+00, ...,
        5.15200029e-05, 3.15878677e-05, 9.41466208e-04],
       ...,
       [2.81625856e-05, 2.99923886e-05, 5.15200029e-05, ...,
        0.00000000e+00, 5.09081667e-03, 1.97198560e-02],
       [8.67034523e-05, 4.97254224e-05, 3.15878677e-05, ...,
        5.09081667e-03, 0.00000000e+00, 1.76686548e-02],
       [1.08633717e-03, 1.13733893e-03, 9.41466208e-04, ...,
        1.97198560e-02, 1.76686548e-02, 0.00000000e+00]], shape=(45, 45))}
{'bond-orders': array([[0.00000000e+00, 3.11364560e-01, 2.17553586e-02, ...,
        2.81625856e-05, 8.67034523e-05, 1.08633717e-03],
       [3.11364560e-01, 0.00000000e+00, 2.17317882e-02, ...,
        2.99923886e-05, 4.97254224e-05, 1.13733893e-03],
       [2.17553586e-02, 2.17317882e-02, 0.00000000e+00, ...,
        5.15200029e-05, 3.15878677e-05, 9.41466208e-04],
       ...,
       [2.81625856e-05, 2.99923886e-05, 5.15200029e-05, ...,
        0.00000000e+00, 5.09081667e-03, 1.97198560e-02],
       [8.67034523e-05, 4.97254224e-05, 3.15878677e-05, ...,
        5.09081667e-03, 0.00000000e+00, 1.76686548e-02],
       [1.08633717e-03, 1.13733893e-03, 9.41466208e-04, ...,
        1.97198560e-02, 1.76686548e-02, 0.00000000e+00]], shape=(45, 45)), 'molecular-dipole': array([-1.65305805,  0.39711635, -0.22662017])}
{'bond-orders': array([[0.00000000e+00, 3.11364560e-01, 2.17553586e-02, ...,
        2.81625856e-05, 8.67034523e-05, 1.08633717e-03],
       [3.11364560e-01, 0.00000000e+00, 2.17317882e-02, ...,
        2.99923886e-05, 4.97254224e-05, 1.13733893e-03],
       [2.17553586e-02, 2.17317882e-02, 0.00000000e+00, ...,
        5.15200029e-05, 3.15878677e-05, 9.41466208e-04],
       ...,
       [2.81625856e-05, 2.99923886e-05, 5.15200029e-05, ...,
        0.00000000e+00, 5.09081667e-03, 1.97198560e-02],
       [8.67034523e-05, 4.97254224e-05, 3.15878677e-05, ...,
        5.09081667e-03, 0.00000000e+00, 1.76686548e-02],
       [1.08633717e-03, 1.13733893e-03, 9.41466208e-04, ...,
        1.97198560e-02, 1.76686548e-02, 0.00000000e+00]], shape=(45, 45)), 'molecular-dipole': array([-1.65305805,  0.39711635, -0.22662017]), 'molecular-quadrupole': array([ -57.42513308,   -9.43324712,    6.34804213, -181.99374708,
         43.65238016,   51.07709095])}
------------------------------------------------------------
  cycle        total energy    energy error   density error
------------------------------------------------------------
      1     -163.5678525585  -1.6332846E+02   2.4025936E-03
      2     -163.5571662943   1.0686264E-02   6.7528881E-03
      3     -163.5320877222   2.5078572E-02   1.0833146E-02
      4     -163.5670135332  -3.4925811E-02   2.1205860E-03
      5     -163.5680648284  -1.0512952E-03   8.4536449E-04
      6     -163.5681588663  -9.4037880E-05   5.6304317E-04
      7     -163.5681747844  -1.5918111E-05   4.3435189E-04
      8     -163.5681823943  -7.6099030E-06   2.2621426E-04
      9     -163.5681862269  -3.8326581E-06   7.6095610E-05
     10     -163.5681864157  -1.8875997E-07   5.1277392E-05
     11     -163.5681867648  -3.4912503E-07   2.3584903E-05
     12     -163.5681868452  -8.0347860E-08   8.8025152E-06
------------------------------------------------------------

 total:                                  13.693 sec
3
{'bond-orders': array([[0.00000000e+00, 3.11363996e-01, 2.17844980e-02, ...,
        2.32641470e-05, 8.58358379e-05, 1.05743902e-03],
       [3.11363996e-01, 0.00000000e+00, 2.18002866e-02, ...,
        3.20494417e-05, 4.50369370e-05, 1.08444383e-03],
       [2.17844980e-02, 2.18002866e-02, 0.00000000e+00, ...,
        5.31459352e-05, 3.08438490e-05, 9.62284926e-04],
       ...,
       [2.32641470e-05, 3.20494417e-05, 5.31459352e-05, ...,
        0.00000000e+00, 5.00250279e-03, 1.94829758e-02],
       [8.58358379e-05, 4.50369370e-05, 3.08438490e-05, ...,
        5.00250279e-03, 0.00000000e+00, 1.67322977e-02],
       [1.05743902e-03, 1.08444383e-03, 9.62284926e-04, ...,
        1.94829758e-02, 1.67322977e-02, 0.00000000e+00]], shape=(45, 45))}
{'bond-orders': array([[0.00000000e+00, 3.11363996e-01, 2.17844980e-02, ...,
        2.32641470e-05, 8.58358379e-05, 1.05743902e-03],
       [3.11363996e-01, 0.00000000e+00, 2.18002866e-02, ...,
        3.20494417e-05, 4.50369370e-05, 1.08444383e-03],
       [2.17844980e-02, 2.18002866e-02, 0.00000000e+00, ...,
        5.31459352e-05, 3.08438490e-05, 9.62284926e-04],
       ...,
       [2.32641470e-05, 3.20494417e-05, 5.31459352e-05, ...,
        0.00000000e+00, 5.00250279e-03, 1.94829758e-02],
       [8.58358379e-05, 4.50369370e-05, 3.08438490e-05, ...,
        5.00250279e-03, 0.00000000e+00, 1.67322977e-02],
       [1.05743902e-03, 1.08444383e-03, 9.62284926e-04, ...,
        1.94829758e-02, 1.67322977e-02, 0.00000000e+00]], shape=(45, 45)), 'molecular-dipole': array([-1.6849072 ,  0.36424091, -0.12968624])}
{'bond-orders': array([[0.00000000e+00, 3.11363996e-01, 2.17844980e-02, ...,
        2.32641470e-05, 8.58358379e-05, 1.05743902e-03],
       [3.11363996e-01, 0.00000000e+00, 2.18002866e-02, ...,
        3.20494417e-05, 4.50369370e-05, 1.08444383e-03],
       [2.17844980e-02, 2.18002866e-02, 0.00000000e+00, ...,
        5.31459352e-05, 3.08438490e-05, 9.62284926e-04],
       ...,
       [2.32641470e-05, 3.20494417e-05, 5.31459352e-05, ...,
        0.00000000e+00, 5.00250279e-03, 1.94829758e-02],
       [8.58358379e-05, 4.50369370e-05, 3.08438490e-05, ...,
        5.00250279e-03, 0.00000000e+00, 1.67322977e-02],
       [1.05743902e-03, 1.08444383e-03, 9.62284926e-04, ...,
        1.94829758e-02, 1.67322977e-02, 0.00000000e+00]], shape=(45, 45)), 'molecular-dipole': array([-1.6849072 ,  0.36424091, -0.12968624]), 'molecular-quadrupole': array([ -61.70170116,  -12.43311888,    2.16867352, -181.13419259,
         41.88954068,   59.53302764])}
------------------------------------------------------------
  cycle        total energy    energy error   density error
------------------------------------------------------------
      1     -163.5682951324  -1.6332771E+02   8.4888212E-04
      2     -163.5681971297   9.8002673E-05   1.3505576E-03
      3     -163.5677693819   4.2774778E-04   1.3643544E-03
      4     -163.5675568223   2.1255960E-04   1.5855503E-03
      5     -163.5683162683  -7.5944602E-04   3.1129688E-04
      6     -163.5683156665   6.0187824E-07   2.6948308E-04
      7     -163.5683170578  -1.3913338E-06   1.8807118E-04
      8     -163.5683196714  -2.6136420E-06   7.2637625E-05
      9     -163.5683202925  -6.2107935E-07   3.4247769E-05
     10     -163.5683204071  -1.1459511E-07   1.6793417E-05
------------------------------------------------------------

 total:                                  13.024 sec
3
{'bond-orders': array([[0.00000000e+00, 3.11352341e-01, 2.17898646e-02, ...,
        2.14589863e-05, 8.42196972e-05, 1.05191553e-03],
       [3.11352341e-01, 0.00000000e+00, 2.18230713e-02, ...,
        3.21983692e-05, 4.22803214e-05, 1.06528853e-03],
       [2.17898646e-02, 2.18230713e-02, 0.00000000e+00, ...,
        5.30935772e-05, 3.02197546e-05, 9.67363890e-04],
       ...,
       [2.14589863e-05, 3.21983692e-05, 5.30935772e-05, ...,
        0.00000000e+00, 4.87653071e-03, 1.94569377e-02],
       [8.42196972e-05, 4.22803214e-05, 3.02197546e-05, ...,
        4.87653071e-03, 0.00000000e+00, 1.62676898e-02],
       [1.05191553e-03, 1.06528853e-03, 9.67363890e-04, ...,
        1.94569377e-02, 1.62676898e-02, 0.00000000e+00]], shape=(45, 45))}
{'bond-orders': array([[0.00000000e+00, 3.11352341e-01, 2.17898646e-02, ...,
        2.14589863e-05, 8.42196972e-05, 1.05191553e-03],
