/home/ans819/.conda/envs/autoflow/lib/python3.13/site-packages/e3nn/o3/_wigner.py:10: UserWarning: Environment variable TORCH_FORCE_NO_WEIGHTS_ONLY_LOAD detected, since the`weights_only` argument was not explicitly passed to `torch.load`, forcing weights_only=False.
  _Jd, _W3j_flat, _W3j_indices = torch.load(os.path.join(os.path.dirname(__file__), 'constants.pt'))

          ==================== Thresholds ====================
          CN  :   150.00000
          rep :   500.00000
          disp:  2500.00000
          HB1 :   250.00000
          HB2 :   450.00000

          Pauling EN used:
          Z : 1  EN :  2.20
          Z : 6  EN :  2.55
          Z : 8  EN :  3.44
          Z :47  EN :  1.93
          electric field strengths (au): 0.000

           ------------------------------------------------- 
          |           Force Field Initialization            |
           ------------------------------------------------- 

          distances ...
          ----------------------------------------
          generating topology and atomic info file ...
          pair mat ...
          computing topology distances matrix with Floyd-Warshall algo ...
          making topology EEQ charges ...
          #fragments for EEQ constrain: 1
          ----------------------------------------
          generating topology and atomic info file ...
          pair mat ...
          computing topology distances matrix with Floyd-Warshall algo ...
          making topology EEQ charges ...
          #fragments for EEQ constrain: 1
          rings ...
          # BATM   3588
          # H in HB   0

  atom   neighbors  erfCN metchar sp-hybrid imet pi  qest     coordinates
    1  Ag      2    1.35   0.37         2    2    0  -0.000    3.199451    0.356229   27.196103
    2  Ag      5    3.15   0.31         0    2    0   0.014    6.689760    4.630967   27.196103
    3  Ag      9    4.27   0.07         0    2    0   0.010   15.415533    8.193249   28.789204
    4  Ag      7    3.92   0.19         0    2    0   0.013   11.925224    3.918511   28.789204
    5  Ag      7    3.92   0.19         0    2    0   0.014   20.650997    7.480793   30.382305
    6  Ag      6    3.59   0.27         0    2    0   0.011   17.160688    3.206054   30.382305
    7  Ag      9    4.27   0.07         0    2    0   0.007    8.434915    6.768336   31.975406
    8  Ag      6    3.59   0.23         0    2    0   0.019    4.944605    2.493598   31.975406
    9  Ag     12    4.39   0.01         0    2    0   0.012   13.670379    6.055880   33.568507
   10  Ag      7    3.92   0.19         0    2    0   0.027   10.180069    1.781141   33.568507
   11  Ag      9    4.27   0.07         0    2    0   0.021   18.905843    5.343423   35.161608
   12  Ag      6    3.59   0.27         0    2    0   0.023   15.415533    1.068685   35.161608
   13  Ag      8    4.14   0.11         0    2    0   0.026    6.689760    4.630967   36.754709
   14  Ag      3    2.00   0.37         2    2    0   0.013    3.199451    0.356229   36.754709
   15  Ag     11    4.37   0.03         0    2    0   0.114   11.925224    3.918511   38.347810
   16  Ag     11    4.36   0.03         0    2    0   0.076   15.415533    8.193249   38.347810
   17  Ag      7    4.13   0.11         0    2    0   0.073   17.160688    3.206054   39.940910
   18  Ag      6    3.59   0.26         0    2    0   0.026   20.650997    7.480793   39.940910
   19  Ag      3    2.00   0.37         2    2    0   0.012    4.944605    2.493598   41.534011
   20  Ag      5    3.17   0.32         0    2    0   0.031    8.434915    6.768336   41.534011
   21  Ag      6    3.59   0.26         0    2    0   0.010   10.180069    8.905705   27.196103
   22  Ag      5    3.15   0.34         0    2    0   0.012   13.670379   13.180444   27.196103
   23  Ag      4    2.61   0.38         3    2    0   0.013   22.396152   16.742726   28.789204
   24  Ag      8    4.14   0.12         0    2    0   0.013   18.905843   12.467987   28.789204
   25  Ag      3    2.00   0.39         2    2    0   0.005   27.631616   16.030269   30.382305
   26  Ag      7    3.92   0.19         0    2    0   0.012   24.141307   11.755531   30.382305
   27  Ag      6    3.59   0.27         0    2    0   0.013   15.415533   15.317813   31.975406
   28  Ag      9    4.27   0.07         0    2    0   0.007   11.925224   11.043075   31.975406
   29  Ag      9    4.27   0.07         0    2    0   0.010   20.650997   14.605357   33.568507
/home/ans819/.conda/envs/autoflow/lib/python3.13/site-packages/mace/calculators/mace.py:197: UserWarning: Environment variable TORCH_FORCE_NO_WEIGHTS_ONLY_LOAD detected, since the`weights_only` argument was not explicitly passed to `torch.load`, forcing weights_only=False.
  torch.load(f=model_path, map_location=device)
/home/ans819/.conda/envs/autoflow/lib/python3.13/site-packages/chgnet/model/model.py:898: UserWarning: Converting a tensor with requires_grad=True to a scalar may lead to unexpected behavior.
Consider using tensor.detach() first. (Triggered internally at /pytorch/torch/csrc/autograd/generated/python_variable_methods.cpp:836.)
  volumes = torch.tensor(volumes, dtype=TORCH_DTYPE, device=atomic_numbers.device)
cuequivariance or cuequivariance_torch is not available. Cuequivariance acceleration will be disabled.
------------------------------------------------------------
  cycle        total energy    energy error   density error
------------------------------------------------------------
      1     -163.1032120298  -1.6287563E+02   1.0016653E+00
      2     -162.3507700710   7.5244196E-01   6.1971349E-01
      3     -12.35349003486   1.4999728E+02   1.4715296E+00
      4     -138.2674975036  -1.2591401E+02   4.8511366E-01
      5      28.56632648710   1.6683382E+02   1.0827359E+00
      6     -98.68361884908  -1.2724995E+02   4.9861654E-01
      7     -161.5184744597  -6.2834856E+01   1.1875524E-01
      8     -163.1243017249  -1.6058273E+00   7.5957223E-02
      9     -163.3144423142  -1.9014059E-01   4.7503259E-02
     10     -163.2528190836   6.1623231E-02   4.4935490E-02
     11     -163.3273692395  -7.4550156E-02   4.0536698E-02
     12     -163.3905522431  -6.3183004E-02   2.9781338E-02
     13     -163.4232233102  -3.2671067E-02   2.5280136E-02
     14     -163.4194380466   3.7852636E-03   2.3767873E-02
     15     -163.4250826076  -5.6445611E-03   2.1872325E-02
     16     -163.4279476320  -2.8650244E-03   1.9594336E-02
     17     -163.4308227064  -2.8750744E-03   1.8340911E-02
     18     -163.4349307875  -4.1080811E-03   1.6013160E-02
     19     -163.4378687943  -2.9380068E-03   1.2764272E-02
     20     -163.4390424401  -1.1736458E-03   1.0035512E-02
     21     -163.4404208254  -1.3783853E-03   6.9360004E-03
     22     -163.4414633550  -1.0425296E-03   6.4741938E-03
     23     -163.4415708378  -1.0748276E-04   6.5831090E-03
     24     -163.4418544305  -2.8359277E-04   6.5381887E-03
     25     -163.4421003025  -2.4587199E-04   6.1976202E-03
     26     -163.4422049826  -1.0468004E-04   5.8022014E-03
     27     -163.4423495086  -1.4452606E-04   5.3249441E-03
     28     -163.4424189805  -6.9471881E-05   4.9652082E-03
     29     -163.4424683495  -4.9368955E-05   4.6658333E-03
     30     -163.4425221743  -5.3824798E-05   4.2452948E-03
     31     -163.4426752226  -1.5304835E-04   2.8784702E-03
     32     -163.4427873312  -1.1210859E-04   1.0978621E-03
     33     -163.4428014938  -1.4162610E-05   5.2634409E-04
     34     -163.4428049663  -3.4724442E-06   5.8935026E-05
     35     -163.4428050306  -6.4364514E-08   1.7145136E-05
------------------------------------------------------------

 total:                                  20.459 sec
3
{'bond-orders': array([[0.00000000e+00, 3.07583403e-01, 2.34541029e-02, ...,
        6.15983495e-05, 3.79852285e-05, 1.32712391e-03],
       [3.07583403e-01, 0.00000000e+00, 2.19285275e-02, ...,
        4.69105533e-05, 2.24634070e-04, 1.36843417e-03],
       [2.34541029e-02, 2.19285275e-02, 0.00000000e+00, ...,
        2.64673514e-04, 5.21411627e-04, 3.21182044e-03],
       ...,
       [6.15983495e-05, 4.69105533e-05, 2.64673514e-04, ...,
        0.00000000e+00, 2.83935481e-03, 1.62441971e-02],
       [3.79852285e-05, 2.24634070e-04, 5.21411627e-04, ...,
        2.83935481e-03, 0.00000000e+00, 2.97933476e-02],
       [1.32712391e-03, 1.36843417e-03, 3.21182044e-03, ...,
        1.62441971e-02, 2.97933476e-02, 0.00000000e+00]], shape=(45, 45))}
{'bond-orders': array([[0.00000000e+00, 3.07583403e-01, 2.34541029e-02, ...,
        6.15983495e-05, 3.79852285e-05, 1.32712391e-03],
       [3.07583403e-01, 0.00000000e+00, 2.19285275e-02, ...,
        4.69105533e-05, 2.24634070e-04, 1.36843417e-03],
       [2.34541029e-02, 2.19285275e-02, 0.00000000e+00, ...,
        2.64673514e-04, 5.21411627e-04, 3.21182044e-03],
       ...,
       [6.15983495e-05, 4.69105533e-05, 2.64673514e-04, ...,
        0.00000000e+00, 2.83935481e-03, 1.62441971e-02],
       [3.79852285e-05, 2.24634070e-04, 5.21411627e-04, ...,
        2.83935481e-03, 0.00000000e+00, 2.97933476e-02],
       [1.32712391e-03, 1.36843417e-03, 3.21182044e-03, ...,
        1.62441971e-02, 2.97933476e-02, 0.00000000e+00]], shape=(45, 45)), 'molecular-dipole': array([-0.70759169, -0.17128032,  1.20915765])}
{'bond-orders': array([[0.00000000e+00, 3.07583403e-01, 2.34541029e-02, ...,
        6.15983495e-05, 3.79852285e-05, 1.32712391e-03],
       [3.07583403e-01, 0.00000000e+00, 2.19285275e-02, ...,
        4.69105533e-05, 2.24634070e-04, 1.36843417e-03],
       [2.34541029e-02, 2.19285275e-02, 0.00000000e+00, ...,
        2.64673514e-04, 5.21411627e-04, 3.21182044e-03],
       ...,
       [6.15983495e-05, 4.69105533e-05, 2.64673514e-04, ...,
        0.00000000e+00, 2.83935481e-03, 1.62441971e-02],
       [3.79852285e-05, 2.24634070e-04, 5.21411627e-04, ...,
        2.83935481e-03, 0.00000000e+00, 2.97933476e-02],
       [1.32712391e-03, 1.36843417e-03, 3.21182044e-03, ...,
        1.62441971e-02, 2.97933476e-02, 0.00000000e+00]], shape=(45, 45)), 'molecular-dipole': array([-0.70759169, -0.17128032,  1.20915765]), 'molecular-quadrupole': array([-1.02289890e+02,  2.58248957e+01, -4.12120579e+01,  9.04932659e-01,
       -1.00568479e-01,  1.43501948e+02])}
------------------------------------------------------------
  cycle        total energy    energy error   density error
------------------------------------------------------------
      1     -163.4578700225  -1.6322493E+02   3.0176677E-03
      2     -163.4531715401   4.6984824E-03   5.1666225E-03
      3     -163.4186588489   3.4512691E-02   1.1216086E-02
      4     -163.4568905659  -3.8231717E-02   2.5250142E-03
      5     -163.4579042696  -1.0137037E-03   1.8856434E-03
      6     -163.4578991551   5.1144813E-06   1.7344973E-03
      7     -163.4580698097  -1.7065456E-04   7.1975693E-04
      8     -163.4580989858  -2.9176157E-05   2.7589724E-04
      9     -163.4581000501  -1.0643296E-06   1.4197623E-04
     10     -163.4581017248  -1.6746507E-06   8.4433637E-05
     11     -163.4581028603  -1.1354511E-06   3.5679928E-05
     12     -163.4581031535  -2.9320123E-07   1.3476722E-05
------------------------------------------------------------

 total:                                  13.355 sec
3
{'bond-orders': array([[0.00000000e+00, 3.07677167e-01, 2.34099123e-02, ...,
        6.20984847e-05, 2.84032455e-05, 1.23112067e-03],
       [3.07677167e-01, 0.00000000e+00, 2.19397224e-02, ...,
        5.39017454e-05, 2.03857451e-04, 1.33865334e-03],
       [2.34099123e-02, 2.19397224e-02, 0.00000000e+00, ...,
        2.94944811e-04, 4.95506988e-04, 3.17727227e-03],
       ...,
       [6.20984847e-05, 5.39017454e-05, 2.94944811e-04, ...,
        0.00000000e+00, 2.89559994e-03, 1.74648017e-02],
       [2.84032455e-05, 2.03857451e-04, 4.95506988e-04, ...,
        2.89559994e-03, 0.00000000e+00, 2.97791738e-02],
       [1.23112067e-03, 1.33865334e-03, 3.17727227e-03, ...,
        1.74648017e-02, 2.97791738e-02, 0.00000000e+00]], shape=(45, 45))}
{'bond-orders': array([[0.00000000e+00, 3.07677167e-01, 2.34099123e-02, ...,
        6.20984847e-05, 2.84032455e-05, 1.23112067e-03],
       [3.07677167e-01, 0.00000000e+00, 2.19397224e-02, ...,
        5.39017454e-05, 2.03857451e-04, 1.33865334e-03],
       [2.34099123e-02, 2.19397224e-02, 0.00000000e+00, ...,
        2.94944811e-04, 4.95506988e-04, 3.17727227e-03],
       ...,
       [6.20984847e-05, 5.39017454e-05, 2.94944811e-04, ...,
        0.00000000e+00, 2.89559994e-03, 1.74648017e-02],
       [2.84032455e-05, 2.03857451e-04, 4.95506988e-04, ...,
        2.89559994e-03, 0.00000000e+00, 2.97791738e-02],
       [1.23112067e-03, 1.33865334e-03, 3.17727227e-03, ...,
        1.74648017e-02, 2.97791738e-02, 0.00000000e+00]], shape=(45, 45)), 'molecular-dipole': array([-0.68765288, -0.14842705,  1.2114435 ])}
{'bond-orders': array([[0.00000000e+00, 3.07677167e-01, 2.34099123e-02, ...,
        6.20984847e-05, 2.84032455e-05, 1.23112067e-03],
       [3.07677167e-01, 0.00000000e+00, 2.19397224e-02, ...,
        5.39017454e-05, 2.03857451e-04, 1.33865334e-03],
       [2.34099123e-02, 2.19397224e-02, 0.00000000e+00, ...,
        2.94944811e-04, 4.95506988e-04, 3.17727227e-03],
       ...,
       [6.20984847e-05, 5.39017454e-05, 2.94944811e-04, ...,
        0.00000000e+00, 2.89559994e-03, 1.74648017e-02],
       [2.84032455e-05, 2.03857451e-04, 4.95506988e-04, ...,
        2.89559994e-03, 0.00000000e+00, 2.97791738e-02],
       [1.23112067e-03, 1.33865334e-03, 3.17727227e-03, ...,
        1.74648017e-02, 2.97791738e-02, 0.00000000e+00]], shape=(45, 45)), 'molecular-dipole': array([-0.68765288, -0.14842705,  1.2114435 ]), 'molecular-quadrupole': array([-101.89943587,   26.85630861,  -41.84540327,    3.63086723,
          2.83424562,  143.74483914])}
------------------------------------------------------------
  cycle        total energy    energy error   density error
------------------------------------------------------------
      1     -163.4728400057  -1.6323352E+02   4.7281627E-03
      2     -163.4722106956   6.2931012E-04   5.8785247E-03
      3     -163.4715083450   7.0235056E-04   3.4954491E-03
      4     -163.4308841343   4.0624211E-02   1.1742135E-02
      5     -163.4722310421  -4.1346908E-02   3.2040949E-03
      6     -163.4732650219  -1.0339798E-03   1.6704048E-03
      7     -163.4733957385  -1.3071668E-04   7.0768975E-04
      8     -163.4734127393  -1.7000765E-05   3.8533401E-04
      9     -163.4734212971  -8.5577569E-06   2.0091764E-04
     10     -163.4734223773  -1.0802536E-06   1.0821370E-04
     11     -163.4734245584  -2.1810813E-06   4.1044612E-05
     12     -163.4734248828  -3.2440855E-07   1.7686918E-05
------------------------------------------------------------

 total:                                  13.330 sec
3
{'bond-orders': array([[0.00000000e+00, 3.07848323e-01, 2.33584597e-02, ...,
        7.07140147e-05, 1.72692924e-05, 1.08839726e-03],
       [3.07848323e-01, 0.00000000e+00, 2.20142668e-02, ...,
        6.89523867e-05, 1.77568933e-04, 1.28902945e-03],
       [2.33584597e-02, 2.20142668e-02, 0.00000000e+00, ...,
        3.58715805e-04, 4.57754193e-04, 3.11116683e-03],
       ...,
       [7.07140147e-05, 6.89523867e-05, 3.58715805e-04, ...,
        0.00000000e+00, 3.17888146e-03, 1.94797694e-02],
       [1.72692924e-05, 1.77568933e-04, 4.57754193e-04, ...,
        3.17888146e-03, 0.00000000e+00, 3.05971626e-02],
       [1.08839726e-03, 1.28902945e-03, 3.11116683e-03, ...,
        1.94797694e-02, 3.05971626e-02, 0.00000000e+00]], shape=(45, 45))}
{'bond-orders': array([[0.00000000e+00, 3.07848323e-01, 2.33584597e-02, ...,
        7.07140147e-05, 1.72692924e-05, 1.08839726e-03],
       [3.07848323e-01, 0.00000000e+00, 2.20142668e-02, ...,
        6.89523867e-05, 1.77568933e-04, 1.28902945e-03],
       [2.33584597e-02, 2.20142668e-02, 0.00000000e+00, ...,
        3.58715805e-04, 4.57754193e-04, 3.11116683e-03],
       ...,
       [7.07140147e-05, 6.89523867e-05, 3.58715805e-04, ...,
        0.00000000e+00, 3.17888146e-03, 1.94797694e-02],
       [1.72692924e-05, 1.77568933e-04, 4.57754193e-04, ...,
        3.17888146e-03, 0.00000000e+00, 3.05971626e-02],
       [1.08839726e-03, 1.28902945e-03, 3.11116683e-03, ...,
        1.94797694e-02, 3.05971626e-02, 0.00000000e+00]], shape=(45, 45)), 'molecular-dipole': array([-0.66694576, -0.12997647,  1.20153   ])}
{'bond-orders': array([[0.00000000e+00, 3.07848323e-01, 2.33584597e-02, ...,
        7.07140147e-05, 1.72692924e-05, 1.08839726e-03],
       [3.07848323e-01, 0.00000000e+00, 2.20142668e-02, ...,
        6.89523867e-05, 1.77568933e-04, 1.28902945e-03],
       [2.33584597e-02, 2.20142668e-02, 0.00000000e+00, ...,
        3.58715805e-04, 4.57754193e-04, 3.11116683e-03],
       ...,
       [7.07140147e-05, 6.89523867e-05, 3.58715805e-04, ...,
        0.00000000e+00, 3.17888146e-03, 1.94797694e-02],
       [1.72692924e-05, 1.77568933e-04, 4.57754193e-04, ...,
        3.17888146e-03, 0.00000000e+00, 3.05971626e-02],
       [1.08839726e-03, 1.28902945e-03, 3.11116683e-03, ...,
        1.94797694e-02, 3.05971626e-02, 0.00000000e+00]], shape=(45, 45)), 'molecular-dipole': array([-0.66694576, -0.12997647,  1.20153   ]), 'molecular-quadrupole': array([-100.92158758,   26.65582898,  -42.55826508,    5.91350443,
          5.29081108,  143.47985266])}
------------------------------------------------------------
  cycle        total energy    energy error   density error
------------------------------------------------------------
      1     -163.4806937942  -1.6323696E+02   3.6166919E-03
      2     -163.4790248350   1.6689592E-03   5.7223847E-03
      3     -163.4713382474   7.6865876E-03   5.8707487E-03
      4     -163.4697867433   1.5515041E-03   6.2285962E-03
      5     -163.4807147532  -1.0928010E-02   2.5132372E-03
      6     -163.4806821835   3.2569726E-05   2.2985456E-03
      7     -163.4810250211  -3.4283756E-04   7.9237777E-04
      8     -163.4810686777  -4.3656635E-05   2.9425324E-04
      9     -163.4810791075  -1.0429772E-05   1.4907377E-04
     10     -163.4810833770  -4.2694997E-06   5.3588014E-05
     11     -163.4810835083  -1.3129747E-07   2.2338019E-05
     12     -163.4810835258  -1.7566265E-08   1.1956415E-05
------------------------------------------------------------

 total:                                  13.394 sec
3
{'bond-orders': array([[0.00000000e+00, 3.08038124e-01, 2.32837424e-02, ...,
        7.62714895e-05, 8.97996664e-06, 1.04616727e-03],
       [3.08038124e-01, 0.00000000e+00, 2.20496660e-02, ...,
        7.03915030e-05, 1.54318486e-04, 1.26681235e-03],
       [2.32837424e-02, 2.20496660e-02, 0.00000000e+00, ...,
        4.00664484e-04, 4.05928011e-04, 3.08292724e-03],
       ...,
       [7.62714895e-05, 7.03915030e-05, 4.00664484e-04, ...,
        0.00000000e+00, 3.50613643e-03, 2.04937331e-02],
       [8.97996664e-06, 1.54318486e-04, 4.05928011e-04, ...,
        3.50613643e-03, 0.00000000e+00, 3.03375042e-02],
       [1.04616727e-03, 1.26681235e-03, 3.08292724e-03, ...,
        2.04937331e-02, 3.03375042e-02, 0.00000000e+00]], shape=(45, 45))}
{'bond-orders': array([[0.00000000e+00, 3.08038124e-01, 2.32837424e-02, ...,
        7.62714895e-05, 8.97996664e-06, 1.04616727e-03],
       [3.08038124e-01, 0.00000000e+00, 2.20496660e-02, ...,
        7.03915030e-05, 1.54318486e-04, 1.26681235e-03],
       [2.32837424e-02, 2.20496660e-02, 0.00000000e+00, ...,
        4.00664484e-04, 4.05928011e-04, 3.08292724e-03],
       ...,
       [7.62714895e-05, 7.03915030e-05, 4.00664484e-04, ...,
        0.00000000e+00, 3.50613643e-03, 2.04937331e-02],
       [8.97996664e-06, 1.54318486e-04, 4.05928011e-04, ...,
        3.50613643e-03, 0.00000000e+00, 3.03375042e-02],
       [1.04616727e-03, 1.26681235e-03, 3.08292724e-03, ...,
        2.04937331e-02, 3.03375042e-02, 0.00000000e+00]], shape=(45, 45)), 'molecular-dipole': array([-0.65690827, -0.13787245,  1.15763782])}
{'bond-orders': array([[0.00000000e+00, 3.08038124e-01, 2.32837424e-02, ...,
        7.62714895e-05, 8.97996664e-06, 1.04616727e-03],
       [3.08038124e-01, 0.00000000e+00, 2.20496660e-02, ...,
        7.03915030e-05, 1.54318486e-04, 1.26681235e-03],
       [2.32837424e-02, 2.20496660e-02, 0.00000000e+00, ...,
        4.00664484e-04, 4.05928011e-04, 3.08292724e-03],
       ...,
       [7.62714895e-05, 7.03915030e-05, 4.00664484e-04, ...,
        0.00000000e+00, 3.50613643e-03, 2.04937331e-02],
       [8.97996664e-06, 1.54318486e-04, 4.05928011e-04, ...,
        3.50613643e-03, 0.00000000e+00, 3.03375042e-02],
       [1.04616727e-03, 1.26681235e-03, 3.08292724e-03, ...,
        2.04937331e-02, 3.03375042e-02, 0.00000000e+00]], shape=(45, 45)), 'molecular-dipole': array([-0.65690827, -0.13787245,  1.15763782]), 'molecular-quadrupole': array([-98.73640818,  24.65446544, -42.08953223,   5.45244964,
         4.04743441, 140.8259404 ])}
------------------------------------------------------------
  cycle        total energy    energy error   density error
------------------------------------------------------------
      1     -163.4877170314  -1.6324025E+02   4.6104072E-03
      2     -163.4741340208   1.3583011E-02   9.4533515E-03
      3     -163.4151042923   5.9029729E-02   1.5436823E-02
      4     -163.4852144353  -7.0110143E-02   4.1011097E-03
      5     -163.4878615488  -2.6471135E-03   3.0515282E-03
      6     -163.4880292215  -1.6767271E-04   2.6004503E-03
      7     -163.4883968077  -3.6758624E-04   8.4986648E-04
      8     -163.4884247570  -2.7949299E-05   4.1883469E-04
      9     -163.4884464065  -2.1649427E-05   2.7217281E-04
     10     -163.4884595453  -1.3138794E-05   7.9010921E-05
     11     -163.4884602140  -6.6870365E-07   2.4915577E-05
     12     -163.4884602474  -3.3403268E-08   1.5764556E-05
------------------------------------------------------------

 total:                                  13.344 sec
3
{'bond-orders': array([[0.00000000e+00, 3.08286391e-01, 2.31216488e-02, ...,
        7.72413626e-05, 1.47890452e-06, 1.04885810e-03],
       [3.08286391e-01, 0.00000000e+00, 2.20445264e-02, ...,
        6.62047750e-05, 1.30343088e-04, 1.24951091e-03],
       [2.31216488e-02, 2.20445264e-02, 0.00000000e+00, ...,
        4.46628140e-04, 3.52680576e-04, 3.07585140e-03],
       ...,
       [7.72413626e-05, 6.62047750e-05, 4.46628140e-04, ...,
        0.00000000e+00, 4.05644551e-03, 2.14968404e-02],
       [1.47890452e-06, 1.30343088e-04, 3.52680576e-04, ...,
        4.05644551e-03, 0.00000000e+00, 3.00357391e-02],
       [1.04885810e-03, 1.24951091e-03, 3.07585140e-03, ...,
        2.14968404e-02, 3.00357391e-02, 0.00000000e+00]], shape=(45, 45))}
{'bond-orders': array([[0.00000000e+00, 3.08286391e-01, 2.31216488e-02, ...,
        7.72413626e-05, 1.47890452e-06, 1.04885810e-03],
       [3.08286391e-01, 0.00000000e+00, 2.20445264e-02, ...,
        6.62047750e-05, 1.30343088e-04, 1.24951091e-03],
       [2.31216488e-02, 2.20445264e-02, 0.00000000e+00, ...,
        4.46628140e-04, 3.52680576e-04, 3.07585140e-03],
       ...,
       [7.72413626e-05, 6.62047750e-05, 4.46628140e-04, ...,
        0.00000000e+00, 4.05644551e-03, 2.14968404e-02],
       [1.47890452e-06, 1.30343088e-04, 3.52680576e-04, ...,
        4.05644551e-03, 0.00000000e+00, 3.00357391e-02],
       [1.04885810e-03, 1.24951091e-03, 3.07585140e-03, ...,
        2.14968404e-02, 3.00357391e-02, 0.00000000e+00]], shape=(45, 45)), 'molecular-dipole': array([-0.64841804, -0.15133005,  1.06000292])}
{'bond-orders': array([[0.00000000e+00, 3.08286391e-01, 2.31216488e-02, ...,
        7.72413626e-05, 1.47890452e-06, 1.04885810e-03],
       [3.08286391e-01, 0.00000000e+00, 2.20445264e-02, ...,
        6.62047750e-05, 1.30343088e-04, 1.24951091e-03],
       [2.31216488e-02, 2.20445264e-02, 0.00000000e+00, ...,
        4.46628140e-04, 3.52680576e-04, 3.07585140e-03],
       ...,
       [7.72413626e-05, 6.62047750e-05, 4.46628140e-04, ...,
        0.00000000e+00, 4.05644551e-03, 2.14968404e-02],
       [1.47890452e-06, 1.30343088e-04, 3.52680576e-04, ...,
        4.05644551e-03, 0.00000000e+00, 3.00357391e-02],
       [1.04885810e-03, 1.24951091e-03, 3.07585140e-03, ...,
        2.14968404e-02, 3.00357391e-02, 0.00000000e+00]], shape=(45, 45)), 'molecular-dipole': array([-0.64841804, -0.15133005,  1.06000292]), 'molecular-quadrupole': array([-94.26632184,  21.47983246, -39.99198743,   2.49637178,
         1.37430874, 134.25830927])}
------------------------------------------------------------
  cycle        total energy    energy error   density error
------------------------------------------------------------
      1     -163.4965772357  -1.6324672E+02   6.4100166E-03
      2     -163.4476173225   4.8959913E-02   1.5640465E-02
      3     -163.3179513373   1.2966599E-01   2.4219940E-02
      4     -163.4941519410  -1.7620060E-01   5.1066251E-03
      5     -163.4970927249  -2.9407839E-03   3.8555188E-03
      6     -163.4977191534  -6.2642850E-04   3.0065988E-03
      7     -163.4981627052  -4.4355187E-04   1.0655126E-03
      8     -163.4981718797  -9.1744845E-06   5.7703764E-04
      9     -163.4981948604  -2.2980687E-05   4.2066956E-04
     10     -163.4982234251  -2.8564683E-05   1.6535243E-04
     11     -163.4982292036  -5.7785616E-06   5.5406963E-05
     12     -163.4982297041  -5.0044531E-07   2.2611545E-05
     13     -163.4982297355  -3.1458768E-08   9.2819265E-06
------------------------------------------------------------

 total:                                  13.768 sec
3
{'bond-orders': array([[ 0.00000000e+00,  3.08569672e-01,  2.27744055e-02, ...,
         6.72176122e-05, -5.92315146e-06,  1.12651214e-03],
       [ 3.08569672e-01,  0.00000000e+00,  2.19519502e-02, ...,
         5.40567928e-05,  1.03466009e-04,  1.23959716e-03],
       [ 2.27744055e-02,  2.19519502e-02,  0.00000000e+00, ...,
         4.92843675e-04,  2.91442993e-04,  3.06537451e-03],
       ...,
       [ 6.72176122e-05,  5.40567928e-05,  4.92843675e-04, ...,
         0.00000000e+00,  4.91283131e-03,  2.25889445e-02],
       [-5.92315146e-06,  1.03466009e-04,  2.91442993e-04, ...,
         4.91283131e-03,  0.00000000e+00,  2.95054831e-02],
       [ 1.12651214e-03,  1.23959716e-03,  3.06537451e-03, ...,
         2.25889445e-02,  2.95054831e-02,  0.00000000e+00]],
      shape=(45, 45))}
{'bond-orders': array([[ 0.00000000e+00,  3.08569672e-01,  2.27744055e-02, ...,
         6.72176122e-05, -5.92315146e-06,  1.12651214e-03],
       [ 3.08569672e-01,  0.00000000e+00,  2.19519502e-02, ...,
         5.40567928e-05,  1.03466009e-04,  1.23959716e-03],
       [ 2.27744055e-02,  2.19519502e-02,  0.00000000e+00, ...,
         4.92843675e-04,  2.91442993e-04,  3.06537451e-03],
       ...,
       [ 6.72176122e-05,  5.40567928e-05,  4.92843675e-04, ...,
         0.00000000e+00,  4.91283131e-03,  2.25889445e-02],
       [-5.92315146e-06,  1.03466009e-04,  2.91442993e-04, ...,
         4.91283131e-03,  0.00000000e+00,  2.95054831e-02],
       [ 1.12651214e-03,  1.23959716e-03,  3.06537451e-03, ...,
         2.25889445e-02,  2.95054831e-02,  0.00000000e+00]],
      shape=(45, 45)), 'molecular-dipole': array([-0.63770644, -0.17206939,  0.86778228])}
{'bond-orders': array([[ 0.00000000e+00,  3.08569672e-01,  2.27744055e-02, ...,
         6.72176122e-05, -5.92315146e-06,  1.12651214e-03],
       [ 3.08569672e-01,  0.00000000e+00,  2.19519502e-02, ...,
         5.40567928e-05,  1.03466009e-04,  1.23959716e-03],
       [ 2.27744055e-02,  2.19519502e-02,  0.00000000e+00, ...,
         4.92843675e-04,  2.91442993e-04,  3.06537451e-03],
       ...,
       [ 6.72176122e-05,  5.40567928e-05,  4.92843675e-04, ...,
         0.00000000e+00,  4.91283131e-03,  2.25889445e-02],
       [-5.92315146e-06,  1.03466009e-04,  2.91442993e-04, ...,
         4.91283131e-03,  0.00000000e+00,  2.95054831e-02],
       [ 1.12651214e-03,  1.23959716e-03,  3.06537451e-03, ...,
         2.25889445e-02,  2.95054831e-02,  0.00000000e+00]],
      shape=(45, 45)), 'molecular-dipole': array([-0.63770644, -0.17206939,  0.86778228]), 'molecular-quadrupole': array([-85.60873048,  16.42147354, -35.19507944,  -4.19345793,
        -3.49272362, 120.80380992])}
------------------------------------------------------------
  cycle        total energy    energy error   density error
------------------------------------------------------------
      1     -163.5073978100  -1.6325685E+02   5.9505353E-03
      2     -163.4737832393   3.3614571E-02   1.3959222E-02
      3     -163.3554948117   1.1828843E-01   2.2259653E-02
      4     -163.5034927906  -1.4799798E-01   5.3199730E-03
      5     -163.5081874745  -4.6946839E-03   3.0359282E-03
      6     -163.5085198764  -3.3240193E-04   2.5050902E-03
      7     -163.5088275771  -3.0770065E-04   9.3809734E-04
      8     -163.5088528816  -2.5304500E-05   3.8783529E-04
      9     -163.5088521786   7.0298350E-07   3.0885648E-04
     10     -163.5088644164  -1.2237808E-05   1.4253713E-04
     11     -163.5088686074  -4.1910165E-06   5.1402975E-05
     12     -163.5088690293  -4.2188816E-07   2.1240396E-05
     13     -163.5088690600  -3.0692860E-08   9.2255409E-06
------------------------------------------------------------

 total:                                  13.673 sec
3
{'bond-orders': array([[ 0.00000000e+00,  3.08736442e-01,  2.23021474e-02, ...,
         4.82445319e-05, -1.06473432e-05,  1.25716194e-03],
       [ 3.08736442e-01,  0.00000000e+00,  2.17914739e-02, ...,
         3.88098279e-05,  8.29634789e-05,  1.24724667e-03],
       [ 2.23021474e-02,  2.17914739e-02,  0.00000000e+00, ...,
         5.11823666e-04,  2.42294370e-04,  3.01813330e-03],
       ...,
       [ 4.82445319e-05,  3.88098279e-05,  5.11823666e-04, ...,
         0.00000000e+00,  5.63468260e-03,  2.35090653e-02],
       [-1.06473432e-05,  8.29634789e-05,  2.42294370e-04, ...,
         5.63468260e-03,  0.00000000e+00,  2.89887616e-02],
       [ 1.25716194e-03,  1.24724667e-03,  3.01813330e-03, ...,
         2.35090653e-02,  2.89887616e-02,  0.00000000e+00]],
      shape=(45, 45))}
{'bond-orders': array([[ 0.00000000e+00,  3.08736442e-01,  2.23021474e-02, ...,
         4.82445319e-05, -1.06473432e-05,  1.25716194e-03],
       [ 3.08736442e-01,  0.00000000e+00,  2.17914739e-02, ...,
         3.88098279e-05,  8.29634789e-05,  1.24724667e-03],
       [ 2.23021474e-02,  2.17914739e-02,  0.00000000e+00, ...,
         5.11823666e-04,  2.42294370e-04,  3.01813330e-03],
       ...,
       [ 4.82445319e-05,  3.88098279e-05,  5.11823666e-04, ...,
         0.00000000e+00,  5.63468260e-03,  2.35090653e-02],
       [-1.06473432e-05,  8.29634789e-05,  2.42294370e-04, ...,
         5.63468260e-03,  0.00000000e+00,  2.89887616e-02],
       [ 1.25716194e-03,  1.24724667e-03,  3.01813330e-03, ...,
         2.35090653e-02,  2.89887616e-02,  0.00000000e+00]],
      shape=(45, 45)), 'molecular-dipole': array([-0.60645937, -0.16834883,  0.64668282])}
{'bond-orders': array([[ 0.00000000e+00,  3.08736442e-01,  2.23021474e-02, ...,
         4.82445319e-05, -1.06473432e-05,  1.25716194e-03],
       [ 3.08736442e-01,  0.00000000e+00,  2.17914739e-02, ...,
         3.88098279e-05,  8.29634789e-05,  1.24724667e-03],
       [ 2.23021474e-02,  2.17914739e-02,  0.00000000e+00, ...,
         5.11823666e-04,  2.42294370e-04,  3.01813330e-03],
       ...,
       [ 4.82445319e-05,  3.88098279e-05,  5.11823666e-04, ...,
         0.00000000e+00,  5.63468260e-03,  2.35090653e-02],
       [-1.06473432e-05,  8.29634789e-05,  2.42294370e-04, ...,
         5.63468260e-03,  0.00000000e+00,  2.89887616e-02],
       [ 1.25716194e-03,  1.24724667e-03,  3.01813330e-03, ...,
         2.35090653e-02,  2.89887616e-02,  0.00000000e+00]],
      shape=(45, 45)), 'molecular-dipole': array([-0.60645937, -0.16834883,  0.64668282]), 'molecular-quadrupole': array([-75.00684215,  13.02460256, -29.43491552, -10.0022606 ,
        -6.07543092, 104.44175767])}
------------------------------------------------------------
  cycle        total energy    energy error   density error
------------------------------------------------------------
      1     -163.5179972056  -1.6326714E+02   4.9249446E-03
      2     -163.4959086077   2.2088598E-02   1.1608910E-02
      3     -163.4100333251   8.5875283E-02   1.8733114E-02
      4     -163.5152126612  -1.0517934E-01   4.4315436E-03
      5     -163.5187464043  -3.5337431E-03   2.1140158E-03
      6     -163.5188389493  -9.2545025E-05   1.8801158E-03
      7     -163.5190016378  -1.6268853E-04   7.7458426E-04
      8     -163.5190301449  -2.8507059E-05   2.5796458E-04
      9     -163.5190310235  -8.7866687E-07   1.6957552E-04
     10     -163.5190331859  -2.1623757E-06   6.6342678E-05
     11     -163.5190337789  -5.9293106E-07   2.6728891E-05
     12     -163.5190338600  -8.1116070E-08   1.4191797E-05
------------------------------------------------------------

 total:                                  12.239 sec
3
{'bond-orders': array([[ 0.00000000e+00,  3.08789873e-01,  2.17906750e-02, ...,
         2.96452196e-05, -1.25608811e-05,  1.39701154e-03],
       [ 3.08789873e-01,  0.00000000e+00,  2.16166016e-02, ...,
         2.36760691e-05,  6.89401137e-05,  1.27567114e-03],
       [ 2.17906750e-02,  2.16166016e-02,  0.00000000e+00, ...,
         5.02714350e-04,  2.04795505e-04,  2.93847239e-03],
       ...,
       [ 2.96452196e-05,  2.36760691e-05,  5.02714350e-04, ...,
         0.00000000e+00,  6.00302804e-03,  2.42524326e-02],
       [-1.25608811e-05,  6.89401137e-05,  2.04795505e-04, ...,
         6.00302804e-03,  0.00000000e+00,  2.86229783e-02],
       [ 1.39701154e-03,  1.27567114e-03,  2.93847239e-03, ...,
         2.42524326e-02,  2.86229783e-02,  0.00000000e+00]],
      shape=(45, 45))}
{'bond-orders': array([[ 0.00000000e+00,  3.08789873e-01,  2.17906750e-02, ...,
         2.96452196e-05, -1.25608811e-05,  1.39701154e-03],
       [ 3.08789873e-01,  0.00000000e+00,  2.16166016e-02, ...,
         2.36760691e-05,  6.89401137e-05,  1.27567114e-03],
       [ 2.17906750e-02,  2.16166016e-02,  0.00000000e+00, ...,
         5.02714350e-04,  2.04795505e-04,  2.93847239e-03],
       ...,
       [ 2.96452196e-05,  2.36760691e-05,  5.02714350e-04, ...,
         0.00000000e+00,  6.00302804e-03,  2.42524326e-02],
       [-1.25608811e-05,  6.89401137e-05,  2.04795505e-04, ...,
         6.00302804e-03,  0.00000000e+00,  2.86229783e-02],
       [ 1.39701154e-03,  1.27567114e-03,  2.93847239e-03, ...,
         2.42524326e-02,  2.86229783e-02,  0.00000000e+00]],
      shape=(45, 45)), 'molecular-dipole': array([-0.55913346, -0.13912574,  0.44123168])}
{'bond-orders': array([[ 0.00000000e+00,  3.08789873e-01,  2.17906750e-02, ...,
         2.96452196e-05, -1.25608811e-05,  1.39701154e-03],
       [ 3.08789873e-01,  0.00000000e+00,  2.16166016e-02, ...,
         2.36760691e-05,  6.89401137e-05,  1.27567114e-03],
       [ 2.17906750e-02,  2.16166016e-02,  0.00000000e+00, ...,
         5.02714350e-04,  2.04795505e-04,  2.93847239e-03],
       ...,
       [ 2.96452196e-05,  2.36760691e-05,  5.02714350e-04, ...,
         0.00000000e+00,  6.00302804e-03,  2.42524326e-02],
       [-1.25608811e-05,  6.89401137e-05,  2.04795505e-04, ...,
         6.00302804e-03,  0.00000000e+00,  2.86229783e-02],
       [ 1.39701154e-03,  1.27567114e-03,  2.93847239e-03, ...,
         2.42524326e-02,  2.86229783e-02,  0.00000000e+00]],
      shape=(45, 45)), 'molecular-dipole': array([-0.55913346, -0.13912574,  0.44123168]), 'molecular-quadrupole': array([-64.54958737,  11.82265528, -23.99985118, -13.51179354,
        -5.50893158,  88.54943855])}
------------------------------------------------------------
  cycle        total energy    energy error   density error
------------------------------------------------------------
      1     -163.5274698039  -1.6327614E+02   4.2161254E-03
      2     -163.4914412413   3.6028563E-02   1.2474246E-02
      3     -163.4302241691   6.1217072E-02   1.7853515E-02
      4     -163.5270342994  -9.6810130E-02   3.0787029E-03
      5     -163.5281469290  -1.1126296E-03   1.6803591E-03
      6     -163.5281879155  -4.0986510E-05   1.5132092E-03
      7     -163.5282967225  -1.0880703E-04   6.3929078E-04
      8     -163.5283142908  -1.7568291E-05   2.4266588E-04
      9     -163.5283169857  -2.6948292E-06   1.4701749E-04
     10     -163.5283181136  -1.1279105E-06   4.6049287E-05
     11     -163.5283181900  -7.6406792E-08   1.8171981E-05
------------------------------------------------------------

 total:                                   9.752 sec
3
{'bond-orders': array([[ 0.00000000e+00,  3.08759187e-01,  2.12814626e-02, ...,
         1.50252991e-05, -1.21494503e-05,  1.53085648e-03],
       [ 3.08759187e-01,  0.00000000e+00,  2.14481490e-02, ...,
         8.81263066e-06,  5.97629854e-05,  1.32386287e-03],
       [ 2.12814626e-02,  2.14481490e-02,  0.00000000e+00, ...,
         4.72249775e-04,  1.75256694e-04,  2.84118410e-03],
       ...,
       [ 1.50252991e-05,  8.81263066e-06,  4.72249775e-04, ...,
         0.00000000e+00,  6.05722374e-03,  2.48207261e-02],
       [-1.21494503e-05,  5.97629854e-05,  1.75256694e-04, ...,
         6.05722374e-03,  0.00000000e+00,  2.84040294e-02],
       [ 1.53085648e-03,  1.32386287e-03,  2.84118410e-03, ...,
         2.48207261e-02,  2.84040294e-02,  0.00000000e+00]],
      shape=(45, 45))}
{'bond-orders': array([[ 0.00000000e+00,  3.08759187e-01,  2.12814626e-02, ...,
         1.50252991e-05, -1.21494503e-05,  1.53085648e-03],
       [ 3.08759187e-01,  0.00000000e+00,  2.14481490e-02, ...,
         8.81263066e-06,  5.97629854e-05,  1.32386287e-03],
       [ 2.12814626e-02,  2.14481490e-02,  0.00000000e+00, ...,
         4.72249775e-04,  1.75256694e-04,  2.84118410e-03],
       ...,
       [ 1.50252991e-05,  8.81263066e-06,  4.72249775e-04, ...,
         0.00000000e+00,  6.05722374e-03,  2.48207261e-02],
       [-1.21494503e-05,  5.97629854e-05,  1.75256694e-04, ...,
         6.05722374e-03,  0.00000000e+00,  2.84040294e-02],
       [ 1.53085648e-03,  1.32386287e-03,  2.84118410e-03, ...,
         2.48207261e-02,  2.84040294e-02,  0.00000000e+00]],
      shape=(45, 45)), 'molecular-dipole': array([-0.51965382, -0.10470035,  0.24424438])}
{'bond-orders': array([[ 0.00000000e+00,  3.08759187e-01,  2.12814626e-02, ...,
         1.50252991e-05, -1.21494503e-05,  1.53085648e-03],
       [ 3.08759187e-01,  0.00000000e+00,  2.14481490e-02, ...,
         8.81263066e-06,  5.97629854e-05,  1.32386287e-03],
       [ 2.12814626e-02,  2.14481490e-02,  0.00000000e+00, ...,
         4.72249775e-04,  1.75256694e-04,  2.84118410e-03],
       ...,
       [ 1.50252991e-05,  8.81263066e-06,  4.72249775e-04, ...,
         0.00000000e+00,  6.05722374e-03,  2.48207261e-02],
       [-1.21494503e-05,  5.97629854e-05,  1.75256694e-04, ...,
         6.05722374e-03,  0.00000000e+00,  2.84040294e-02],
       [ 1.53085648e-03,  1.32386287e-03,  2.84118410e-03, ...,
         2.48207261e-02,  2.84040294e-02,  0.00000000e+00]],
      shape=(45, 45)), 'molecular-dipole': array([-0.51965382, -0.10470035,  0.24424438]), 'molecular-quadrupole': array([-54.7801398 ,  11.12668653, -18.53310356, -17.51223294,
        -4.18838732,  73.31324336])}
------------------------------------------------------------
  cycle        total energy    energy error   density error
------------------------------------------------------------
      1     -163.5361575059  -1.6328422E+02   3.7898992E-03
      2     -163.5286677639   7.4897420E-03   7.8072099E-03
      3     -163.4862872632   4.2380501E-02   1.2727807E-02
      4     -163.5334688666  -4.7181603E-02   3.7937787E-03
      5     -163.5365418783  -3.0730118E-03   1.5202564E-03
      6     -163.5365582052  -1.6326858E-05   1.4370987E-03
      7     -163.5366701127  -1.1190755E-04   5.4063125E-04
      8     -163.5366809012  -1.0788421E-05   2.3008828E-04
      9     -163.5366847416  -3.8404613E-06   1.4626235E-04
     10     -163.5366859892  -1.2475456E-06   5.6116344E-05
     11     -163.5366861583  -1.6917198E-07   2.7958537E-05
