/home/ans819/.conda/envs/autoflow/lib/python3.13/site-packages/e3nn/o3/_wigner.py:10: UserWarning: Environment variable TORCH_FORCE_NO_WEIGHTS_ONLY_LOAD detected, since the`weights_only` argument was not explicitly passed to `torch.load`, forcing weights_only=False.
  _Jd, _W3j_flat, _W3j_indices = torch.load(os.path.join(os.path.dirname(__file__), 'constants.pt'))

          ==================== Thresholds ====================
          CN  :   150.00000
          rep :   500.00000
          disp:  2500.00000
          HB1 :   250.00000
          HB2 :   450.00000

          Pauling EN used:
          Z : 1  EN :  2.20
          Z : 6  EN :  2.55
          Z : 8  EN :  3.44
          Z :47  EN :  1.93
          electric field strengths (au): 0.000

           ------------------------------------------------- 
          |           Force Field Initialization            |
           ------------------------------------------------- 

          distances ...
          ----------------------------------------
          generating topology and atomic info file ...
          pair mat ...
          computing topology distances matrix with Floyd-Warshall algo ...
          making topology EEQ charges ...
          #fragments for EEQ constrain: 1
          ----------------------------------------
          generating topology and atomic info file ...
          pair mat ...
          computing topology distances matrix with Floyd-Warshall algo ...
          making topology EEQ charges ...
          #fragments for EEQ constrain: 1
          rings ...
          # BATM   3448
          # H in HB   0

  atom   neighbors  erfCN metchar sp-hybrid imet pi  qest     coordinates
    1  Ag      2    1.35   0.37         2    2    0  -0.000    2.019184    0.356229   26.103415
    2  Ag      5    3.15   0.31         0    2    0   0.015    5.509494    4.630967   26.103415
    3  Ag      9    4.27   0.07         0    2    0   0.007   14.235267    8.193249   27.696516
    4  Ag      7    3.92   0.19         0    2    0   0.011   10.744958    3.918511   27.696516
    5  Ag      7    3.92   0.19         0    2    0   0.014   19.470731    7.480793   29.289617
    6  Ag      6    3.59   0.27         0    2    0   0.016   15.980422    3.206054   29.289617
    7  Ag      9    4.27   0.07         0    2    0   0.007    7.254648    6.768336   30.882718
    8  Ag      6    3.59   0.23         0    2    0   0.017    3.764339    2.493598   30.882718
    9  Ag     12    4.39   0.01         0    2    0   0.005   12.490112    6.055880   32.475819
   10  Ag      7    3.92   0.19         0    2    0   0.017    8.999803    1.781141   32.475819
   11  Ag      9    4.27   0.07         0    2    0   0.018   17.725576    5.343423   34.068920
   12  Ag      6    3.59   0.27         0    2    0   0.031   14.235267    1.068685   34.068920
   13  Ag      8    4.14   0.11         0    2    0   0.018    5.509494    4.630967   35.662020
   14  Ag      3    2.00   0.37         2    2    0   0.011    2.019184    0.356229   35.662020
   15  Ag      8    4.14   0.12         0    2    0   0.027   10.744958    3.918511   37.255121
   16  Ag     10    4.34   0.04         0    2    0   0.016   14.235267    8.193249   37.255121
   17  Ag      8    4.18   0.10         0    2    0   0.122   15.980422    3.206054   38.848222
   18  Ag      7    3.76   0.24         0    2    0   0.090   19.470731    7.480793   38.848222
   19  Ag      3    2.00   0.37         2    2    0   0.011    3.764339    2.493598   40.441323
   20  Ag      5    3.15   0.32         0    2    0   0.022    7.254648    6.768336   40.441323
   21  Ag      6    3.59   0.26         0    2    0   0.011    8.999803    8.905705   26.103415
   22  Ag      5    3.15   0.34         0    2    0   0.012   12.490112   13.180444   26.103415
   23  Ag      4    2.61   0.38         3    2    0   0.015   21.215886   16.742726   27.696516
   24  Ag      8    4.14   0.12         0    2    0   0.010   17.725576   12.467987   27.696516
   25  Ag      3    2.00   0.39         2    2    0   0.008   26.451350   16.030269   29.289617
   26  Ag      7    3.92   0.19         0    2    0   0.017   22.961040   11.755531   29.289617
   27  Ag      6    3.59   0.27         0    2    0   0.011   14.235267   15.317813   30.882718
   28  Ag      9    4.27   0.07         0    2    0   0.006   10.744958   11.043075   30.882718
   29  Ag      9    4.27   0.07         0    2    0   0.012   19.470731   14.605357   32.475819
/home/ans819/.conda/envs/autoflow/lib/python3.13/site-packages/mace/calculators/mace.py:197: UserWarning: Environment variable TORCH_FORCE_NO_WEIGHTS_ONLY_LOAD detected, since the`weights_only` argument was not explicitly passed to `torch.load`, forcing weights_only=False.
  torch.load(f=model_path, map_location=device)
/home/ans819/.conda/envs/autoflow/lib/python3.13/site-packages/chgnet/model/model.py:898: UserWarning: Converting a tensor with requires_grad=True to a scalar may lead to unexpected behavior.
Consider using tensor.detach() first. (Triggered internally at /pytorch/torch/csrc/autograd/generated/python_variable_methods.cpp:836.)
  volumes = torch.tensor(volumes, dtype=TORCH_DTYPE, device=atomic_numbers.device)
cuequivariance or cuequivariance_torch is not available. Cuequivariance acceleration will be disabled.
------------------------------------------------------------
  cycle        total energy    energy error   density error
------------------------------------------------------------
      1     -163.1635806112  -1.6292301E+02   9.9949936E-01
      2     -162.1173461483   1.0462345E+00   6.1961490E-01
      3      133.6554984459   2.9577284E+02   1.5966486E+00
      4     -116.0285623596  -2.4968406E+02   7.3790611E-01
      5     -40.70426920019   7.5324293E+01   7.1239962E-01
      6     -155.0357780573  -1.1433151E+02   2.6324415E-01
      7     -157.8112895328  -2.7755115E+00   1.8392649E-01
      8     -163.3464411967  -5.5351517E+00   5.7201028E-02
      9     -163.3811058855  -3.4664689E-02   4.9135659E-02
     10     -163.2453329946   1.3577289E-01   4.1363648E-02
     11     -163.4881396474  -2.4280665E-01   3.0781500E-02
     12     -163.4954900049  -7.3503575E-03   2.4577377E-02
     13     -163.4887417597   6.7482451E-03   2.1450973E-02
     14     -163.4996900594  -1.0948300E-02   1.7989228E-02
     15     -163.4985670451   1.1230143E-03   1.6328592E-02
     16     -163.4985723981  -5.3530262E-06   1.4600557E-02
     17     -163.5010031224  -2.4307243E-03   1.2385144E-02
     18     -163.5014645013  -4.6137885E-04   1.1349853E-02
     19     -163.5018587756  -3.9427434E-04   1.0456777E-02
     20     -163.5020840985  -2.2532289E-04   9.6769836E-03
     21     -163.5024059740  -3.2187549E-04   8.2783490E-03
     22     -163.5029201224  -5.1414842E-04   6.2940289E-03
     23     -163.5033700934  -4.4997101E-04   2.6402813E-03
     24     -163.5035253469  -1.5525352E-04   1.0166294E-03
     25     -163.5035376590  -1.2312082E-05   1.0136689E-03
     26     -163.5035408547  -3.1956500E-06   7.7314405E-04
     27     -163.5035377126   3.1420381E-06   6.9665935E-04
     28     -163.5035518748  -1.4162207E-05   5.0787610E-04
     29     -163.5035675459  -1.5671062E-05   3.2783953E-04
     30     -163.5035723808  -4.8348946E-06   1.8969455E-04
     31     -163.5035735867  -1.2058617E-06   2.9484201E-05
     32     -163.5035736074  -2.0702032E-08   2.7641447E-05
     33     -163.5035736319  -2.4579691E-08   1.1738138E-05
------------------------------------------------------------

 total:                                  19.778 sec
3
{'bond-orders': array([[0.00000000e+00, 3.08105636e-01, 2.33935666e-02, ...,
        1.11228003e-04, 3.29572735e-05, 6.09333821e-04],
       [3.08105636e-01, 0.00000000e+00, 2.15170825e-02, ...,
        2.09494067e-04, 1.17243001e-04, 2.28660113e-03],
       [2.33935666e-02, 2.15170825e-02, 0.00000000e+00, ...,
        1.50782506e-04, 1.42402396e-04, 1.54844579e-03],
       ...,
       [1.11228003e-04, 2.09494067e-04, 1.50782506e-04, ...,
        0.00000000e+00, 2.18105813e-03, 2.19264377e-02],
       [3.29572735e-05, 1.17243001e-04, 1.42402396e-04, ...,
        2.18105813e-03, 0.00000000e+00, 2.28325559e-02],
       [6.09333821e-04, 2.28660113e-03, 1.54844579e-03, ...,
        2.19264377e-02, 2.28325559e-02, 0.00000000e+00]], shape=(45, 45))}
{'bond-orders': array([[0.00000000e+00, 3.08105636e-01, 2.33935666e-02, ...,
        1.11228003e-04, 3.29572735e-05, 6.09333821e-04],
       [3.08105636e-01, 0.00000000e+00, 2.15170825e-02, ...,
        2.09494067e-04, 1.17243001e-04, 2.28660113e-03],
       [2.33935666e-02, 2.15170825e-02, 0.00000000e+00, ...,
        1.50782506e-04, 1.42402396e-04, 1.54844579e-03],
       ...,
       [1.11228003e-04, 2.09494067e-04, 1.50782506e-04, ...,
        0.00000000e+00, 2.18105813e-03, 2.19264377e-02],
       [3.29572735e-05, 1.17243001e-04, 1.42402396e-04, ...,
        2.18105813e-03, 0.00000000e+00, 2.28325559e-02],
       [6.09333821e-04, 2.28660113e-03, 1.54844579e-03, ...,
        2.19264377e-02, 2.28325559e-02, 0.00000000e+00]], shape=(45, 45)), 'molecular-dipole': array([-2.23075352, -0.06352922,  0.16757232])}
{'bond-orders': array([[0.00000000e+00, 3.08105636e-01, 2.33935666e-02, ...,
        1.11228003e-04, 3.29572735e-05, 6.09333821e-04],
       [3.08105636e-01, 0.00000000e+00, 2.15170825e-02, ...,
        2.09494067e-04, 1.17243001e-04, 2.28660113e-03],
       [2.33935666e-02, 2.15170825e-02, 0.00000000e+00, ...,
        1.50782506e-04, 1.42402396e-04, 1.54844579e-03],
       ...,
       [1.11228003e-04, 2.09494067e-04, 1.50782506e-04, ...,
        0.00000000e+00, 2.18105813e-03, 2.19264377e-02],
       [3.29572735e-05, 1.17243001e-04, 1.42402396e-04, ...,
        2.18105813e-03, 0.00000000e+00, 2.28325559e-02],
       [6.09333821e-04, 2.28660113e-03, 1.54844579e-03, ...,
        2.19264377e-02, 2.28325559e-02, 0.00000000e+00]], shape=(45, 45)), 'molecular-dipole': array([-2.23075352, -0.06352922,  0.16757232]), 'molecular-quadrupole': array([ -83.78053213,  -37.42146197,    1.7351621 , -246.05905219,
        -19.48056068,   82.04537003])}
------------------------------------------------------------
  cycle        total energy    energy error   density error
------------------------------------------------------------
      1     -163.5073140331  -1.6326585E+02   4.1196715E-03
      2     -163.5043183323   2.9957008E-03   4.0081110E-03
      3     -163.3919402034   1.1237813E-01   1.9270330E-02
      4     -163.5067673551  -1.1482715E-01   2.7693595E-03
      5     -163.5072301681  -4.6281300E-04   2.0698492E-03
      6     -163.5075636570  -3.3348900E-04   1.0948907E-03
      7     -163.5076673512  -1.0369412E-04   3.9512023E-04
      8     -163.5076766065  -9.2553688E-06   2.6728807E-04
      9     -163.5076778747  -1.2681358E-06   1.9621084E-04
     10     -163.5076844030  -6.5283371E-06   1.0808204E-04
     11     -163.5076869496  -2.5465446E-06   4.5707155E-05
     12     -163.5076873671  -4.1754575E-07   9.4256565E-06
------------------------------------------------------------

 total:                                  13.378 sec
3
{'bond-orders': array([[0.00000000e+00, 3.07970171e-01, 2.34010326e-02, ...,
        1.10146958e-04, 4.90790486e-05, 6.12523101e-04],
       [3.07970171e-01, 0.00000000e+00, 2.14627560e-02, ...,
        2.09429579e-04, 1.48135331e-04, 2.21439185e-03],
       [2.34010326e-02, 2.14627560e-02, 0.00000000e+00, ...,
        1.52015878e-04, 1.67239945e-04, 1.48090845e-03],
       ...,
       [1.10146958e-04, 2.09429579e-04, 1.52015878e-04, ...,
        0.00000000e+00, 2.68938228e-03, 2.23798621e-02],
       [4.90790486e-05, 1.48135331e-04, 1.67239945e-04, ...,
        2.68938228e-03, 0.00000000e+00, 2.56803459e-02],
       [6.12523101e-04, 2.21439185e-03, 1.48090845e-03, ...,
        2.23798621e-02, 2.56803459e-02, 0.00000000e+00]], shape=(45, 45))}
{'bond-orders': array([[0.00000000e+00, 3.07970171e-01, 2.34010326e-02, ...,
        1.10146958e-04, 4.90790486e-05, 6.12523101e-04],
       [3.07970171e-01, 0.00000000e+00, 2.14627560e-02, ...,
        2.09429579e-04, 1.48135331e-04, 2.21439185e-03],
       [2.34010326e-02, 2.14627560e-02, 0.00000000e+00, ...,
        1.52015878e-04, 1.67239945e-04, 1.48090845e-03],
       ...,
       [1.10146958e-04, 2.09429579e-04, 1.52015878e-04, ...,
        0.00000000e+00, 2.68938228e-03, 2.23798621e-02],
       [4.90790486e-05, 1.48135331e-04, 1.67239945e-04, ...,
        2.68938228e-03, 0.00000000e+00, 2.56803459e-02],
       [6.12523101e-04, 2.21439185e-03, 1.48090845e-03, ...,
        2.23798621e-02, 2.56803459e-02, 0.00000000e+00]], shape=(45, 45)), 'molecular-dipole': array([-2.20200628, -0.03713526,  0.18662628])}
{'bond-orders': array([[0.00000000e+00, 3.07970171e-01, 2.34010326e-02, ...,
        1.10146958e-04, 4.90790486e-05, 6.12523101e-04],
       [3.07970171e-01, 0.00000000e+00, 2.14627560e-02, ...,
        2.09429579e-04, 1.48135331e-04, 2.21439185e-03],
       [2.34010326e-02, 2.14627560e-02, 0.00000000e+00, ...,
        1.52015878e-04, 1.67239945e-04, 1.48090845e-03],
       ...,
       [1.10146958e-04, 2.09429579e-04, 1.52015878e-04, ...,
        0.00000000e+00, 2.68938228e-03, 2.23798621e-02],
       [4.90790486e-05, 1.48135331e-04, 1.67239945e-04, ...,
        2.68938228e-03, 0.00000000e+00, 2.56803459e-02],
       [6.12523101e-04, 2.21439185e-03, 1.48090845e-03, ...,
        2.23798621e-02, 2.56803459e-02, 0.00000000e+00]], shape=(45, 45)), 'molecular-dipole': array([-2.20200628, -0.03713526,  0.18662628]), 'molecular-quadrupole': array([ -84.21620581,  -35.42817311,    0.63108073, -241.55942121,
        -15.98345526,   83.58512508])}
------------------------------------------------------------
  cycle        total energy    energy error   density error
------------------------------------------------------------
      1     -163.5110656049  -1.6326831E+02   5.4803531E-03
      2     -163.5038818367   7.1837682E-03   6.0278060E-03
      3     -163.2976650090   2.0621683E-01   2.6292733E-02
      4     -163.5093262776  -2.1166127E-01   4.5282199E-03
      5     -163.5111260525  -1.7997749E-03   2.1132524E-03
      6     -163.5116866027  -5.6055021E-04   1.2249489E-03
      7     -163.5117650812  -7.8478470E-05   4.1860364E-04
      8     -163.5117617561   3.3250703E-06   3.1803622E-04
      9     -163.5117580833   3.6727962E-06   2.6421504E-04
     10     -163.5117709183  -1.2834991E-05   1.3319820E-04
     11     -163.5117752042  -4.2858830E-06   4.9444846E-05
     12     -163.5117756488  -4.4460774E-07   1.3410317E-05
------------------------------------------------------------

 total:                                  13.520 sec
3
{'bond-orders': array([[0.00000000e+00, 3.07890830e-01, 2.33701020e-02, ...,
        1.16859597e-04, 7.11253162e-05, 6.00402099e-04],
       [3.07890830e-01, 0.00000000e+00, 2.13616711e-02, ...,
        2.19898505e-04, 1.90092724e-04, 2.08129441e-03],
       [2.33701020e-02, 2.13616711e-02, 0.00000000e+00, ...,
        1.61949781e-04, 1.97736417e-04, 1.38031622e-03],
       ...,
       [1.16859597e-04, 2.19898505e-04, 1.61949781e-04, ...,
        0.00000000e+00, 3.67130971e-03, 2.35680599e-02],
       [7.11253162e-05, 1.90092724e-04, 1.97736417e-04, ...,
        3.67130971e-03, 0.00000000e+00, 3.11285659e-02],
       [6.00402099e-04, 2.08129441e-03, 1.38031622e-03, ...,
        2.35680599e-02, 3.11285659e-02, 0.00000000e+00]], shape=(45, 45))}
{'bond-orders': array([[0.00000000e+00, 3.07890830e-01, 2.33701020e-02, ...,
        1.16859597e-04, 7.11253162e-05, 6.00402099e-04],
       [3.07890830e-01, 0.00000000e+00, 2.13616711e-02, ...,
        2.19898505e-04, 1.90092724e-04, 2.08129441e-03],
       [2.33701020e-02, 2.13616711e-02, 0.00000000e+00, ...,
        1.61949781e-04, 1.97736417e-04, 1.38031622e-03],
       ...,
       [1.16859597e-04, 2.19898505e-04, 1.61949781e-04, ...,
        0.00000000e+00, 3.67130971e-03, 2.35680599e-02],
       [7.11253162e-05, 1.90092724e-04, 1.97736417e-04, ...,
        3.67130971e-03, 0.00000000e+00, 3.11285659e-02],
       [6.00402099e-04, 2.08129441e-03, 1.38031622e-03, ...,
        2.35680599e-02, 3.11285659e-02, 0.00000000e+00]], shape=(45, 45)), 'molecular-dipole': array([-2.15949246,  0.01630913,  0.18210746])}
{'bond-orders': array([[0.00000000e+00, 3.07890830e-01, 2.33701020e-02, ...,
        1.16859597e-04, 7.11253162e-05, 6.00402099e-04],
       [3.07890830e-01, 0.00000000e+00, 2.13616711e-02, ...,
        2.19898505e-04, 1.90092724e-04, 2.08129441e-03],
       [2.33701020e-02, 2.13616711e-02, 0.00000000e+00, ...,
        1.61949781e-04, 1.97736417e-04, 1.38031622e-03],
       ...,
       [1.16859597e-04, 2.19898505e-04, 1.61949781e-04, ...,
        0.00000000e+00, 3.67130971e-03, 2.35680599e-02],
       [7.11253162e-05, 1.90092724e-04, 1.97736417e-04, ...,
        3.67130971e-03, 0.00000000e+00, 3.11285659e-02],
       [6.00402099e-04, 2.08129441e-03, 1.38031622e-03, ...,
        2.35680599e-02, 3.11285659e-02, 0.00000000e+00]], shape=(45, 45)), 'molecular-dipole': array([-2.15949246,  0.01630913,  0.18210746]), 'molecular-quadrupole': array([ -83.4813194 ,  -31.73705926,    0.48278705, -236.62861776,
         -9.66526052,   82.99853235])}
------------------------------------------------------------
  cycle        total energy    energy error   density error
------------------------------------------------------------
      1     -163.5146775812  -1.6326964E+02   2.5070874E-03
      2     -163.5143444728   3.3310846E-04   3.1173052E-03
      3     -163.5132915243   1.0529485E-03   2.8457196E-03
      4     -163.5066479016   6.6436227E-03   5.1722873E-03
      5     -163.5145073805  -7.8594789E-03   1.4712833E-03
      6     -163.5147012765  -1.9389604E-04   1.1669867E-03
      7     -163.5148498198  -1.4854329E-04   3.0727320E-04
      8     -163.5148531748  -3.3550226E-06   1.6020789E-04
      9     -163.5148546705  -1.4956798E-06   1.0946428E-04
     10     -163.5148564701  -1.7996477E-06   5.0117562E-05
     11     -163.5148569682  -4.9806320E-07   1.5855214E-05
------------------------------------------------------------

 total:                                  12.994 sec
3
{'bond-orders': array([[0.00000000e+00, 3.07976994e-01, 2.33053623e-02, ...,
        1.15613979e-04, 6.92328998e-05, 5.63177430e-04],
       [3.07976994e-01, 0.00000000e+00, 2.12740812e-02, ...,
        2.17342330e-04, 1.98873219e-04, 1.97218988e-03],
       [2.33053623e-02, 2.12740812e-02, 0.00000000e+00, ...,
        1.63226193e-04, 2.02550918e-04, 1.31940031e-03],
       ...,
       [1.15613979e-04, 2.17342330e-04, 1.63226193e-04, ...,
        0.00000000e+00, 4.61794541e-03, 2.39860544e-02],
       [6.92328998e-05, 1.98873219e-04, 2.02550918e-04, ...,
        4.61794541e-03, 0.00000000e+00, 3.52602409e-02],
       [5.63177430e-04, 1.97218988e-03, 1.31940031e-03, ...,
        2.39860544e-02, 3.52602409e-02, 0.00000000e+00]], shape=(45, 45))}
{'bond-orders': array([[0.00000000e+00, 3.07976994e-01, 2.33053623e-02, ...,
        1.15613979e-04, 6.92328998e-05, 5.63177430e-04],
       [3.07976994e-01, 0.00000000e+00, 2.12740812e-02, ...,
        2.17342330e-04, 1.98873219e-04, 1.97218988e-03],
       [2.33053623e-02, 2.12740812e-02, 0.00000000e+00, ...,
        1.63226193e-04, 2.02550918e-04, 1.31940031e-03],
       ...,
       [1.15613979e-04, 2.17342330e-04, 1.63226193e-04, ...,
        0.00000000e+00, 4.61794541e-03, 2.39860544e-02],
       [6.92328998e-05, 1.98873219e-04, 2.02550918e-04, ...,
        4.61794541e-03, 0.00000000e+00, 3.52602409e-02],
       [5.63177430e-04, 1.97218988e-03, 1.31940031e-03, ...,
        2.39860544e-02, 3.52602409e-02, 0.00000000e+00]], shape=(45, 45)), 'molecular-dipole': array([-2.15084646,  0.03594991,  0.12639215])}
{'bond-orders': array([[0.00000000e+00, 3.07976994e-01, 2.33053623e-02, ...,
        1.15613979e-04, 6.92328998e-05, 5.63177430e-04],
       [3.07976994e-01, 0.00000000e+00, 2.12740812e-02, ...,
        2.17342330e-04, 1.98873219e-04, 1.97218988e-03],
       [2.33053623e-02, 2.12740812e-02, 0.00000000e+00, ...,
        1.63226193e-04, 2.02550918e-04, 1.31940031e-03],
       ...,
       [1.15613979e-04, 2.17342330e-04, 1.63226193e-04, ...,
        0.00000000e+00, 4.61794541e-03, 2.39860544e-02],
       [6.92328998e-05, 1.98873219e-04, 2.02550918e-04, ...,
        4.61794541e-03, 0.00000000e+00, 3.52602409e-02],
       [5.63177430e-04, 1.97218988e-03, 1.31940031e-03, ...,
        2.39860544e-02, 3.52602409e-02, 0.00000000e+00]], shape=(45, 45)), 'molecular-dipole': array([-2.15084646,  0.03594991,  0.12639215]), 'molecular-quadrupole': array([ -81.32528191,  -30.46681421,    2.38679905, -238.22039293,
         -8.2129983 ,   78.93848286])}
------------------------------------------------------------
  cycle        total energy    energy error   density error
------------------------------------------------------------
      1     -163.5177602540  -1.6327001E+02   2.8113846E-03
      2     -163.5157205660   2.0396880E-03   4.3834649E-03
      3     -163.4945169053   2.1203661E-02   8.7477599E-03
      4     -163.5157622948  -2.1245390E-02   3.0066637E-03
      5     -163.5178966610  -2.1343662E-03   1.4369955E-03
      6     -163.5179092495  -1.2588562E-05   1.3871717E-03
      7     -163.5180344504  -1.2520091E-04   3.7371566E-04
      8     -163.5180418240  -7.3735989E-06   1.0970939E-04
      9     -163.5180419209  -9.6837624E-08   7.0387621E-05
     10     -163.5180421496  -2.2872536E-07   3.6929920E-05
     11     -163.5180423235  -1.7388035E-07   1.6818060E-05
------------------------------------------------------------

 total:                                  12.851 sec
3
{'bond-orders': array([[0.00000000e+00, 3.08178385e-01, 2.32021379e-02, ...,
        1.11919255e-04, 5.15732872e-05, 5.20808817e-04],
       [3.08178385e-01, 0.00000000e+00, 2.11730316e-02, ...,
        2.18625282e-04, 1.88651519e-04, 1.90267054e-03],
       [2.32021379e-02, 2.11730316e-02, 0.00000000e+00, ...,
        1.68493334e-04, 1.93369752e-04, 1.29542471e-03],
       ...,
       [1.11919255e-04, 2.18625282e-04, 1.68493334e-04, ...,
        0.00000000e+00, 5.70808554e-03, 2.42765390e-02],
       [5.15732872e-05, 1.88651519e-04, 1.93369752e-04, ...,
        5.70808554e-03, 0.00000000e+00, 3.81151721e-02],
       [5.20808817e-04, 1.90267054e-03, 1.29542471e-03, ...,
        2.42765390e-02, 3.81151721e-02, 0.00000000e+00]], shape=(45, 45))}
{'bond-orders': array([[0.00000000e+00, 3.08178385e-01, 2.32021379e-02, ...,
        1.11919255e-04, 5.15732872e-05, 5.20808817e-04],
       [3.08178385e-01, 0.00000000e+00, 2.11730316e-02, ...,
        2.18625282e-04, 1.88651519e-04, 1.90267054e-03],
       [2.32021379e-02, 2.11730316e-02, 0.00000000e+00, ...,
        1.68493334e-04, 1.93369752e-04, 1.29542471e-03],
       ...,
       [1.11919255e-04, 2.18625282e-04, 1.68493334e-04, ...,
        0.00000000e+00, 5.70808554e-03, 2.42765390e-02],
       [5.15732872e-05, 1.88651519e-04, 1.93369752e-04, ...,
        5.70808554e-03, 0.00000000e+00, 3.81151721e-02],
       [5.20808817e-04, 1.90267054e-03, 1.29542471e-03, ...,
        2.42765390e-02, 3.81151721e-02, 0.00000000e+00]], shape=(45, 45)), 'molecular-dipole': array([-2.15933362,  0.05016614,  0.0291324 ])}
{'bond-orders': array([[0.00000000e+00, 3.08178385e-01, 2.32021379e-02, ...,
        1.11919255e-04, 5.15732872e-05, 5.20808817e-04],
       [3.08178385e-01, 0.00000000e+00, 2.11730316e-02, ...,
        2.18625282e-04, 1.88651519e-04, 1.90267054e-03],
       [2.32021379e-02, 2.11730316e-02, 0.00000000e+00, ...,
        1.68493334e-04, 1.93369752e-04, 1.29542471e-03],
       ...,
       [1.11919255e-04, 2.18625282e-04, 1.68493334e-04, ...,
        0.00000000e+00, 5.70808554e-03, 2.42765390e-02],
       [5.15732872e-05, 1.88651519e-04, 1.93369752e-04, ...,
        5.70808554e-03, 0.00000000e+00, 3.81151721e-02],
       [5.20808817e-04, 1.90267054e-03, 1.29542471e-03, ...,
        2.42765390e-02, 3.81151721e-02, 0.00000000e+00]], shape=(45, 45)), 'molecular-dipole': array([-2.15933362,  0.05016614,  0.0291324 ]), 'molecular-quadrupole': array([ -77.87970251,  -29.70904758,    6.15740551, -244.0745177 ,
         -8.25958824,   71.72229701])}
------------------------------------------------------------
  cycle        total energy    energy error   density error
------------------------------------------------------------
      1     -163.5207345007  -1.6327169E+02   3.9593654E-03
      2     -163.4857239092   3.5010592E-02   1.0826051E-02
      3     -163.4529094724   3.2814437E-02   1.5081236E-02
      4     -163.5211361666  -6.8226694E-02   1.9738846E-03
      5     -163.5210155826   1.2058398E-04   1.7314678E-03
      6     -163.5211676753  -1.5209276E-04   1.5560332E-03
      7     -163.5213320545  -1.6437916E-04   5.9762688E-04
      8     -163.5213395683  -7.5137805E-06   2.8989460E-04
      9     -163.5213464082  -6.8399134E-06   1.6969685E-04
     10     -163.5213508123  -4.4040654E-06   6.7402325E-05
     11     -163.5213516927  -8.8041460E-07   3.1228077E-05
     12     -163.5213518344  -1.4172437E-07   7.4717851E-06
------------------------------------------------------------

 total:                                  13.158 sec
3
{'bond-orders': array([[0.00000000e+00, 3.08441201e-01, 2.30813866e-02, ...,
        1.05015135e-04, 2.39678632e-05, 5.05253148e-04],
       [3.08441201e-01, 0.00000000e+00, 2.10924279e-02, ...,
        2.25808449e-04, 1.64328886e-04, 1.90206257e-03],
       [2.30813866e-02, 2.10924279e-02, 0.00000000e+00, ...,
        1.79082107e-04, 1.74651935e-04, 1.32983168e-03],
       ...,
       [1.05015135e-04, 2.25808449e-04, 1.79082107e-04, ...,
        0.00000000e+00, 6.63106610e-03, 2.44275068e-02],
       [2.39678632e-05, 1.64328886e-04, 1.74651935e-04, ...,
        6.63106610e-03, 0.00000000e+00, 3.80634320e-02],
       [5.05253148e-04, 1.90206257e-03, 1.32983168e-03, ...,
        2.44275068e-02, 3.80634320e-02, 0.00000000e+00]], shape=(45, 45))}
{'bond-orders': array([[0.00000000e+00, 3.08441201e-01, 2.30813866e-02, ...,
        1.05015135e-04, 2.39678632e-05, 5.05253148e-04],
       [3.08441201e-01, 0.00000000e+00, 2.10924279e-02, ...,
        2.25808449e-04, 1.64328886e-04, 1.90206257e-03],
       [2.30813866e-02, 2.10924279e-02, 0.00000000e+00, ...,
        1.79082107e-04, 1.74651935e-04, 1.32983168e-03],
       ...,
       [1.05015135e-04, 2.25808449e-04, 1.79082107e-04, ...,
        0.00000000e+00, 6.63106610e-03, 2.44275068e-02],
       [2.39678632e-05, 1.64328886e-04, 1.74651935e-04, ...,
        6.63106610e-03, 0.00000000e+00, 3.80634320e-02],
       [5.05253148e-04, 1.90206257e-03, 1.32983168e-03, ...,
        2.44275068e-02, 3.80634320e-02, 0.00000000e+00]], shape=(45, 45)), 'molecular-dipole': array([-2.20422786,  0.04208921, -0.10741156])}
{'bond-orders': array([[0.00000000e+00, 3.08441201e-01, 2.30813866e-02, ...,
        1.05015135e-04, 2.39678632e-05, 5.05253148e-04],
       [3.08441201e-01, 0.00000000e+00, 2.10924279e-02, ...,
        2.25808449e-04, 1.64328886e-04, 1.90206257e-03],
       [2.30813866e-02, 2.10924279e-02, 0.00000000e+00, ...,
        1.79082107e-04, 1.74651935e-04, 1.32983168e-03],
       ...,
       [1.05015135e-04, 2.25808449e-04, 1.79082107e-04, ...,
        0.00000000e+00, 6.63106610e-03, 2.44275068e-02],
       [2.39678632e-05, 1.64328886e-04, 1.74651935e-04, ...,
        6.63106610e-03, 0.00000000e+00, 3.80634320e-02],
       [5.05253148e-04, 1.90206257e-03, 1.32983168e-03, ...,
        2.44275068e-02, 3.80634320e-02, 0.00000000e+00]], shape=(45, 45)), 'molecular-dipole': array([-2.20422786,  0.04208921, -0.10741156]), 'molecular-quadrupole': array([ -73.84022178,  -30.84502402,   11.63828682, -255.97224029,
        -11.55551293,   62.20193496])}
------------------------------------------------------------
  cycle        total energy    energy error   density error
------------------------------------------------------------
      1     -163.5247149237  -1.6327655E+02   6.2779858E-03
      2     -163.4731555741   5.1559350E-02   1.3263813E-02
      3     -163.2975065979   1.7564898E-01   2.7145656E-02
      4     -163.5254104337  -2.2790384E-01   3.0514497E-03
      5     -163.5251942665   2.1616717E-04   2.3304167E-03
      6     -163.5258415733  -6.4730681E-04   1.0602611E-03
      7     -163.5258745775  -3.3004197E-05   5.8646423E-04
      8     -163.5258659317   8.6458132E-06   6.4802604E-04
      9     -163.5258916027  -2.5670990E-05   3.3783802E-04
     10     -163.5259024170  -1.0814284E-05   1.1471684E-04
     11     -163.5259047138  -2.2968083E-06   6.3710282E-05
     12     -163.5259051952  -4.8140097E-07   1.5064136E-05
------------------------------------------------------------

 total:                                  13.421 sec
3
{'bond-orders': array([[ 0.00000000e+00,  3.08810660e-01,  2.29129241e-02, ...,
         8.82362742e-05, -1.50912722e-05,  5.63481278e-04],
       [ 3.08810660e-01,  0.00000000e+00,  2.09987437e-02, ...,
         2.40155275e-04,  1.23581201e-04,  1.97773413e-03],
       [ 2.29129241e-02,  2.09987437e-02,  0.00000000e+00, ...,
         1.98005385e-04,  1.44038608e-04,  1.44908867e-03],
       ...,
       [ 8.82362742e-05,  2.40155275e-04,  1.98005385e-04, ...,
         0.00000000e+00,  7.45244911e-03,  2.44943076e-02],
       [-1.50912722e-05,  1.23581201e-04,  1.44038608e-04, ...,
         7.45244911e-03,  0.00000000e+00,  3.43936870e-02],
       [ 5.63481278e-04,  1.97773413e-03,  1.44908867e-03, ...,
         2.44943076e-02,  3.43936870e-02,  0.00000000e+00]],
      shape=(45, 45))}
{'bond-orders': array([[ 0.00000000e+00,  3.08810660e-01,  2.29129241e-02, ...,
         8.82362742e-05, -1.50912722e-05,  5.63481278e-04],
       [ 3.08810660e-01,  0.00000000e+00,  2.09987437e-02, ...,
         2.40155275e-04,  1.23581201e-04,  1.97773413e-03],
       [ 2.29129241e-02,  2.09987437e-02,  0.00000000e+00, ...,
         1.98005385e-04,  1.44038608e-04,  1.44908867e-03],
       ...,
       [ 8.82362742e-05,  2.40155275e-04,  1.98005385e-04, ...,
         0.00000000e+00,  7.45244911e-03,  2.44943076e-02],
       [-1.50912722e-05,  1.23581201e-04,  1.44038608e-04, ...,
         7.45244911e-03,  0.00000000e+00,  3.43936870e-02],
       [ 5.63481278e-04,  1.97773413e-03,  1.44908867e-03, ...,
         2.44943076e-02,  3.43936870e-02,  0.00000000e+00]],
      shape=(45, 45)), 'molecular-dipole': array([-2.28539695,  0.03036198, -0.31061837])}
{'bond-orders': array([[ 0.00000000e+00,  3.08810660e-01,  2.29129241e-02, ...,
         8.82362742e-05, -1.50912722e-05,  5.63481278e-04],
       [ 3.08810660e-01,  0.00000000e+00,  2.09987437e-02, ...,
         2.40155275e-04,  1.23581201e-04,  1.97773413e-03],
       [ 2.29129241e-02,  2.09987437e-02,  0.00000000e+00, ...,
         1.98005385e-04,  1.44038608e-04,  1.44908867e-03],
       ...,
       [ 8.82362742e-05,  2.40155275e-04,  1.98005385e-04, ...,
         0.00000000e+00,  7.45244911e-03,  2.44943076e-02],
       [-1.50912722e-05,  1.23581201e-04,  1.44038608e-04, ...,
         7.45244911e-03,  0.00000000e+00,  3.43936870e-02],
       [ 5.63481278e-04,  1.97773413e-03,  1.44908867e-03, ...,
         2.44943076e-02,  3.43936870e-02,  0.00000000e+00]],
      shape=(45, 45)), 'molecular-dipole': array([-2.28539695,  0.03036198, -0.31061837]), 'molecular-quadrupole': array([ -68.22657474,  -32.54864402,   20.14089146, -275.15888105,
        -16.13717205,   48.08568329])}
------------------------------------------------------------
  cycle        total energy    energy error   density error
------------------------------------------------------------
      1     -163.5289335097  -1.6328395E+02   4.9824433E-03
      2     -163.4995395282   2.9393982E-02   1.0180299E-02
      3     -163.3860706781   1.1346885E-01   2.1497539E-02
      4     -163.5289305803  -1.4285990E-01   3.0198932E-03
      5     -163.5289174586   1.3121721E-05   2.8125635E-03
      6     -163.5294201045  -5.0264590E-04   1.8224491E-03
      7     -163.5296591826  -2.3907810E-04   6.2721902E-04
      8     -163.5296698335  -1.0650828E-05   3.2108398E-04
      9     -163.5296750848  -5.2513045E-06   1.8858044E-04
     10     -163.5296774482  -2.3634455E-06   8.3134400E-05
     11     -163.5296782740  -8.2576238E-07   5.1874972E-05
     12     -163.5296785227  -2.4873671E-07   1.4560301E-05
------------------------------------------------------------

 total:                                  13.514 sec
3
{'bond-orders': array([[ 0.00000000e+00,  3.09083653e-01,  2.27833123e-02, ...,
         6.56260872e-05, -4.04297822e-05,  7.20672777e-04],
       [ 3.09083653e-01,  0.00000000e+00,  2.09048591e-02, ...,
         2.51981843e-04,  9.36250242e-05,  2.05444277e-03],
       [ 2.27833123e-02,  2.09048591e-02,  0.00000000e+00, ...,
         2.14303607e-04,  1.22977754e-04,  1.58552008e-03],
       ...,
       [ 6.56260872e-05,  2.51981843e-04,  2.14303607e-04, ...,
         0.00000000e+00,  7.59138729e-03,  2.45691203e-02],
       [-4.04297822e-05,  9.36250242e-05,  1.22977754e-04, ...,
         7.59138729e-03,  0.00000000e+00,  3.02961582e-02],
       [ 7.20672777e-04,  2.05444277e-03,  1.58552008e-03, ...,
         2.45691203e-02,  3.02961582e-02,  0.00000000e+00]],
      shape=(45, 45))}
{'bond-orders': array([[ 0.00000000e+00,  3.09083653e-01,  2.27833123e-02, ...,
         6.56260872e-05, -4.04297822e-05,  7.20672777e-04],
       [ 3.09083653e-01,  0.00000000e+00,  2.09048591e-02, ...,
         2.51981843e-04,  9.36250242e-05,  2.05444277e-03],
       [ 2.27833123e-02,  2.09048591e-02,  0.00000000e+00, ...,
         2.14303607e-04,  1.22977754e-04,  1.58552008e-03],
       ...,
       [ 6.56260872e-05,  2.51981843e-04,  2.14303607e-04, ...,
         0.00000000e+00,  7.59138729e-03,  2.45691203e-02],
       [-4.04297822e-05,  9.36250242e-05,  1.22977754e-04, ...,
         7.59138729e-03,  0.00000000e+00,  3.02961582e-02],
       [ 7.20672777e-04,  2.05444277e-03,  1.58552008e-03, ...,
         2.45691203e-02,  3.02961582e-02,  0.00000000e+00]],
      shape=(45, 45)), 'molecular-dipole': array([-2.34839288,  0.03942787, -0.48766888])}
{'bond-orders': array([[ 0.00000000e+00,  3.09083653e-01,  2.27833123e-02, ...,
         6.56260872e-05, -4.04297822e-05,  7.20672777e-04],
       [ 3.09083653e-01,  0.00000000e+00,  2.09048591e-02, ...,
         2.51981843e-04,  9.36250242e-05,  2.05444277e-03],
       [ 2.27833123e-02,  2.09048591e-02,  0.00000000e+00, ...,
         2.14303607e-04,  1.22977754e-04,  1.58552008e-03],
       ...,
       [ 6.56260872e-05,  2.51981843e-04,  2.14303607e-04, ...,
         0.00000000e+00,  7.59138729e-03,  2.45691203e-02],
       [-4.04297822e-05,  9.36250242e-05,  1.22977754e-04, ...,
         7.59138729e-03,  0.00000000e+00,  3.02961582e-02],
       [ 7.20672777e-04,  2.05444277e-03,  1.58552008e-03, ...,
         2.45691203e-02,  3.02961582e-02,  0.00000000e+00]],
      shape=(45, 45)), 'molecular-dipole': array([-2.34839288,  0.03942787, -0.48766888]), 'molecular-quadrupole': array([ -63.28695504,  -33.06021434,   27.71339241, -290.43117403,
        -17.20039253,   35.57356263])}
------------------------------------------------------------
  cycle        total energy    energy error   density error
------------------------------------------------------------
      1     -163.5337223595  -1.6329136E+02   3.2864466E-03
      2     -163.5120171615   2.1705198E-02   8.9111319E-03
      3     -163.4859826053   2.6034556E-02   1.2584850E-02
      4     -163.5326469427  -4.6664337E-02   3.1067355E-03
      5     -163.5339379312  -1.2909885E-03   1.9836444E-03
      6     -163.5341314350  -1.9350387E-04   9.2227602E-04
      7     -163.5341660986  -3.4663531E-05   4.4284658E-04
      8     -163.5341827601  -1.6661503E-05   1.9945050E-04
      9     -163.5341854508  -2.6906975E-06   1.0877550E-04
     10     -163.5341863731  -9.2230050E-07   4.9103454E-05
     11     -163.5341865266  -1.5350292E-07   2.8962525E-05
     12     -163.5341865739  -4.7362960E-08   1.1306589E-05
------------------------------------------------------------

 total:                                  13.637 sec
3
{'bond-orders': array([[ 0.00000000e+00,  3.09201994e-01,  2.26874773e-02, ...,
         4.37138577e-05, -5.04486276e-05,  9.49667277e-04],
       [ 3.09201994e-01,  0.00000000e+00,  2.07593657e-02, ...,
         2.57201468e-04,  7.93951543e-05,  2.04873918e-03],
       [ 2.26874773e-02,  2.07593657e-02,  0.00000000e+00, ...,
         2.24280922e-04,  1.19818092e-04,  1.69335074e-03],
       ...,
       [ 4.37138577e-05,  2.57201468e-04,  2.24280922e-04, ...,
         0.00000000e+00,  7.20214904e-03,  2.47750132e-02],
       [-5.04486276e-05,  7.93951543e-05,  1.19818092e-04, ...,
         7.20214904e-03,  0.00000000e+00,  2.83966322e-02],
       [ 9.49667277e-04,  2.04873918e-03,  1.69335074e-03, ...,
         2.47750132e-02,  2.83966322e-02,  0.00000000e+00]],
      shape=(45, 45))}
{'bond-orders': array([[ 0.00000000e+00,  3.09201994e-01,  2.26874773e-02, ...,
         4.37138577e-05, -5.04486276e-05,  9.49667277e-04],
       [ 3.09201994e-01,  0.00000000e+00,  2.07593657e-02, ...,
         2.57201468e-04,  7.93951543e-05,  2.04873918e-03],
       [ 2.26874773e-02,  2.07593657e-02,  0.00000000e+00, ...,
         2.24280922e-04,  1.19818092e-04,  1.69335074e-03],
       ...,
       [ 4.37138577e-05,  2.57201468e-04,  2.24280922e-04, ...,
         0.00000000e+00,  7.20214904e-03,  2.47750132e-02],
       [-5.04486276e-05,  7.93951543e-05,  1.19818092e-04, ...,
         7.20214904e-03,  0.00000000e+00,  2.83966322e-02],
       [ 9.49667277e-04,  2.04873918e-03,  1.69335074e-03, ...,
         2.47750132e-02,  2.83966322e-02,  0.00000000e+00]],
      shape=(45, 45)), 'molecular-dipole': array([-2.37908758,  0.08047471, -0.64545022])}
{'bond-orders': array([[ 0.00000000e+00,  3.09201994e-01,  2.26874773e-02, ...,
         4.37138577e-05, -5.04486276e-05,  9.49667277e-04],
       [ 3.09201994e-01,  0.00000000e+00,  2.07593657e-02, ...,
         2.57201468e-04,  7.93951543e-05,  2.04873918e-03],
       [ 2.26874773e-02,  2.07593657e-02,  0.00000000e+00, ...,
         2.24280922e-04,  1.19818092e-04,  1.69335074e-03],
       ...,
       [ 4.37138577e-05,  2.57201468e-04,  2.24280922e-04, ...,
         0.00000000e+00,  7.20214904e-03,  2.47750132e-02],
       [-5.04486276e-05,  7.93951543e-05,  1.19818092e-04, ...,
         7.20214904e-03,  0.00000000e+00,  2.83966322e-02],
       [ 9.49667277e-04,  2.04873918e-03,  1.69335074e-03, ...,
         2.47750132e-02,  2.83966322e-02,  0.00000000e+00]],
      shape=(45, 45)), 'molecular-dipole': array([-2.37908758,  0.08047471, -0.64545022]), 'molecular-quadrupole': array([ -58.37715467,  -31.76993148,   34.46724543, -300.23773245,
        -13.41698815,   23.90990924])}
------------------------------------------------------------
  cycle        total energy    energy error   density error
------------------------------------------------------------
      1     -163.5398974473  -1.6329716E+02   3.2295134E-03
      2     -163.5208824964   1.9014951E-02   9.0313997E-03
      3     -163.4950167686   2.5865728E-02   1.2163589E-02
      4     -163.5364756845  -4.1458916E-02   4.2369300E-03
      5     -163.5402037679  -3.7280834E-03   1.8040135E-03
      6     -163.5403449998  -1.4123193E-04   7.6344934E-04
      7     -163.5403393028   5.6969569E-06   4.8618498E-04
      8     -163.5403578738  -1.8571006E-05   2.6987634E-04
      9     -163.5403676868  -9.8129042E-06   1.6197744E-04
     10     -163.5403714259  -3.7391452E-06   7.2321819E-05
     11     -163.5403720302  -6.0428246E-07   2.8667355E-05
     12     -163.5403720874  -5.7234928E-08   1.1293834E-05
------------------------------------------------------------

 total:                                  13.498 sec
3
{'bond-orders': array([[ 0.00000000e+00,  3.09303566e-01,  2.25616439e-02, ...,
         3.54617008e-05, -3.75522474e-05,  1.33972540e-03],
       [ 3.09303566e-01,  0.00000000e+00,  2.05356543e-02, ...,
