/home/ans819/.conda/envs/autoflow/lib/python3.13/site-packages/e3nn/o3/_wigner.py:10: UserWarning: Environment variable TORCH_FORCE_NO_WEIGHTS_ONLY_LOAD detected, since the`weights_only` argument was not explicitly passed to `torch.load`, forcing weights_only=False.
  _Jd, _W3j_flat, _W3j_indices = torch.load(os.path.join(os.path.dirname(__file__), 'constants.pt'))

          ==================== Thresholds ====================
          CN  :   150.00000
          rep :   500.00000
          disp:  2500.00000
          HB1 :   250.00000
          HB2 :   450.00000

          Pauling EN used:
          Z : 1  EN :  2.20
          Z : 6  EN :  2.55
          Z : 8  EN :  3.44
          Z :47  EN :  1.93
          electric field strengths (au): 0.000

           ------------------------------------------------- 
          |           Force Field Initialization            |
           ------------------------------------------------- 

          distances ...
          ----------------------------------------
          generating topology and atomic info file ...
          pair mat ...
          computing topology distances matrix with Floyd-Warshall algo ...
          making topology EEQ charges ...
          #fragments for EEQ constrain: 1
          ----------------------------------------
          generating topology and atomic info file ...
          pair mat ...
          computing topology distances matrix with Floyd-Warshall algo ...
          making topology EEQ charges ...
          #fragments for EEQ constrain: 1
          rings ...
          # BATM   3403
          # H in HB   0

  atom   neighbors  erfCN metchar sp-hybrid imet pi  qest     coordinates
    1  Ag      2    1.35   0.37         2    2    0   0.003    2.934451    0.366408   27.077106
    2  Ag      5    3.15   0.31         0    2    0   0.017    6.424761    4.641147   27.077106
    3  Ag      9    4.27   0.07         0    2    0   0.009   15.150534    8.203429   28.670207
    4  Ag      7    3.92   0.19         0    2    0   0.013   11.660225    3.928690   28.670207
    5  Ag      7    3.92   0.19         0    2    0   0.019   20.385998    7.490972   30.263308
    6  Ag      6    3.59   0.27         0    2    0   0.019   16.895689    3.216234   30.263308
    7  Ag      9    4.27   0.07         0    2    0   0.009    8.169915    6.778516   31.856409
    8  Ag      6    3.59   0.23         0    2    0   0.019    4.679606    2.503777   31.856409
    9  Ag     12    4.39   0.01         0    2    0   0.006   13.405379    6.066059   33.449510
   10  Ag      7    3.92   0.19         0    2    0   0.019    9.915070    1.791321   33.449510
   11  Ag      9    4.27   0.07         0    2    0   0.027   18.640843    5.353603   35.042611
   12  Ag      6    3.59   0.27         0    2    0   0.035   15.150534    1.078865   35.042611
   13  Ag      8    4.14   0.11         0    2    0   0.020    6.424761    4.641147   36.635712
   14  Ag      3    2.00   0.37         2    2    0   0.014    2.934451    0.366408   36.635712
   15  Ag      8    4.18   0.11         0    2    0   0.030   11.660225    3.928690   38.228813
   16  Ag     10    4.34   0.04         0    2    0   0.025   15.150534    8.203429   38.228813
   17  Ag      8    4.22   0.09         0    2    0   0.137   16.895689    3.216234   39.821914
   18  Ag      6    3.59   0.26         0    2    0   0.034   20.385998    7.490972   39.821914
   19  Ag      3    2.00   0.37         2    2    0   0.014    4.679606    2.503777   41.415015
   20  Ag      5    3.15   0.32         0    2    0   0.024    8.169915    6.778516   41.415015
   21  Ag      6    3.59   0.26         0    2    0   0.013    9.915070    8.915885   27.077106
   22  Ag      5    3.15   0.34         0    2    0   0.014   13.405379   13.190623   27.077106
   23  Ag      4    2.61   0.38         3    2    0   0.016   22.131153   16.752905   28.670207
   24  Ag      8    4.14   0.12         0    2    0   0.013   18.640843   12.478167   28.670207
   25  Ag      3    2.00   0.39         2    2    0   0.010   27.366617   16.040449   30.263308
   26  Ag      7    3.92   0.19         0    2    0   0.016   23.876307   11.765711   30.263308
   27  Ag      6    3.59   0.27         0    2    0   0.015   15.150534   15.327993   31.856409
   28  Ag      9    4.27   0.07         0    2    0   0.008   11.660225   11.053254   31.856409
   29  Ag      9    4.27   0.07         0    2    0   0.010   20.385998   14.615536   33.449510
/home/ans819/.conda/envs/autoflow/lib/python3.13/site-packages/mace/calculators/mace.py:197: UserWarning: Environment variable TORCH_FORCE_NO_WEIGHTS_ONLY_LOAD detected, since the`weights_only` argument was not explicitly passed to `torch.load`, forcing weights_only=False.
  torch.load(f=model_path, map_location=device)
/home/ans819/.conda/envs/autoflow/lib/python3.13/site-packages/chgnet/model/model.py:898: UserWarning: Converting a tensor with requires_grad=True to a scalar may lead to unexpected behavior.
Consider using tensor.detach() first. (Triggered internally at /pytorch/torch/csrc/autograd/generated/python_variable_methods.cpp:836.)
  volumes = torch.tensor(volumes, dtype=TORCH_DTYPE, device=atomic_numbers.device)
cuequivariance or cuequivariance_torch is not available. Cuequivariance acceleration will be disabled.
------------------------------------------------------------
  cycle        total energy    energy error   density error
------------------------------------------------------------
      1     -163.0045739749  -1.6280688E+02   1.0020052E+00
      2     -162.3173643182   6.8720966E-01   6.2104071E-01
      3     -38.89043493781   1.2342693E+02   1.5482242E+00
      4     -143.2734621581  -1.0438303E+02   4.5577342E-01
      5      40.48696396908   1.8376043E+02   1.1574831E+00
      6     -95.03435221026  -1.3552132E+02   5.1817525E-01
      7     -162.7374266512  -6.7703074E+01   1.0848009E-01
      8     -160.6990650906   2.0383616E+00   1.1697103E-01
      9     -162.2073739255  -1.5083088E+00   8.1387279E-02
     10     -163.3329169948  -1.1255431E+00   4.4651094E-02
     11     -163.3273943674   5.5226275E-03   4.0636906E-02
     12     -163.3624265368  -3.5032169E-02   3.3060121E-02
     13     -163.3669183209  -4.4917841E-03   2.9072229E-02
     14     -163.3699316036  -3.0132827E-03   2.5937102E-02
     15     -163.3731311614  -3.1995578E-03   2.3730377E-02
     16     -163.3781407658  -5.0096044E-03   2.0222865E-02
     17     -163.3826287225  -4.4879567E-03   1.8326200E-02
     18     -163.3859822477  -3.3535253E-03   1.6591575E-02
     19     -163.3875874183  -1.6051705E-03   1.3640209E-02
     20     -163.3884062054  -8.1878717E-04   1.0713924E-02
     21     -163.3895698435  -1.1636380E-03   7.4360246E-03
     22     -163.3905255032  -9.5565973E-04   5.6360098E-03
     23     -163.3911117489  -5.8624574E-04   4.8462350E-03
     24     -163.3913020600  -1.9031108E-04   4.6926591E-03
     25     -163.3914759115  -1.7385149E-04   4.6631938E-03
     26     -163.3916019200  -1.2600845E-04   4.4179582E-03
     27     -163.3916967731  -9.4853118E-05   4.4325943E-03
     28     -163.3917244493  -2.7676173E-05   4.1899589E-03
     29     -163.3917254429  -9.9365238E-07   4.1694065E-03
     30     -163.3917600913  -3.4648411E-05   3.8410657E-03
     31     -163.3917750076  -1.4916238E-05   3.7314571E-03
     32     -163.3917991817  -2.4174122E-05   3.4740244E-03
     33     -163.3918807692  -8.1587510E-05   2.2864629E-03
     34     -163.3919289641  -4.8194896E-05   1.0297904E-03
     35     -163.3919401325  -1.1168402E-05   4.4618017E-04
     36     -163.3919421955  -2.0630329E-06   2.2442012E-04
     37     -163.3919427662  -5.7071469E-07   5.9126974E-05
     38     -163.3919428124  -4.6159897E-08   3.3752157E-05
     39     -163.3919428287  -1.6327988E-08   4.4326906E-06
------------------------------------------------------------

 total:                                  21.380 sec
3
{'bond-orders': array([[0.00000000e+00, 3.09376766e-01, 2.22498633e-02, ...,
        2.88410946e-04, 2.01065053e-05, 2.87910007e-03],
       [3.09376766e-01, 0.00000000e+00, 2.22815276e-02, ...,
        1.58227288e-04, 1.59825045e-04, 1.60062660e-03],
       [2.22498633e-02, 2.22815276e-02, 0.00000000e+00, ...,
        1.13621115e-04, 2.71865874e-04, 1.57748026e-03],
       ...,
       [2.88410946e-04, 1.58227288e-04, 1.13621115e-04, ...,
        0.00000000e+00, 4.83711578e-03, 1.36628411e-02],
       [2.01065053e-05, 1.59825045e-04, 2.71865874e-04, ...,
        4.83711578e-03, 0.00000000e+00, 2.89860255e-02],
       [2.87910007e-03, 1.60062660e-03, 1.57748026e-03, ...,
        1.36628411e-02, 2.89860255e-02, 0.00000000e+00]], shape=(45, 45))}
{'bond-orders': array([[0.00000000e+00, 3.09376766e-01, 2.22498633e-02, ...,
        2.88410946e-04, 2.01065053e-05, 2.87910007e-03],
       [3.09376766e-01, 0.00000000e+00, 2.22815276e-02, ...,
        1.58227288e-04, 1.59825045e-04, 1.60062660e-03],
       [2.22498633e-02, 2.22815276e-02, 0.00000000e+00, ...,
        1.13621115e-04, 2.71865874e-04, 1.57748026e-03],
       ...,
       [2.88410946e-04, 1.58227288e-04, 1.13621115e-04, ...,
        0.00000000e+00, 4.83711578e-03, 1.36628411e-02],
       [2.01065053e-05, 1.59825045e-04, 2.71865874e-04, ...,
        4.83711578e-03, 0.00000000e+00, 2.89860255e-02],
       [2.87910007e-03, 1.60062660e-03, 1.57748026e-03, ...,
        1.36628411e-02, 2.89860255e-02, 0.00000000e+00]], shape=(45, 45)), 'molecular-dipole': array([0.30873513, 1.65388709, 0.74376334])}
{'bond-orders': array([[0.00000000e+00, 3.09376766e-01, 2.22498633e-02, ...,
        2.88410946e-04, 2.01065053e-05, 2.87910007e-03],
       [3.09376766e-01, 0.00000000e+00, 2.22815276e-02, ...,
        1.58227288e-04, 1.59825045e-04, 1.60062660e-03],
       [2.22498633e-02, 2.22815276e-02, 0.00000000e+00, ...,
        1.13621115e-04, 2.71865874e-04, 1.57748026e-03],
       ...,
       [2.88410946e-04, 1.58227288e-04, 1.13621115e-04, ...,
        0.00000000e+00, 4.83711578e-03, 1.36628411e-02],
       [2.01065053e-05, 1.59825045e-04, 2.71865874e-04, ...,
        4.83711578e-03, 0.00000000e+00, 2.89860255e-02],
       [2.87910007e-03, 1.60062660e-03, 1.57748026e-03, ...,
        1.36628411e-02, 2.89860255e-02, 0.00000000e+00]], shape=(45, 45)), 'molecular-dipole': array([0.30873513, 1.65388709, 0.74376334]), 'molecular-quadrupole': array([-48.415693  , 164.95630394,  -3.52326277, 137.84580866,
       242.43277602,  51.93895576])}
------------------------------------------------------------
  cycle        total energy    energy error   density error
------------------------------------------------------------
      1     -163.4196310142  -1.6320604E+02   1.2852382E-02
      2     -163.4121043920   7.5266222E-03   1.1675742E-02
      3     -163.1228234938   2.8928090E-01   3.1128758E-02
      4     -163.4037246995  -2.8090121E-01   9.8241742E-03
      5     -163.4237949652  -2.0070266E-02   3.3302363E-03
      6     -163.4225817270   1.2132383E-03   3.7365060E-03
      7     -163.4239306429  -1.3489159E-03   2.3456821E-03
      8     -163.4241675425  -2.3689958E-04   9.3536645E-04
      9     -163.4242183614  -5.0818864E-05   6.7064931E-04
     10     -163.4242910980  -7.2736632E-05   3.3164325E-04
     11     -163.4243042592  -1.3161175E-05   1.5107497E-04
     12     -163.4243076311  -3.3718927E-06   7.5187487E-05
     13     -163.4243080675  -4.3647429E-07   5.4259841E-05
     14     -163.4243082424  -1.7491587E-07   3.6281340E-05
     15     -163.4243084758  -2.3331501E-07   1.9923906E-05
------------------------------------------------------------

 total:                                  14.055 sec
3
{'bond-orders': array([[0.00000000e+00, 3.10281407e-01, 2.29398045e-02, ...,
        4.51366994e-04, 2.51445765e-05, 2.49744187e-03],
       [3.10281407e-01, 0.00000000e+00, 2.23436836e-02, ...,
        2.61859648e-04, 1.86843886e-04, 1.45766224e-03],
       [2.29398045e-02, 2.23436836e-02, 0.00000000e+00, ...,
        1.34510430e-04, 2.76804640e-04, 1.50293172e-03],
       ...,
       [4.51366994e-04, 2.61859648e-04, 1.34510430e-04, ...,
        0.00000000e+00, 5.81215761e-03, 1.60540369e-02],
       [2.51445765e-05, 1.86843886e-04, 2.76804640e-04, ...,
        5.81215761e-03, 0.00000000e+00, 3.32369742e-02],
       [2.49744187e-03, 1.45766224e-03, 1.50293172e-03, ...,
        1.60540369e-02, 3.32369742e-02, 0.00000000e+00]], shape=(45, 45))}
{'bond-orders': array([[0.00000000e+00, 3.10281407e-01, 2.29398045e-02, ...,
        4.51366994e-04, 2.51445765e-05, 2.49744187e-03],
       [3.10281407e-01, 0.00000000e+00, 2.23436836e-02, ...,
        2.61859648e-04, 1.86843886e-04, 1.45766224e-03],
       [2.29398045e-02, 2.23436836e-02, 0.00000000e+00, ...,
        1.34510430e-04, 2.76804640e-04, 1.50293172e-03],
       ...,
       [4.51366994e-04, 2.61859648e-04, 1.34510430e-04, ...,
        0.00000000e+00, 5.81215761e-03, 1.60540369e-02],
       [2.51445765e-05, 1.86843886e-04, 2.76804640e-04, ...,
        5.81215761e-03, 0.00000000e+00, 3.32369742e-02],
       [2.49744187e-03, 1.45766224e-03, 1.50293172e-03, ...,
        1.60540369e-02, 3.32369742e-02, 0.00000000e+00]], shape=(45, 45)), 'molecular-dipole': array([0.12477101, 1.43022548, 0.86548638])}
{'bond-orders': array([[0.00000000e+00, 3.10281407e-01, 2.29398045e-02, ...,
        4.51366994e-04, 2.51445765e-05, 2.49744187e-03],
       [3.10281407e-01, 0.00000000e+00, 2.23436836e-02, ...,
        2.61859648e-04, 1.86843886e-04, 1.45766224e-03],
       [2.29398045e-02, 2.23436836e-02, 0.00000000e+00, ...,
        1.34510430e-04, 2.76804640e-04, 1.50293172e-03],
       ...,
       [4.51366994e-04, 2.61859648e-04, 1.34510430e-04, ...,
        0.00000000e+00, 5.81215761e-03, 1.60540369e-02],
       [2.51445765e-05, 1.86843886e-04, 2.76804640e-04, ...,
        5.81215761e-03, 0.00000000e+00, 3.32369742e-02],
       [2.49744187e-03, 1.45766224e-03, 1.50293172e-03, ...,
        1.60540369e-02, 3.32369742e-02, 0.00000000e+00]], shape=(45, 45)), 'molecular-dipole': array([0.12477101, 1.43022548, 0.86548638]), 'molecular-quadrupole': array([-59.3579484 , 143.46779487, -10.5801631 , 119.64018899,
       214.29148193,  69.9381115 ])}
------------------------------------------------------------
  cycle        total energy    energy error   density error
------------------------------------------------------------
      1     -163.4353284958  -1.6321331E+02   5.1934330E-03
      2     -163.4228481650   1.2480331E-02   8.3598700E-03
      3     -163.2865440046   1.3630416E-01   2.1946314E-02
      4     -163.4340706650  -1.4752666E-01   3.3120722E-03
      5     -163.4356909723  -1.6203073E-03   2.1970713E-03
      6     -163.4358171019  -1.2612963E-04   1.7738660E-03
      7     -163.4358510375  -3.3935631E-05   1.1625607E-03
      8     -163.4359894744  -1.3843687E-04   2.9421896E-04
      9     -163.4359926615  -3.1870787E-06   1.6449732E-04
     10     -163.4359941659  -1.5044181E-06   9.0490978E-05
     11     -163.4359946086  -4.4268168E-07   3.7556944E-05
     12     -163.4359946722  -6.3579108E-08   1.9814943E-05
------------------------------------------------------------

 total:                                  13.234 sec
3
{'bond-orders': array([[0.00000000e+00, 3.10609997e-01, 2.31584886e-02, ...,
        5.12590903e-04, 2.87733977e-05, 2.27424896e-03],
       [3.10609997e-01, 0.00000000e+00, 2.23575714e-02, ...,
        3.12893640e-04, 1.97937034e-04, 1.43912660e-03],
       [2.31584886e-02, 2.23575714e-02, 0.00000000e+00, ...,
        1.48662012e-04, 2.83086428e-04, 1.45590962e-03],
       ...,
       [5.12590903e-04, 3.12893640e-04, 1.48662012e-04, ...,
        0.00000000e+00, 6.53265606e-03, 1.69019124e-02],
       [2.87733977e-05, 1.97937034e-04, 2.83086428e-04, ...,
        6.53265606e-03, 0.00000000e+00, 3.54419314e-02],
       [2.27424896e-03, 1.43912660e-03, 1.45590962e-03, ...,
        1.69019124e-02, 3.54419314e-02, 0.00000000e+00]], shape=(45, 45))}
{'bond-orders': array([[0.00000000e+00, 3.10609997e-01, 2.31584886e-02, ...,
        5.12590903e-04, 2.87733977e-05, 2.27424896e-03],
       [3.10609997e-01, 0.00000000e+00, 2.23575714e-02, ...,
        3.12893640e-04, 1.97937034e-04, 1.43912660e-03],
       [2.31584886e-02, 2.23575714e-02, 0.00000000e+00, ...,
        1.48662012e-04, 2.83086428e-04, 1.45590962e-03],
       ...,
       [5.12590903e-04, 3.12893640e-04, 1.48662012e-04, ...,
        0.00000000e+00, 6.53265606e-03, 1.69019124e-02],
       [2.87733977e-05, 1.97937034e-04, 2.83086428e-04, ...,
        6.53265606e-03, 0.00000000e+00, 3.54419314e-02],
       [2.27424896e-03, 1.43912660e-03, 1.45590962e-03, ...,
        1.69019124e-02, 3.54419314e-02, 0.00000000e+00]], shape=(45, 45)), 'molecular-dipole': array([0.01581966, 1.30039784, 0.86789313])}
{'bond-orders': array([[0.00000000e+00, 3.10609997e-01, 2.31584886e-02, ...,
        5.12590903e-04, 2.87733977e-05, 2.27424896e-03],
       [3.10609997e-01, 0.00000000e+00, 2.23575714e-02, ...,
        3.12893640e-04, 1.97937034e-04, 1.43912660e-03],
       [2.31584886e-02, 2.23575714e-02, 0.00000000e+00, ...,
        1.48662012e-04, 2.83086428e-04, 1.45590962e-03],
       ...,
       [5.12590903e-04, 3.12893640e-04, 1.48662012e-04, ...,
        0.00000000e+00, 6.53265606e-03, 1.69019124e-02],
       [2.87733977e-05, 1.97937034e-04, 2.83086428e-04, ...,
        6.53265606e-03, 0.00000000e+00, 3.54419314e-02],
       [2.27424896e-03, 1.43912660e-03, 1.45590962e-03, ...,
        1.69019124e-02, 3.54419314e-02, 0.00000000e+00]], shape=(45, 45)), 'molecular-dipole': array([0.01581966, 1.30039784, 0.86789313]), 'molecular-quadrupole': array([-62.92756797, 130.09482652, -12.16467853, 105.79062717,
       197.00264672,  75.0922465 ])}
------------------------------------------------------------
  cycle        total energy    energy error   density error
------------------------------------------------------------
      1     -163.4465627300  -1.6321364E+02   4.9464984E-03
      2     -163.4266901415   1.9872589E-02   1.0423388E-02
      3     -163.3512831868   7.5406955E-02   1.7979667E-02
      4     -163.4448394036  -9.3556217E-02   3.7732846E-03
      5     -163.4470526273  -2.2132237E-03   2.7082260E-03
      6     -163.4470488613   3.7660310E-06   2.2112849E-03
      7     -163.4472347709  -1.8590959E-04   1.0050910E-03
      8     -163.4473692582  -1.3448729E-04   3.7454718E-04
      9     -163.4473791578  -9.8996306E-06   1.9173523E-04
     10     -163.4473844529  -5.2951286E-06   7.4600906E-05
     11     -163.4473848527  -3.9978516E-07   3.7728465E-05
     12     -163.4473849336  -8.0829608E-08   2.6923938E-05
     13     -163.4473850080  -7.4399168E-08   1.0477364E-05
------------------------------------------------------------

 total:                                  13.297 sec
3
{'bond-orders': array([[0.00000000e+00, 3.10448775e-01, 2.30993871e-02, ...,
        5.07234754e-04, 2.75156410e-05, 2.02752283e-03],
       [3.10448775e-01, 0.00000000e+00, 2.23868298e-02, ...,
        3.46034444e-04, 1.99551750e-04, 1.53647973e-03],
       [2.30993871e-02, 2.23868298e-02, 0.00000000e+00, ...,
        1.72724759e-04, 2.87267798e-04, 1.58191764e-03],
       ...,
       [5.07234754e-04, 3.46034444e-04, 1.72724759e-04, ...,
        0.00000000e+00, 8.00848924e-03, 1.76984946e-02],
       [2.75156410e-05, 1.99551750e-04, 2.87267798e-04, ...,
        8.00848924e-03, 0.00000000e+00, 3.56003573e-02],
       [2.02752283e-03, 1.53647973e-03, 1.58191764e-03, ...,
        1.76984946e-02, 3.56003573e-02, 0.00000000e+00]], shape=(45, 45))}
{'bond-orders': array([[0.00000000e+00, 3.10448775e-01, 2.30993871e-02, ...,
        5.07234754e-04, 2.75156410e-05, 2.02752283e-03],
       [3.10448775e-01, 0.00000000e+00, 2.23868298e-02, ...,
        3.46034444e-04, 1.99551750e-04, 1.53647973e-03],
       [2.30993871e-02, 2.23868298e-02, 0.00000000e+00, ...,
        1.72724759e-04, 2.87267798e-04, 1.58191764e-03],
       ...,
       [5.07234754e-04, 3.46034444e-04, 1.72724759e-04, ...,
        0.00000000e+00, 8.00848924e-03, 1.76984946e-02],
       [2.75156410e-05, 1.99551750e-04, 2.87267798e-04, ...,
        8.00848924e-03, 0.00000000e+00, 3.56003573e-02],
       [2.02752283e-03, 1.53647973e-03, 1.58191764e-03, ...,
        1.76984946e-02, 3.56003573e-02, 0.00000000e+00]], shape=(45, 45)), 'molecular-dipole': array([-0.06316636,  1.16715493,  0.7871725 ])}
{'bond-orders': array([[0.00000000e+00, 3.10448775e-01, 2.30993871e-02, ...,
        5.07234754e-04, 2.75156410e-05, 2.02752283e-03],
       [3.10448775e-01, 0.00000000e+00, 2.23868298e-02, ...,
        3.46034444e-04, 1.99551750e-04, 1.53647973e-03],
       [2.30993871e-02, 2.23868298e-02, 0.00000000e+00, ...,
        1.72724759e-04, 2.87267798e-04, 1.58191764e-03],
       ...,
       [5.07234754e-04, 3.46034444e-04, 1.72724759e-04, ...,
        0.00000000e+00, 8.00848924e-03, 1.76984946e-02],
       [2.75156410e-05, 1.99551750e-04, 2.87267798e-04, ...,
        8.00848924e-03, 0.00000000e+00, 3.56003573e-02],
       [2.02752283e-03, 1.53647973e-03, 1.58191764e-03, ...,
        1.76984946e-02, 3.56003573e-02, 0.00000000e+00]], shape=(45, 45)), 'molecular-dipole': array([-0.06316636,  1.16715493,  0.7871725 ]), 'molecular-quadrupole': array([-62.01865336, 115.19503994, -11.46327474,  91.30420852,
       177.47524753,  73.4819281 ])}
------------------------------------------------------------
  cycle        total energy    energy error   density error
------------------------------------------------------------
      1     -163.4565307170  -1.6321414E+02   5.9751585E-03
      2     -163.4260362873   3.0494430E-02   1.2650199E-02
      3     -163.2905969117   1.3543938E-01   2.3474011E-02
      4     -163.4555431606  -1.6494625E-01   3.9919228E-03
      5     -163.4571861884  -1.6430279E-03   3.5249419E-03
      6     -163.4568960272   2.9016121E-04   3.7435419E-03
      7     -163.4577696357  -8.7360852E-04   9.3836979E-04
      8     -163.4578532578  -8.3622029E-05   4.6613119E-04
      9     -163.4578871020  -3.3844217E-05   1.6614994E-04
     10     -163.4578911826  -4.0806646E-06   6.8971848E-05
     11     -163.4578913444  -1.6174837E-07   4.5592398E-05
     12     -163.4578915135  -1.6906372E-07   2.5369826E-05
     13     -163.4578915406  -2.7160041E-08   1.3765067E-05
------------------------------------------------------------

 total:                                  13.301 sec
3
{'bond-orders': array([[0.00000000e+00, 3.09780455e-01, 2.28953640e-02, ...,
        4.41815010e-04, 2.78269044e-05, 1.70060843e-03],
       [3.09780455e-01, 0.00000000e+00, 2.24301851e-02, ...,
        3.70815587e-04, 1.93912020e-04, 1.65035144e-03],
       [2.28953640e-02, 2.24301851e-02, 0.00000000e+00, ...,
        2.37537321e-04, 3.13770038e-04, 1.88912203e-03],
       ...,
       [4.41815010e-04, 3.70815587e-04, 2.37537321e-04, ...,
        0.00000000e+00, 1.08659385e-02, 1.94424916e-02],
       [2.78269044e-05, 1.93912020e-04, 3.13770038e-04, ...,
        1.08659385e-02, 0.00000000e+00, 3.68197542e-02],
       [1.70060843e-03, 1.65035144e-03, 1.88912203e-03, ...,
        1.94424916e-02, 3.68197542e-02, 0.00000000e+00]], shape=(45, 45))}
{'bond-orders': array([[0.00000000e+00, 3.09780455e-01, 2.28953640e-02, ...,
        4.41815010e-04, 2.78269044e-05, 1.70060843e-03],
       [3.09780455e-01, 0.00000000e+00, 2.24301851e-02, ...,
        3.70815587e-04, 1.93912020e-04, 1.65035144e-03],
       [2.28953640e-02, 2.24301851e-02, 0.00000000e+00, ...,
        2.37537321e-04, 3.13770038e-04, 1.88912203e-03],
       ...,
       [4.41815010e-04, 3.70815587e-04, 2.37537321e-04, ...,
        0.00000000e+00, 1.08659385e-02, 1.94424916e-02],
       [2.78269044e-05, 1.93912020e-04, 3.13770038e-04, ...,
        1.08659385e-02, 0.00000000e+00, 3.68197542e-02],
       [1.70060843e-03, 1.65035144e-03, 1.88912203e-03, ...,
        1.94424916e-02, 3.68197542e-02, 0.00000000e+00]], shape=(45, 45)), 'molecular-dipole': array([-0.12646071,  1.05590219,  0.63564828])}
{'bond-orders': array([[0.00000000e+00, 3.09780455e-01, 2.28953640e-02, ...,
        4.41815010e-04, 2.78269044e-05, 1.70060843e-03],
       [3.09780455e-01, 0.00000000e+00, 2.24301851e-02, ...,
        3.70815587e-04, 1.93912020e-04, 1.65035144e-03],
       [2.28953640e-02, 2.24301851e-02, 0.00000000e+00, ...,
        2.37537321e-04, 3.13770038e-04, 1.88912203e-03],
       ...,
       [4.41815010e-04, 3.70815587e-04, 2.37537321e-04, ...,
        0.00000000e+00, 1.08659385e-02, 1.94424916e-02],
       [2.78269044e-05, 1.93912020e-04, 3.13770038e-04, ...,
        1.08659385e-02, 0.00000000e+00, 3.68197542e-02],
       [1.70060843e-03, 1.65035144e-03, 1.88912203e-03, ...,
        1.94424916e-02, 3.68197542e-02, 0.00000000e+00]], shape=(45, 45)), 'molecular-dipole': array([-0.12646071,  1.05590219,  0.63564828]), 'molecular-quadrupole': array([-57.55313178, 100.92109748,  -8.47623835,  75.68222953,
       159.81026602,  66.02937014])}
------------------------------------------------------------
  cycle        total energy    energy error   density error
------------------------------------------------------------
      1     -163.4661202506  -1.6321516E+02   9.7838827E-03
      2     -163.3499168716   1.1620338E-01   2.2471639E-02
      3     -162.9101555370   4.3976133E-01   4.2633151E-02
      4     -163.4680812773  -5.5792574E-01   5.0032510E-03
      5     -163.4680390744   4.2202945E-05   5.1024512E-03
      6     -163.4685484768  -5.0940246E-04   4.9367676E-03
      7     -163.4697904406  -1.2419638E-03   1.5779350E-03
      8     -163.4699072820  -1.1684132E-04   1.2459831E-03
      9     -163.4700928756  -1.8559365E-04   5.8466961E-04
     10     -163.4701311267  -3.8251057E-05   2.0582374E-04
     11     -163.4701388197  -7.6929838E-06   6.8879334E-05
     12     -163.4701392501  -4.3045659E-07   3.5091107E-05
     13     -163.4701392710  -2.0924546E-08   2.3314328E-05
     14     -163.4701392610   1.0013878E-08   2.0878003E-05
     15     -163.4701392825  -2.1483459E-08   6.6082548E-06
------------------------------------------------------------

 total:                                  13.939 sec
3
{'bond-orders': array([[0.00000000e+00, 3.08198812e-01, 2.22746900e-02, ...,
        2.98320756e-04, 2.44785944e-05, 1.34207730e-03],
       [3.08198812e-01, 0.00000000e+00, 2.22996831e-02, ...,
        3.81931217e-04, 1.67351150e-04, 1.78725514e-03],
       [2.22746900e-02, 2.22996831e-02, 0.00000000e+00, ...,
        3.99910866e-04, 3.49557581e-04, 2.55133545e-03],
       ...,
       [2.98320756e-04, 3.81931217e-04, 3.99910866e-04, ...,
        0.00000000e+00, 1.67639697e-02, 2.23741894e-02],
       [2.44785944e-05, 1.67351150e-04, 3.49557581e-04, ...,
        1.67639697e-02, 0.00000000e+00, 3.68264540e-02],
       [1.34207730e-03, 1.78725514e-03, 2.55133545e-03, ...,
        2.23741894e-02, 3.68264540e-02, 0.00000000e+00]], shape=(45, 45))}
{'bond-orders': array([[0.00000000e+00, 3.08198812e-01, 2.22746900e-02, ...,
        2.98320756e-04, 2.44785944e-05, 1.34207730e-03],
       [3.08198812e-01, 0.00000000e+00, 2.22996831e-02, ...,
        3.81931217e-04, 1.67351150e-04, 1.78725514e-03],
       [2.22746900e-02, 2.22996831e-02, 0.00000000e+00, ...,
        3.99910866e-04, 3.49557581e-04, 2.55133545e-03],
       ...,
       [2.98320756e-04, 3.81931217e-04, 3.99910866e-04, ...,
        0.00000000e+00, 1.67639697e-02, 2.23741894e-02],
       [2.44785944e-05, 1.67351150e-04, 3.49557581e-04, ...,
        1.67639697e-02, 0.00000000e+00, 3.68264540e-02],
       [1.34207730e-03, 1.78725514e-03, 2.55133545e-03, ...,
        2.23741894e-02, 3.68264540e-02, 0.00000000e+00]], shape=(45, 45)), 'molecular-dipole': array([-0.15015602,  0.94827824,  0.34727573])}
{'bond-orders': array([[0.00000000e+00, 3.08198812e-01, 2.22746900e-02, ...,
        2.98320756e-04, 2.44785944e-05, 1.34207730e-03],
       [3.08198812e-01, 0.00000000e+00, 2.22996831e-02, ...,
        3.81931217e-04, 1.67351150e-04, 1.78725514e-03],
       [2.22746900e-02, 2.22996831e-02, 0.00000000e+00, ...,
        3.99910866e-04, 3.49557581e-04, 2.55133545e-03],
       ...,
       [2.98320756e-04, 3.81931217e-04, 3.99910866e-04, ...,
        0.00000000e+00, 1.67639697e-02, 2.23741894e-02],
       [2.44785944e-05, 1.67351150e-04, 3.49557581e-04, ...,
        1.67639697e-02, 0.00000000e+00, 3.68264540e-02],
       [1.34207730e-03, 1.78725514e-03, 2.55133545e-03, ...,
        2.23741894e-02, 3.68264540e-02, 0.00000000e+00]], shape=(45, 45)), 'molecular-dipole': array([-0.15015602,  0.94827824,  0.34727573]), 'molecular-quadrupole': array([-46.18321098,  85.32928073,  -1.53186582,  58.43482546,
       140.26446716,  47.71507681])}
------------------------------------------------------------
  cycle        total energy    energy error   density error
------------------------------------------------------------
      1     -163.4768884447  -1.6322542E+02   1.0481276E-02
      2     -163.3113512186   1.6553723E-01   2.5292714E-02
      3     -162.7829895967   5.2836162E-01   4.7304762E-02
      4     -163.4797273498  -6.9673775E-01   5.3928626E-03
      5     -163.4782511804   1.4761694E-03   5.2657805E-03
      6     -163.4800792888  -1.8281084E-03   4.3945651E-03
      7     -163.4811563369  -1.0770481E-03   1.4799495E-03
      8     -163.4811291226   2.7214261E-05   1.2098465E-03
      9     -163.4812406121  -1.1148950E-04   6.2329179E-04
     10     -163.4812887854  -4.8173232E-05   2.0634740E-04
     11     -163.4812952970  -6.5116610E-06   6.3704622E-05
     12     -163.4812953431  -4.6096687E-08   3.9364337E-05
     13     -163.4812953433  -1.9909407E-10   2.9404529E-05
     14     -163.4812953995  -5.6144643E-08   2.0944618E-05
     15     -163.4812954387  -3.9226222E-08   5.3273757E-06
------------------------------------------------------------

 total:                                  13.956 sec
3
{'bond-orders': array([[0.00000000e+00, 3.06992068e-01, 2.13231114e-02, ...,
        1.92922846e-04, 1.88270989e-05, 1.24262858e-03],
       [3.06992068e-01, 0.00000000e+00, 2.18030843e-02, ...,
        3.69388306e-04, 1.33603047e-04, 1.85351679e-03],
       [2.13231114e-02, 2.18030843e-02, 0.00000000e+00, ...,
        5.54309003e-04, 4.13849096e-04, 3.14980075e-03],
       ...,
       [1.92922846e-04, 3.69388306e-04, 5.54309003e-04, ...,
        0.00000000e+00, 2.14189074e-02, 2.47454309e-02],
       [1.88270989e-05, 1.33603047e-04, 4.13849096e-04, ...,
        2.14189074e-02, 0.00000000e+00, 3.54100181e-02],
       [1.24262858e-03, 1.85351679e-03, 3.14980075e-03, ...,
        2.47454309e-02, 3.54100181e-02, 0.00000000e+00]], shape=(45, 45))}
{'bond-orders': array([[0.00000000e+00, 3.06992068e-01, 2.13231114e-02, ...,
        1.92922846e-04, 1.88270989e-05, 1.24262858e-03],
       [3.06992068e-01, 0.00000000e+00, 2.18030843e-02, ...,
        3.69388306e-04, 1.33603047e-04, 1.85351679e-03],
       [2.13231114e-02, 2.18030843e-02, 0.00000000e+00, ...,
        5.54309003e-04, 4.13849096e-04, 3.14980075e-03],
       ...,
       [1.92922846e-04, 3.69388306e-04, 5.54309003e-04, ...,
        0.00000000e+00, 2.14189074e-02, 2.47454309e-02],
       [1.88270989e-05, 1.33603047e-04, 4.13849096e-04, ...,
        2.14189074e-02, 0.00000000e+00, 3.54100181e-02],
       [1.24262858e-03, 1.85351679e-03, 3.14980075e-03, ...,
        2.47454309e-02, 3.54100181e-02, 0.00000000e+00]], shape=(45, 45)), 'molecular-dipole': array([-0.13055908,  0.91187527,  0.03226097])}
{'bond-orders': array([[0.00000000e+00, 3.06992068e-01, 2.13231114e-02, ...,
        1.92922846e-04, 1.88270989e-05, 1.24262858e-03],
       [3.06992068e-01, 0.00000000e+00, 2.18030843e-02, ...,
        3.69388306e-04, 1.33603047e-04, 1.85351679e-03],
       [2.13231114e-02, 2.18030843e-02, 0.00000000e+00, ...,
        5.54309003e-04, 4.13849096e-04, 3.14980075e-03],
       ...,
       [1.92922846e-04, 3.69388306e-04, 5.54309003e-04, ...,
        0.00000000e+00, 2.14189074e-02, 2.47454309e-02],
       [1.88270989e-05, 1.33603047e-04, 4.13849096e-04, ...,
        2.14189074e-02, 0.00000000e+00, 3.54100181e-02],
       [1.24262858e-03, 1.85351679e-03, 3.14980075e-03, ...,
        2.47454309e-02, 3.54100181e-02, 0.00000000e+00]], shape=(45, 45)), 'molecular-dipole': array([-0.13055908,  0.91187527,  0.03226097]), 'molecular-quadrupole': array([-32.51113265,  76.87931657,   7.33858159,  45.47736172,
       129.25099688,  25.17255106])}
------------------------------------------------------------
  cycle        total energy    energy error   density error
------------------------------------------------------------
      1     -163.4877892434  -1.6324447E+02   1.2054168E-02
      2     -163.2074545728   2.8033467E-01   3.1712836E-02
      3     -162.5960463796   6.1140819E-01   5.3479328E-02
      4     -163.4916922062  -8.9564583E-01   6.2795917E-03
      5     -163.4903400599   1.3521464E-03   5.5649942E-03
      6     -163.4921752462  -1.8351863E-03   4.8199551E-03
      7     -163.4935126885  -1.3374423E-03   1.5444146E-03
      8     -163.4935386809  -2.5992373E-05   1.1911699E-03
      9     -163.4935872664  -4.8585506E-05   6.1365929E-04
     10     -163.4936165894  -2.9322998E-05   2.1030562E-04
     11     -163.4936196623  -3.0729149E-06   9.0644701E-05
     12     -163.4936195993   6.2953688E-08   5.9453082E-05
     13     -163.4936197811  -1.8173563E-07   3.8374201E-05
     14     -163.4936199589  -1.7782190E-07   2.1074671E-05
     15     -163.4936200241  -6.5212589E-08   7.5384559E-06
------------------------------------------------------------

 total:                                  14.105 sec
3
{'bond-orders': array([[0.00000000e+00, 3.06181072e-01, 2.00313467e-02, ...,
        1.26050283e-04, 1.90300269e-05, 1.47085095e-03],
       [3.06181072e-01, 0.00000000e+00, 2.11152782e-02, ...,
        3.17619043e-04, 1.01493408e-04, 2.04470833e-03],
       [2.00313467e-02, 2.11152782e-02, 0.00000000e+00, ...,
        6.08222765e-04, 5.51168108e-04, 3.78062223e-03],
       ...,
       [1.26050283e-04, 3.17619043e-04, 6.08222765e-04, ...,
        0.00000000e+00, 2.07936635e-02, 2.54238744e-02],
       [1.90300269e-05, 1.01493408e-04, 5.51168108e-04, ...,
        2.07936635e-02, 0.00000000e+00, 3.23872874e-02],
       [1.47085095e-03, 2.04470833e-03, 3.78062223e-03, ...,
        2.54238744e-02, 3.23872874e-02, 0.00000000e+00]], shape=(45, 45))}
{'bond-orders': array([[0.00000000e+00, 3.06181072e-01, 2.00313467e-02, ...,
        1.26050283e-04, 1.90300269e-05, 1.47085095e-03],
       [3.06181072e-01, 0.00000000e+00, 2.11152782e-02, ...,
        3.17619043e-04, 1.01493408e-04, 2.04470833e-03],
       [2.00313467e-02, 2.11152782e-02, 0.00000000e+00, ...,
        6.08222765e-04, 5.51168108e-04, 3.78062223e-03],
       ...,
       [1.26050283e-04, 3.17619043e-04, 6.08222765e-04, ...,
        0.00000000e+00, 2.07936635e-02, 2.54238744e-02],
       [1.90300269e-05, 1.01493408e-04, 5.51168108e-04, ...,
        2.07936635e-02, 0.00000000e+00, 3.23872874e-02],
       [1.47085095e-03, 2.04470833e-03, 3.78062223e-03, ...,
        2.54238744e-02, 3.23872874e-02, 0.00000000e+00]], shape=(45, 45)), 'molecular-dipole': array([-0.0884343 ,  0.96986069, -0.35550599])}
{'bond-orders': array([[0.00000000e+00, 3.06181072e-01, 2.00313467e-02, ...,
        1.26050283e-04, 1.90300269e-05, 1.47085095e-03],
       [3.06181072e-01, 0.00000000e+00, 2.11152782e-02, ...,
        3.17619043e-04, 1.01493408e-04, 2.04470833e-03],
       [2.00313467e-02, 2.11152782e-02, 0.00000000e+00, ...,
        6.08222765e-04, 5.51168108e-04, 3.78062223e-03],
       ...,
       [1.26050283e-04, 3.17619043e-04, 6.08222765e-04, ...,
        0.00000000e+00, 2.07936635e-02, 2.54238744e-02],
       [1.90300269e-05, 1.01493408e-04, 5.51168108e-04, ...,
        2.07936635e-02, 0.00000000e+00, 3.23872874e-02],
       [1.47085095e-03, 2.04470833e-03, 3.78062223e-03, ...,
        2.54238744e-02, 3.23872874e-02, 0.00000000e+00]], shape=(45, 45)), 'molecular-dipole': array([-0.0884343 ,  0.96986069, -0.35550599]), 'molecular-quadrupole': array([-15.28188974,  75.89545636,  20.20171119,  32.11732848,
       128.55755753,  -4.91982145])}
------------------------------------------------------------
  cycle        total energy    energy error   density error
------------------------------------------------------------
      1     -163.5009191732  -1.6326388E+02   5.9742514E-03
      2     -163.4128934967   8.8025677E-02   1.7818560E-02
      3     -163.2875852689   1.2530823E-01   2.6229805E-02
      4     -163.5015470475  -2.1396178E-01   3.2910363E-03
      5     -163.5023843163  -8.3726879E-04   2.1240224E-03
      6     -163.5024063249  -2.2008641E-05   2.1058530E-03
      7     -163.5026305112  -2.2418632E-04   8.4444777E-04
      8     -163.5026748633  -4.4352115E-05   4.1684328E-04
      9     -163.5026900774  -1.5214029E-05   2.1306534E-04
     10     -163.5026922319  -2.1545310E-06   8.9244110E-05
     11     -163.5026925602  -3.2827899E-07   4.2199935E-05
     12     -163.5026927588  -1.9859169E-07   1.5545628E-05
------------------------------------------------------------

 total:                                  13.178 sec
3
{'bond-orders': array([[0.00000000e+00, 3.05748517e-01, 1.92317878e-02, ...,
        9.62534696e-05, 2.72545857e-05, 1.70089513e-03],
       [3.05748517e-01, 0.00000000e+00, 2.06833703e-02, ...,
        2.71080060e-04, 8.27463871e-05, 2.26473805e-03],
       [1.92317878e-02, 2.06833703e-02, 0.00000000e+00, ...,
        5.55425865e-04, 6.61791388e-04, 4.16635212e-03],
       ...,
       [9.62534696e-05, 2.71080060e-04, 5.55425865e-04, ...,
        0.00000000e+00, 1.48953026e-02, 2.52076825e-02],
       [2.72545857e-05, 8.27463871e-05, 6.61791388e-04, ...,
        1.48953026e-02, 0.00000000e+00, 3.09482278e-02],
       [1.70089513e-03, 2.26473805e-03, 4.16635212e-03, ...,
        2.52076825e-02, 3.09482278e-02, 0.00000000e+00]], shape=(45, 45))}
{'bond-orders': array([[0.00000000e+00, 3.05748517e-01, 1.92317878e-02, ...,
        9.62534696e-05, 2.72545857e-05, 1.70089513e-03],
       [3.05748517e-01, 0.00000000e+00, 2.06833703e-02, ...,
        2.71080060e-04, 8.27463871e-05, 2.26473805e-03],
       [1.92317878e-02, 2.06833703e-02, 0.00000000e+00, ...,
        5.55425865e-04, 6.61791388e-04, 4.16635212e-03],
       ...,
       [9.62534696e-05, 2.71080060e-04, 5.55425865e-04, ...,
        0.00000000e+00, 1.48953026e-02, 2.52076825e-02],
       [2.72545857e-05, 8.27463871e-05, 6.61791388e-04, ...,
        1.48953026e-02, 0.00000000e+00, 3.09482278e-02],
       [1.70089513e-03, 2.26473805e-03, 4.16635212e-03, ...,
        2.52076825e-02, 3.09482278e-02, 0.00000000e+00]], shape=(45, 45)), 'molecular-dipole': array([-0.07097587,  1.06717635, -0.60843885])}
{'bond-orders': array([[0.00000000e+00, 3.05748517e-01, 1.92317878e-02, ...,
        9.62534696e-05, 2.72545857e-05, 1.70089513e-03],
       [3.05748517e-01, 0.00000000e+00, 2.06833703e-02, ...,
        2.71080060e-04, 8.27463871e-05, 2.26473805e-03],
       [1.92317878e-02, 2.06833703e-02, 0.00000000e+00, ...,
        5.55425865e-04, 6.61791388e-04, 4.16635212e-03],
       ...,
       [9.62534696e-05, 2.71080060e-04, 5.55425865e-04, ...,
        0.00000000e+00, 1.48953026e-02, 2.52076825e-02],
       [2.72545857e-05, 8.27463871e-05, 6.61791388e-04, ...,
        1.48953026e-02, 0.00000000e+00, 3.09482278e-02],
       [1.70089513e-03, 2.26473805e-03, 4.16635212e-03, ...,
        2.52076825e-02, 3.09482278e-02, 0.00000000e+00]], shape=(45, 45)), 'molecular-dipole': array([-0.07097587,  1.06717635, -0.60843885]), 'molecular-quadrupole': array([ -4.35500788,  79.73654204,  29.76555215,  22.06689756,
       135.60659729, -25.41054427])}
------------------------------------------------------------
  cycle        total energy    energy error   density error
------------------------------------------------------------
      1     -163.5112026270  -1.6327248E+02   3.4025502E-03
      2     -163.4878147916   2.3387835E-02   9.8445107E-03
      3     -163.4472384816   4.0576310E-02   1.4342955E-02
