/home/ans819/.conda/envs/autoflow/lib/python3.13/site-packages/e3nn/o3/_wigner.py:10: UserWarning: Environment variable TORCH_FORCE_NO_WEIGHTS_ONLY_LOAD detected, since the`weights_only` argument was not explicitly passed to `torch.load`, forcing weights_only=False.
  _Jd, _W3j_flat, _W3j_indices = torch.load(os.path.join(os.path.dirname(__file__), 'constants.pt'))

          ==================== Thresholds ====================
          CN  :   150.00000
          rep :   500.00000
          disp:  2500.00000
          HB1 :   250.00000
          HB2 :   450.00000

          Pauling EN used:
          Z : 1  EN :  2.20
          Z : 6  EN :  2.55
          Z : 8  EN :  3.44
          Z :47  EN :  1.93
          electric field strengths (au): 0.000

           ------------------------------------------------- 
          |           Force Field Initialization            |
           ------------------------------------------------- 

          distances ...
          ----------------------------------------
          generating topology and atomic info file ...
          pair mat ...
          computing topology distances matrix with Floyd-Warshall algo ...
          making topology EEQ charges ...
          #fragments for EEQ constrain: 1
          ----------------------------------------
          generating topology and atomic info file ...
          pair mat ...
          computing topology distances matrix with Floyd-Warshall algo ...
          making topology EEQ charges ...
          #fragments for EEQ constrain: 1
          rings ...
          # BATM   3613
          # H in HB   0

  atom   neighbors  erfCN metchar sp-hybrid imet pi  qest     coordinates
    1  Ag      2    1.35   0.37         2    2    0  -0.002    3.199451    0.356229   27.196103
    2  Ag      5    3.15   0.31         0    2    0   0.017    6.689760    4.630967   27.196103
    3  Ag      9    4.27   0.07         0    2    0   0.012   15.415533    8.193249   28.789204
    4  Ag      7    3.92   0.19         0    2    0   0.013   11.925224    3.918511   28.789204
    5  Ag      7    3.92   0.19         0    2    0   0.008   20.650997    7.480793   30.382305
    6  Ag      6    3.59   0.27         0    2    0   0.014   17.160688    3.206054   30.382305
    7  Ag      9    4.27   0.07         0    2    0   0.013    8.434915    6.768336   31.975406
    8  Ag      6    3.59   0.23         0    2    0   0.016    4.944605    2.493598   31.975406
    9  Ag     12    4.39   0.01         0    2    0   0.015   13.670379    6.055880   33.568507
   10  Ag      7    3.92   0.19         0    2    0   0.026   10.180069    1.781141   33.568507
   11  Ag      9    4.27   0.07         0    2    0   0.007   18.905843    5.343423   35.161608
   12  Ag      6    3.59   0.27         0    2    0   0.027   15.415533    1.068685   35.161608
   13  Ag      8    4.14   0.11         0    2    0   0.015    6.689760    4.630967   36.754709
   14  Ag      3    2.00   0.37         2    2    0   0.010    3.199451    0.356229   36.754709
   15  Ag     11    4.36   0.03         0    2    0   0.115   11.925224    3.918511   38.347810
   16  Ag     10    4.34   0.04         0    2    0   0.013   15.415533    8.193249   38.347810
   17  Ag      5    3.15   0.34         0    2    0   0.030   17.160688    3.206054   39.940910
   18  Ag      6    3.59   0.26         0    2    0   0.014   20.650997    7.480793   39.940910
   19  Ag      3    2.00   0.37         2    2    0   0.029    4.944605    2.493598   41.534011
   20  Ag      9    4.32   0.04         0    2    0   0.143    8.434915    6.768336   41.534011
   21  Ag      6    3.59   0.26         0    2    0   0.012   10.180069    8.905705   27.196103
   22  Ag      5    3.15   0.34         0    2    0   0.015   13.670379   13.180444   27.196103
   23  Ag      4    2.61   0.38         3    2    0   0.011   22.396152   16.742726   28.789204
   24  Ag      8    4.14   0.12         0    2    0   0.009   18.905843   12.467987   28.789204
   25  Ag      3    2.00   0.39         2    2    0   0.008   27.631616   16.030269   30.382305
   26  Ag      7    3.92   0.19         0    2    0   0.010   24.141307   11.755531   30.382305
   27  Ag      6    3.59   0.27         0    2    0   0.013   15.415533   15.317813   31.975406
   28  Ag      9    4.27   0.07         0    2    0   0.014   11.925224   11.043075   31.975406
   29  Ag      9    4.27   0.07         0    2    0   0.008   20.650997   14.605357   33.568507
/home/ans819/.conda/envs/autoflow/lib/python3.13/site-packages/mace/calculators/mace.py:197: UserWarning: Environment variable TORCH_FORCE_NO_WEIGHTS_ONLY_LOAD detected, since the`weights_only` argument was not explicitly passed to `torch.load`, forcing weights_only=False.
  torch.load(f=model_path, map_location=device)
/home/ans819/.conda/envs/autoflow/lib/python3.13/site-packages/chgnet/model/model.py:898: UserWarning: Converting a tensor with requires_grad=True to a scalar may lead to unexpected behavior.
Consider using tensor.detach() first. (Triggered internally at /pytorch/torch/csrc/autograd/generated/python_variable_methods.cpp:836.)
  volumes = torch.tensor(volumes, dtype=TORCH_DTYPE, device=atomic_numbers.device)
cuequivariance or cuequivariance_torch is not available. Cuequivariance acceleration will be disabled.
------------------------------------------------------------
  cycle        total energy    energy error   density error
------------------------------------------------------------
      1     -163.0136100014  -1.6279006E+02   1.0028353E+00
      2     -162.1847254522   8.2888455E-01   6.1842840E-01
      3      33.02017058272   1.9520490E+02   1.4999289E+00
      4     -126.4676410560  -1.5948781E+02   5.8692252E-01
      5      16.88248104290   1.4335012E+02   1.0955934E+00
      6     -122.5008493473  -1.3938333E+02   3.9016958E-01
      7     -150.7006656901  -2.8199816E+01   2.3068992E-01
      8     -157.4229001719  -6.7222345E+00   1.6611804E-01
      9     -163.2465624879  -5.8236623E+00   6.1229698E-02
     10     -163.3088720873  -6.2309599E-02   4.7465593E-02
     11     -163.3088800918  -8.0045656E-06   4.5095445E-02
     12     -163.3405260089  -3.1645917E-02   3.9931084E-02
     13     -163.3452207469  -4.6947380E-03   3.1927176E-02
     14     -163.3621459542  -1.6925207E-02   2.7958320E-02
     15     -163.3519745431   1.0171411E-02   2.7893251E-02
     16     -163.3496953769   2.2791662E-03   2.7233348E-02
     17     -163.3621097908  -1.2414414E-02   2.2816539E-02
     18     -163.3681388127  -6.0290218E-03   1.8797720E-02
     19     -163.3720672383  -3.9284256E-03   1.6504293E-02
     20     -163.3733868169  -1.3195786E-03   1.5505667E-02
     21     -163.3747998209  -1.4130040E-03   1.3847498E-02
     22     -163.3772459719  -2.4461510E-03   1.0850478E-02
     23     -163.3779268699  -6.8089799E-04   9.8741099E-03
     24     -163.3789268549  -9.9998498E-04   6.0629875E-03
     25     -163.3793873332  -4.6047833E-04   3.3402949E-03
     26     -163.3794060953  -1.8762102E-05   2.8988303E-03
     27     -163.3794564257  -5.0330320E-05   2.6313454E-03
     28     -163.3794640138  -7.5881503E-06   2.3353285E-03
     29     -163.3794616788   2.3349637E-06   2.3471340E-03
     30     -163.3794636649  -1.9860955E-06   2.2633518E-03
     31     -163.3794803687  -1.6703733E-05   1.9106702E-03
     32     -163.3794834224  -3.0536865E-06   1.8460841E-03
     33     -163.3795008332  -1.7410803E-05   1.5972708E-03
     34     -163.3795304135  -2.9580332E-05   7.1644175E-04
     35     -163.3795393296  -8.9161241E-06   5.9400229E-05
     36     -163.3795394326  -1.0297313E-07   5.5888250E-05
     37     -163.3795394710  -3.8409041E-08   1.1950645E-05
------------------------------------------------------------

 total:                                  19.221 sec
3
{'bond-orders': array([[0.00000000e+00, 3.13492361e-01, 2.29048073e-02, ...,
        3.26467364e-05, 3.54270405e-04, 2.00129603e-03],
       [3.13492361e-01, 0.00000000e+00, 2.10714784e-02, ...,
        1.81839221e-04, 1.97143299e-04, 1.55884795e-03],
       [2.29048073e-02, 2.10714784e-02, 0.00000000e+00, ...,
        2.43034457e-04, 4.34160122e-04, 3.90478943e-03],
       ...,
       [3.26467364e-05, 1.81839221e-04, 2.43034457e-04, ...,
        0.00000000e+00, 1.07153257e-02, 1.42058800e-02],
       [3.54270405e-04, 1.97143299e-04, 4.34160122e-04, ...,
        1.07153257e-02, 0.00000000e+00, 2.40174082e-02],
       [2.00129603e-03, 1.55884795e-03, 3.90478943e-03, ...,
        1.42058800e-02, 2.40174082e-02, 0.00000000e+00]], shape=(45, 45))}
{'bond-orders': array([[0.00000000e+00, 3.13492361e-01, 2.29048073e-02, ...,
        3.26467364e-05, 3.54270405e-04, 2.00129603e-03],
       [3.13492361e-01, 0.00000000e+00, 2.10714784e-02, ...,
        1.81839221e-04, 1.97143299e-04, 1.55884795e-03],
       [2.29048073e-02, 2.10714784e-02, 0.00000000e+00, ...,
        2.43034457e-04, 4.34160122e-04, 3.90478943e-03],
       ...,
       [3.26467364e-05, 1.81839221e-04, 2.43034457e-04, ...,
        0.00000000e+00, 1.07153257e-02, 1.42058800e-02],
       [3.54270405e-04, 1.97143299e-04, 4.34160122e-04, ...,
        1.07153257e-02, 0.00000000e+00, 2.40174082e-02],
       [2.00129603e-03, 1.55884795e-03, 3.90478943e-03, ...,
        1.42058800e-02, 2.40174082e-02, 0.00000000e+00]], shape=(45, 45)), 'molecular-dipole': array([0.88122215, 1.5352706 , 1.01595207])}
{'bond-orders': array([[0.00000000e+00, 3.13492361e-01, 2.29048073e-02, ...,
        3.26467364e-05, 3.54270405e-04, 2.00129603e-03],
       [3.13492361e-01, 0.00000000e+00, 2.10714784e-02, ...,
        1.81839221e-04, 1.97143299e-04, 1.55884795e-03],
       [2.29048073e-02, 2.10714784e-02, 0.00000000e+00, ...,
        2.43034457e-04, 4.34160122e-04, 3.90478943e-03],
       ...,
       [3.26467364e-05, 1.81839221e-04, 2.43034457e-04, ...,
        0.00000000e+00, 1.07153257e-02, 1.42058800e-02],
       [3.54270405e-04, 1.97143299e-04, 4.34160122e-04, ...,
        1.07153257e-02, 0.00000000e+00, 2.40174082e-02],
       [2.00129603e-03, 1.55884795e-03, 3.90478943e-03, ...,
        1.42058800e-02, 2.40174082e-02, 0.00000000e+00]], shape=(45, 45)), 'molecular-dipole': array([0.88122215, 1.5352706 , 1.01595207]), 'molecular-quadrupole': array([-53.36085137, 107.34710774, -58.02539644, 186.44363246,
       221.64389029, 111.38624782])}
------------------------------------------------------------
  cycle        total energy    energy error   density error
------------------------------------------------------------
      1     -163.3976995141  -1.6316958E+02   6.7835762E-03
      2     -163.3919639777   5.7355364E-03   6.8327042E-03
      3     -163.2398402819   1.5212370E-01   2.2881350E-02
      4     -163.3879981139  -1.4815783E-01   7.2382564E-03
      5     -163.3982961420  -1.0298028E-02   2.5747998E-03
      6     -163.3980425929   2.5354906E-04   2.5485415E-03
      7     -163.3985711855  -5.2859252E-04   1.0766490E-03
      8     -163.3986304583  -5.9272845E-05   6.0723441E-04
      9     -163.3986374451  -6.9867731E-06   3.7728736E-04
     10     -163.3986543572  -1.6912128E-05   1.3312416E-04
     11     -163.3986561686  -1.8114299E-06   6.4336447E-05
     12     -163.3986568139  -6.4528101E-07   2.5106956E-05
     13     -163.3986568665  -5.2554498E-08   7.8595498E-06
------------------------------------------------------------

 total:                                  12.526 sec
3
{'bond-orders': array([[0.00000000e+00, 3.14043937e-01, 2.24836120e-02, ...,
        3.23697936e-05, 3.83599501e-04, 1.56812278e-03],
       [3.14043937e-01, 0.00000000e+00, 2.05417293e-02, ...,
        2.47278171e-04, 2.25690848e-04, 1.56758644e-03],
       [2.24836120e-02, 2.05417293e-02, 0.00000000e+00, ...,
        3.75830647e-04, 5.00594589e-04, 3.74841023e-03],
       ...,
       [3.23697936e-05, 2.47278171e-04, 3.75830647e-04, ...,
        0.00000000e+00, 1.05746136e-02, 1.77004612e-02],
       [3.83599501e-04, 2.25690848e-04, 5.00594589e-04, ...,
        1.05746136e-02, 0.00000000e+00, 2.58895530e-02],
       [1.56812278e-03, 1.56758644e-03, 3.74841023e-03, ...,
        1.77004612e-02, 2.58895530e-02, 0.00000000e+00]], shape=(45, 45))}
{'bond-orders': array([[0.00000000e+00, 3.14043937e-01, 2.24836120e-02, ...,
        3.23697936e-05, 3.83599501e-04, 1.56812278e-03],
       [3.14043937e-01, 0.00000000e+00, 2.05417293e-02, ...,
        2.47278171e-04, 2.25690848e-04, 1.56758644e-03],
       [2.24836120e-02, 2.05417293e-02, 0.00000000e+00, ...,
        3.75830647e-04, 5.00594589e-04, 3.74841023e-03],
       ...,
       [3.23697936e-05, 2.47278171e-04, 3.75830647e-04, ...,
        0.00000000e+00, 1.05746136e-02, 1.77004612e-02],
       [3.83599501e-04, 2.25690848e-04, 5.00594589e-04, ...,
        1.05746136e-02, 0.00000000e+00, 2.58895530e-02],
       [1.56812278e-03, 1.56758644e-03, 3.74841023e-03, ...,
        1.77004612e-02, 2.58895530e-02, 0.00000000e+00]], shape=(45, 45)), 'molecular-dipole': array([0.85178723, 1.48345884, 0.98052323])}
{'bond-orders': array([[0.00000000e+00, 3.14043937e-01, 2.24836120e-02, ...,
        3.23697936e-05, 3.83599501e-04, 1.56812278e-03],
       [3.14043937e-01, 0.00000000e+00, 2.05417293e-02, ...,
        2.47278171e-04, 2.25690848e-04, 1.56758644e-03],
       [2.24836120e-02, 2.05417293e-02, 0.00000000e+00, ...,
        3.75830647e-04, 5.00594589e-04, 3.74841023e-03],
       ...,
       [3.23697936e-05, 2.47278171e-04, 3.75830647e-04, ...,
        0.00000000e+00, 1.05746136e-02, 1.77004612e-02],
       [3.83599501e-04, 2.25690848e-04, 5.00594589e-04, ...,
        1.05746136e-02, 0.00000000e+00, 2.58895530e-02],
       [1.56812278e-03, 1.56758644e-03, 3.74841023e-03, ...,
        1.77004612e-02, 2.58895530e-02, 0.00000000e+00]], shape=(45, 45)), 'molecular-dipole': array([0.85178723, 1.48345884, 0.98052323]), 'molecular-quadrupole': array([-52.55941317, 104.1513221 , -57.14716557, 181.40725719,
       214.39247892, 109.70657874])}
------------------------------------------------------------
  cycle        total energy    energy error   density error
------------------------------------------------------------
      1     -163.4159494987  -1.6318424E+02   1.5034229E-02
      2     -163.4042745389   1.1674960E-02   1.4306292E-02
      3     -163.1876538072   2.1662073E-01   2.9573051E-02
      4     -163.2179096588  -3.0255852E-02   2.6541635E-02
      5     -163.4199961997  -2.0208654E-01   4.6829102E-03
      6     -163.4193353201   6.6087960E-04   4.8594916E-03
      7     -163.4205205230  -1.1852029E-03   2.0650368E-03
      8     -163.4206833418  -1.6281881E-04   1.3948736E-03
      9     -163.4207925050  -1.0916323E-04   1.0970347E-03
     10     -163.4209870814  -1.9457638E-04   2.4819472E-04
     11     -163.4209933270  -6.2455793E-06   9.0977527E-05
     12     -163.4209933303  -3.3332128E-09   7.1450259E-05
     13     -163.4209929289   4.0140040E-07   6.6737526E-05
     14     -163.4209933940  -4.6506591E-07   4.7210263E-05
     15     -163.4209938567  -4.6266598E-07   1.4783295E-05
------------------------------------------------------------

 total:                                  13.097 sec
3
{'bond-orders': array([[0.00000000e+00, 3.14356470e-01, 2.17808887e-02, ...,
        1.77342163e-05, 4.40575382e-04, 8.65790294e-04],
       [3.14356470e-01, 0.00000000e+00, 1.98457897e-02, ...,
        3.93072440e-04, 2.71333180e-04, 1.48644111e-03],
       [2.17808887e-02, 1.98457897e-02, 0.00000000e+00, ...,
        6.58407903e-04, 5.61062156e-04, 3.40124267e-03],
       ...,
       [1.77342163e-05, 3.93072440e-04, 6.58407903e-04, ...,
        0.00000000e+00, 9.72147686e-03, 2.60352618e-02],
       [4.40575382e-04, 2.71333180e-04, 5.61062156e-04, ...,
        9.72147686e-03, 0.00000000e+00, 2.98119428e-02],
       [8.65790294e-04, 1.48644111e-03, 3.40124267e-03, ...,
        2.60352618e-02, 2.98119428e-02, 0.00000000e+00]], shape=(45, 45))}
{'bond-orders': array([[0.00000000e+00, 3.14356470e-01, 2.17808887e-02, ...,
        1.77342163e-05, 4.40575382e-04, 8.65790294e-04],
       [3.14356470e-01, 0.00000000e+00, 1.98457897e-02, ...,
        3.93072440e-04, 2.71333180e-04, 1.48644111e-03],
       [2.17808887e-02, 1.98457897e-02, 0.00000000e+00, ...,
        6.58407903e-04, 5.61062156e-04, 3.40124267e-03],
       ...,
       [1.77342163e-05, 3.93072440e-04, 6.58407903e-04, ...,
        0.00000000e+00, 9.72147686e-03, 2.60352618e-02],
       [4.40575382e-04, 2.71333180e-04, 5.61062156e-04, ...,
        9.72147686e-03, 0.00000000e+00, 2.98119428e-02],
       [8.65790294e-04, 1.48644111e-03, 3.40124267e-03, ...,
        2.60352618e-02, 2.98119428e-02, 0.00000000e+00]], shape=(45, 45)), 'molecular-dipole': array([0.78870749, 1.41580642, 0.88828701])}
{'bond-orders': array([[0.00000000e+00, 3.14356470e-01, 2.17808887e-02, ...,
        1.77342163e-05, 4.40575382e-04, 8.65790294e-04],
       [3.14356470e-01, 0.00000000e+00, 1.98457897e-02, ...,
        3.93072440e-04, 2.71333180e-04, 1.48644111e-03],
       [2.17808887e-02, 1.98457897e-02, 0.00000000e+00, ...,
        6.58407903e-04, 5.61062156e-04, 3.40124267e-03],
       ...,
       [1.77342163e-05, 3.93072440e-04, 6.58407903e-04, ...,
        0.00000000e+00, 9.72147686e-03, 2.60352618e-02],
       [4.40575382e-04, 2.71333180e-04, 5.61062156e-04, ...,
        9.72147686e-03, 0.00000000e+00, 2.98119428e-02],
       [8.65790294e-04, 1.48644111e-03, 3.40124267e-03, ...,
        2.60352618e-02, 2.98119428e-02, 0.00000000e+00]], shape=(45, 45)), 'molecular-dipole': array([0.78870749, 1.41580642, 0.88828701]), 'molecular-quadrupole': array([-50.6469209 ,  99.41012474, -54.05371068, 169.85469666,
       204.36366639, 104.70063158])}
------------------------------------------------------------
  cycle        total energy    energy error   density error
------------------------------------------------------------
      1     -163.4348519120  -1.6319467E+02   8.4587900E-03
      2     -163.2838344033   1.5101751E-01   2.3843585E-02
      3     -163.1881840635   9.5650340E-02   2.9835732E-02
      4     -163.4359141241  -2.4773006E-01   4.6427898E-03
      5     -163.4374589377  -1.5448137E-03   3.9584936E-03
      6     -163.4371660847   2.9285301E-04   3.2412865E-03
      7     -163.4373080067  -1.4192200E-04   2.1904229E-03
      8     -163.4381304840  -8.2247732E-04   8.1832802E-04
      9     -163.4381755543  -4.5070279E-05   3.4616451E-04
     10     -163.4381812771  -5.7227697E-06   1.5679927E-04
     11     -163.4381823842  -1.1070735E-06   6.0705762E-05
     12     -163.4381824906  -1.0645539E-07   3.9101293E-05
     13     -163.4381825595  -6.8871856E-08   2.1879617E-05
     14     -163.4381825826  -2.3091673E-08   1.1232225E-05
------------------------------------------------------------

 total:                                  12.830 sec
3
{'bond-orders': array([[0.00000000e+00, 3.13810172e-01, 2.17337294e-02, ...,
        5.26115881e-07, 4.46230143e-04, 6.45182474e-04],
       [3.13810172e-01, 0.00000000e+00, 2.01210072e-02, ...,
        4.04788425e-04, 2.28683706e-04, 1.34021514e-03],
       [2.17337294e-02, 2.01210072e-02, 0.00000000e+00, ...,
        7.68083441e-04, 4.45346677e-04, 3.43822411e-03],
       ...,
       [5.26115881e-07, 4.04788425e-04, 7.68083441e-04, ...,
        0.00000000e+00, 8.81203340e-03, 3.05089432e-02],
       [4.46230143e-04, 2.28683706e-04, 4.45346677e-04, ...,
        8.81203340e-03, 0.00000000e+00, 2.93233072e-02],
       [6.45182474e-04, 1.34021514e-03, 3.43822411e-03, ...,
        3.05089432e-02, 2.93233072e-02, 0.00000000e+00]], shape=(45, 45))}
{'bond-orders': array([[0.00000000e+00, 3.13810172e-01, 2.17337294e-02, ...,
        5.26115881e-07, 4.46230143e-04, 6.45182474e-04],
       [3.13810172e-01, 0.00000000e+00, 2.01210072e-02, ...,
        4.04788425e-04, 2.28683706e-04, 1.34021514e-03],
       [2.17337294e-02, 2.01210072e-02, 0.00000000e+00, ...,
        7.68083441e-04, 4.45346677e-04, 3.43822411e-03],
       ...,
       [5.26115881e-07, 4.04788425e-04, 7.68083441e-04, ...,
        0.00000000e+00, 8.81203340e-03, 3.05089432e-02],
       [4.46230143e-04, 2.28683706e-04, 4.45346677e-04, ...,
        8.81203340e-03, 0.00000000e+00, 2.93233072e-02],
       [6.45182474e-04, 1.34021514e-03, 3.43822411e-03, ...,
        3.05089432e-02, 2.93233072e-02, 0.00000000e+00]], shape=(45, 45)), 'molecular-dipole': array([0.82066102, 1.5979153 , 0.70128603])}
{'bond-orders': array([[0.00000000e+00, 3.13810172e-01, 2.17337294e-02, ...,
        5.26115881e-07, 4.46230143e-04, 6.45182474e-04],
       [3.13810172e-01, 0.00000000e+00, 2.01210072e-02, ...,
        4.04788425e-04, 2.28683706e-04, 1.34021514e-03],
       [2.17337294e-02, 2.01210072e-02, 0.00000000e+00, ...,
        7.68083441e-04, 4.45346677e-04, 3.43822411e-03],
       ...,
       [5.26115881e-07, 4.04788425e-04, 7.68083441e-04, ...,
        0.00000000e+00, 8.81203340e-03, 3.05089432e-02],
       [4.46230143e-04, 2.28683706e-04, 4.45346677e-04, ...,
        8.81203340e-03, 0.00000000e+00, 2.93233072e-02],
       [6.45182474e-04, 1.34021514e-03, 3.43822411e-03, ...,
        3.05089432e-02, 2.93233072e-02, 0.00000000e+00]], shape=(45, 45)), 'molecular-dipole': array([0.82066102, 1.5979153 , 0.70128603]), 'molecular-quadrupole': array([-41.66300898, 109.80331464, -44.87339929, 165.80740374,
       224.95937786,  86.53640827])}
------------------------------------------------------------
  cycle        total energy    energy error   density error
------------------------------------------------------------
      1     -163.4466007839  -1.6319994E+02   8.3853764E-03
      2     -163.3708711761   7.5729608E-02   1.8760992E-02
      3     -163.1237581618   2.4711301E-01   3.3306504E-02
      4     -163.4450078735  -3.2124971E-01   5.3663464E-03
      5     -163.4486175016  -3.6096281E-03   4.1675002E-03
      6     -163.4481338746   4.8362701E-04   4.6635528E-03
      7     -163.4488909397  -7.5706510E-04   1.9359963E-03
      8     -163.4496474331  -7.5649346E-04   6.6054276E-04
      9     -163.4496985917  -5.1158620E-05   2.1480434E-04
     10     -163.4496997462  -1.1544912E-06   1.3763938E-04
     11     -163.4497004723  -7.2601483E-07   6.8399298E-05
     12     -163.4497003278   1.4440351E-07   6.0821943E-05
     13     -163.4497006556  -3.2776990E-07   2.7543451E-05
     14     -163.4497006878  -3.2139269E-08   1.2664703E-05
------------------------------------------------------------

 total:                                  12.867 sec
3
{'bond-orders': array([[0.00000000e+00, 3.12885026e-01, 2.15765750e-02, ...,
        2.32420136e-06, 4.25263286e-04, 5.28744507e-04],
       [3.12885026e-01, 0.00000000e+00, 2.01809872e-02, ...,
        3.94609722e-04, 2.05699165e-04, 1.25973220e-03],
       [2.15765750e-02, 2.01809872e-02, 0.00000000e+00, ...,
        9.03922924e-04, 3.85235286e-04, 3.65090239e-03],
       ...,
       [2.32420136e-06, 3.94609722e-04, 9.03922924e-04, ...,
        0.00000000e+00, 7.90716693e-03, 3.50258513e-02],
       [4.25263286e-04, 2.05699165e-04, 3.85235286e-04, ...,
        7.90716693e-03, 0.00000000e+00, 2.94629607e-02],
       [5.28744507e-04, 1.25973220e-03, 3.65090239e-03, ...,
        3.50258513e-02, 2.94629607e-02, 0.00000000e+00]], shape=(45, 45))}
{'bond-orders': array([[0.00000000e+00, 3.12885026e-01, 2.15765750e-02, ...,
        2.32420136e-06, 4.25263286e-04, 5.28744507e-04],
       [3.12885026e-01, 0.00000000e+00, 2.01809872e-02, ...,
        3.94609722e-04, 2.05699165e-04, 1.25973220e-03],
       [2.15765750e-02, 2.01809872e-02, 0.00000000e+00, ...,
        9.03922924e-04, 3.85235286e-04, 3.65090239e-03],
       ...,
       [2.32420136e-06, 3.94609722e-04, 9.03922924e-04, ...,
        0.00000000e+00, 7.90716693e-03, 3.50258513e-02],
       [4.25263286e-04, 2.05699165e-04, 3.85235286e-04, ...,
        7.90716693e-03, 0.00000000e+00, 2.94629607e-02],
       [5.28744507e-04, 1.25973220e-03, 3.65090239e-03, ...,
        3.50258513e-02, 2.94629607e-02, 0.00000000e+00]], shape=(45, 45)), 'molecular-dipole': array([0.82473291, 1.7773595 , 0.46761816])}
{'bond-orders': array([[0.00000000e+00, 3.12885026e-01, 2.15765750e-02, ...,
        2.32420136e-06, 4.25263286e-04, 5.28744507e-04],
       [3.12885026e-01, 0.00000000e+00, 2.01809872e-02, ...,
        3.94609722e-04, 2.05699165e-04, 1.25973220e-03],
       [2.15765750e-02, 2.01809872e-02, 0.00000000e+00, ...,
        9.03922924e-04, 3.85235286e-04, 3.65090239e-03],
       ...,
       [2.32420136e-06, 3.94609722e-04, 9.03922924e-04, ...,
        0.00000000e+00, 7.90716693e-03, 3.50258513e-02],
       [4.25263286e-04, 2.05699165e-04, 3.85235286e-04, ...,
        7.90716693e-03, 0.00000000e+00, 2.94629607e-02],
       [5.28744507e-04, 1.25973220e-03, 3.65090239e-03, ...,
        3.50258513e-02, 2.94629607e-02, 0.00000000e+00]], shape=(45, 45)), 'molecular-dipole': array([0.82473291, 1.7773595 , 0.46761816]), 'molecular-quadrupole': array([-31.34801173, 119.18499197, -33.6931054 , 156.65307687,
       244.57425866,  65.04111714])}
------------------------------------------------------------
  cycle        total energy    energy error   density error
------------------------------------------------------------
      1     -163.4562008676  -1.6320590E+02   7.6967876E-03
      2     -163.4170038048   3.9197063E-02   1.5072148E-02
      3     -163.1879371571   2.2906665E-01   3.0002030E-02
      4     -163.4537275647  -2.6579041E-01   5.2560673E-03
      5     -163.4580188777  -4.2913130E-03   3.5142478E-03
      6     -163.4578770881   1.4178954E-04   3.6309320E-03
      7     -163.4584318096  -5.5472153E-04   1.3392339E-03
      8     -163.4587218883  -2.9007869E-04   6.3897613E-04
      9     -163.4587629563  -4.1067996E-05   3.1800166E-04
     10     -163.4587718256  -8.8693036E-06   1.0701465E-04
     11     -163.4587721617  -3.3602376E-07   6.3247287E-05
     12     -163.4587725885  -4.2679935E-07   3.8578737E-05
     13     -163.4587726621  -7.3630332E-08   1.7179843E-05
------------------------------------------------------------

 total:                                  12.564 sec
3
{'bond-orders': array([[0.00000000e+00, 3.11768717e-01, 2.12880746e-02, ...,
        1.84039445e-05, 3.81227482e-04, 5.14932517e-04],
       [3.11768717e-01, 0.00000000e+00, 2.01467725e-02, ...,
        3.58995125e-04, 1.89362353e-04, 1.25877757e-03],
       [2.12880746e-02, 2.01467725e-02, 0.00000000e+00, ...,
        1.04660415e-03, 3.70145070e-04, 4.11060176e-03],
       ...,
       [1.84039445e-05, 3.58995125e-04, 1.04660415e-03, ...,
        0.00000000e+00, 7.23261412e-03, 3.79802819e-02],
       [3.81227482e-04, 1.89362353e-04, 3.70145070e-04, ...,
        7.23261412e-03, 0.00000000e+00, 3.01152814e-02],
       [5.14932517e-04, 1.25877757e-03, 4.11060176e-03, ...,
        3.79802819e-02, 3.01152814e-02, 0.00000000e+00]], shape=(45, 45))}
{'bond-orders': array([[0.00000000e+00, 3.11768717e-01, 2.12880746e-02, ...,
        1.84039445e-05, 3.81227482e-04, 5.14932517e-04],
       [3.11768717e-01, 0.00000000e+00, 2.01467725e-02, ...,
        3.58995125e-04, 1.89362353e-04, 1.25877757e-03],
       [2.12880746e-02, 2.01467725e-02, 0.00000000e+00, ...,
        1.04660415e-03, 3.70145070e-04, 4.11060176e-03],
       ...,
       [1.84039445e-05, 3.58995125e-04, 1.04660415e-03, ...,
        0.00000000e+00, 7.23261412e-03, 3.79802819e-02],
       [3.81227482e-04, 1.89362353e-04, 3.70145070e-04, ...,
        7.23261412e-03, 0.00000000e+00, 3.01152814e-02],
       [5.14932517e-04, 1.25877757e-03, 4.11060176e-03, ...,
        3.79802819e-02, 3.01152814e-02, 0.00000000e+00]], shape=(45, 45)), 'molecular-dipole': array([0.82170607, 1.95148274, 0.22181996])}
{'bond-orders': array([[0.00000000e+00, 3.11768717e-01, 2.12880746e-02, ...,
        1.84039445e-05, 3.81227482e-04, 5.14932517e-04],
       [3.11768717e-01, 0.00000000e+00, 2.01467725e-02, ...,
        3.58995125e-04, 1.89362353e-04, 1.25877757e-03],
       [2.12880746e-02, 2.01467725e-02, 0.00000000e+00, ...,
        1.04660415e-03, 3.70145070e-04, 4.11060176e-03],
       ...,
       [1.84039445e-05, 3.58995125e-04, 1.04660415e-03, ...,
        0.00000000e+00, 7.23261412e-03, 3.79802819e-02],
       [3.81227482e-04, 1.89362353e-04, 3.70145070e-04, ...,
        7.23261412e-03, 0.00000000e+00, 3.01152814e-02],
       [5.14932517e-04, 1.25877757e-03, 4.11060176e-03, ...,
        3.79802819e-02, 3.01152814e-02, 0.00000000e+00]], shape=(45, 45)), 'molecular-dipole': array([0.82170607, 1.95148274, 0.22181996]), 'molecular-quadrupole': array([-20.62458312, 127.99120564, -22.12299286, 145.88918602,
       263.02005942,  42.74757599])}
------------------------------------------------------------
  cycle        total energy    energy error   density error
------------------------------------------------------------
      1     -163.4660267777  -1.6321380E+02   1.1094412E-02
      2     -163.3611966070   1.0483017E-01   2.2599341E-02
      3     -162.8087137464   5.5248286E-01   4.6573438E-02
      4     -163.4674343853  -6.5872064E-01   5.9431903E-03
      5     -163.4682806405  -8.4625521E-04   4.9154567E-03
      6     -163.4698235562  -1.5429157E-03   4.1317219E-03
      7     -163.4704611151  -6.3755886E-04   1.8348310E-03
      8     -163.4709097034  -4.4858832E-04   1.2177406E-03
      9     -163.4710549773  -1.4527393E-04   5.7292502E-04
     10     -163.4710853786  -3.0401283E-05   1.4293943E-04
     11     -163.4710866383  -1.2596659E-06   6.9845419E-05
     12     -163.4710867986  -1.6037282E-07   4.3959955E-05
     13     -163.4710868663  -6.7698437E-08   2.6132593E-05
     14     -163.4710868677  -1.3712622E-09   1.8695861E-05
------------------------------------------------------------

 total:                                  12.815 sec
3
{'bond-orders': array([[0.00000000e+00, 3.10168081e-01, 2.06866598e-02, ...,
        4.24756591e-05, 3.05627956e-04, 5.73315830e-04],
       [3.10168081e-01, 0.00000000e+00, 2.01197678e-02, ...,
        2.94003570e-04, 1.70378813e-04, 1.35381673e-03],
       [2.06866598e-02, 2.01197678e-02, 0.00000000e+00, ...,
        1.22398218e-03, 3.90646332e-04, 5.07259007e-03],
       ...,
       [4.24756591e-05, 2.94003570e-04, 1.22398218e-03, ...,
        0.00000000e+00, 6.68661752e-03, 3.89631446e-02],
       [3.05627956e-04, 1.70378813e-04, 3.90646332e-04, ...,
        6.68661752e-03, 0.00000000e+00, 3.05320831e-02],
       [5.73315830e-04, 1.35381673e-03, 5.07259007e-03, ...,
        3.89631446e-02, 3.05320831e-02, 0.00000000e+00]], shape=(45, 45))}
{'bond-orders': array([[0.00000000e+00, 3.10168081e-01, 2.06866598e-02, ...,
        4.24756591e-05, 3.05627956e-04, 5.73315830e-04],
       [3.10168081e-01, 0.00000000e+00, 2.01197678e-02, ...,
        2.94003570e-04, 1.70378813e-04, 1.35381673e-03],
       [2.06866598e-02, 2.01197678e-02, 0.00000000e+00, ...,
        1.22398218e-03, 3.90646332e-04, 5.07259007e-03],
       ...,
       [4.24756591e-05, 2.94003570e-04, 1.22398218e-03, ...,
        0.00000000e+00, 6.68661752e-03, 3.89631446e-02],
       [3.05627956e-04, 1.70378813e-04, 3.90646332e-04, ...,
        6.68661752e-03, 0.00000000e+00, 3.05320831e-02],
       [5.73315830e-04, 1.35381673e-03, 5.07259007e-03, ...,
        3.89631446e-02, 3.05320831e-02, 0.00000000e+00]], shape=(45, 45)), 'molecular-dipole': array([ 0.82299176,  2.21809641, -0.14927065])}
{'bond-orders': array([[0.00000000e+00, 3.10168081e-01, 2.06866598e-02, ...,
        4.24756591e-05, 3.05627956e-04, 5.73315830e-04],
       [3.10168081e-01, 0.00000000e+00, 2.01197678e-02, ...,
        2.94003570e-04, 1.70378813e-04, 1.35381673e-03],
       [2.06866598e-02, 2.01197678e-02, 0.00000000e+00, ...,
        1.22398218e-03, 3.90646332e-04, 5.07259007e-03],
       ...,
       [4.24756591e-05, 2.94003570e-04, 1.22398218e-03, ...,
        0.00000000e+00, 6.68661752e-03, 3.89631446e-02],
       [3.05627956e-04, 1.70378813e-04, 3.90646332e-04, ...,
        6.68661752e-03, 0.00000000e+00, 3.05320831e-02],
       [5.73315830e-04, 1.35381673e-03, 5.07259007e-03, ...,
        3.89631446e-02, 3.05320831e-02, 0.00000000e+00]], shape=(45, 45)), 'molecular-dipole': array([ 0.82299176,  2.21809641, -0.14927065]), 'molecular-quadrupole': array([ -4.4447146 , 141.75654114,  -4.67645764, 129.33791771,
       290.08223729,   9.12117225])}
------------------------------------------------------------
  cycle        total energy    energy error   density error
------------------------------------------------------------
      1     -163.4784834494  -1.6322642E+02   1.1755330E-02
      2     -163.3920245432   8.6458906E-02   2.1293672E-02
      3     -162.7317934397   6.6023110E-01   4.8969581E-02
      4     -163.4801128098  -7.4831937E-01   6.1530742E-03
      5     -163.4789225149   1.1902949E-03   5.2913868E-03
      6     -163.4820598945  -3.1373795E-03   3.9925240E-03
      7     -163.4831902394  -1.1303449E-03   1.3847563E-03
      8     -163.4832860891  -9.5849658E-05   1.0579337E-03
      9     -163.4833703486  -8.4259531E-05   5.4745142E-04
     10     -163.4833961341  -2.5785526E-05   1.4087007E-04
     11     -163.4833973491  -1.2150144E-06   6.4624442E-05
     12     -163.4833973983  -4.9149975E-08   4.2866284E-05
     13     -163.4833974743  -7.5987089E-08   2.4526711E-05
     14     -163.4833975177  -4.3387502E-08   1.6602458E-05
------------------------------------------------------------

 total:                                  12.807 sec
3
{'bond-orders': array([[0.00000000e+00, 3.08794641e-01, 2.00087252e-02, ...,
        4.33939225e-05, 2.33657351e-04, 6.81595170e-04],
       [3.08794641e-01, 0.00000000e+00, 2.01809966e-02, ...,
        2.29589878e-04, 1.61849279e-04, 1.57510973e-03],
       [2.00087252e-02, 2.01809966e-02, 0.00000000e+00, ...,
        1.27711826e-03, 4.52121209e-04, 6.22933678e-03],
       ...,
       [4.33939225e-05, 2.29589878e-04, 1.27711826e-03, ...,
        0.00000000e+00, 6.68766216e-03, 3.61808992e-02],
       [2.33657351e-04, 1.61849279e-04, 4.52121209e-04, ...,
        6.68766216e-03, 0.00000000e+00, 2.98218299e-02],
       [6.81595170e-04, 1.57510973e-03, 6.22933678e-03, ...,
        3.61808992e-02, 2.98218299e-02, 0.00000000e+00]], shape=(45, 45))}
{'bond-orders': array([[0.00000000e+00, 3.08794641e-01, 2.00087252e-02, ...,
        4.33939225e-05, 2.33657351e-04, 6.81595170e-04],
       [3.08794641e-01, 0.00000000e+00, 2.01809966e-02, ...,
        2.29589878e-04, 1.61849279e-04, 1.57510973e-03],
       [2.00087252e-02, 2.01809966e-02, 0.00000000e+00, ...,
        1.27711826e-03, 4.52121209e-04, 6.22933678e-03],
       ...,
       [4.33939225e-05, 2.29589878e-04, 1.27711826e-03, ...,
        0.00000000e+00, 6.68766216e-03, 3.61808992e-02],
       [2.33657351e-04, 1.61849279e-04, 4.52121209e-04, ...,
        6.68766216e-03, 0.00000000e+00, 2.98218299e-02],
       [6.81595170e-04, 1.57510973e-03, 6.22933678e-03, ...,
        3.61808992e-02, 2.98218299e-02, 0.00000000e+00]], shape=(45, 45)), 'molecular-dipole': array([ 0.81393644,  2.47234467, -0.52031406])}
{'bond-orders': array([[0.00000000e+00, 3.08794641e-01, 2.00087252e-02, ...,
        4.33939225e-05, 2.33657351e-04, 6.81595170e-04],
       [3.08794641e-01, 0.00000000e+00, 2.01809966e-02, ...,
        2.29589878e-04, 1.61849279e-04, 1.57510973e-03],
       [2.00087252e-02, 2.01809966e-02, 0.00000000e+00, ...,
        1.27711826e-03, 4.52121209e-04, 6.22933678e-03],
       ...,
       [4.33939225e-05, 2.29589878e-04, 1.27711826e-03, ...,
        0.00000000e+00, 6.68766216e-03, 3.61808992e-02],
       [2.33657351e-04, 1.61849279e-04, 4.52121209e-04, ...,
        6.68766216e-03, 0.00000000e+00, 2.98218299e-02],
       [6.81595170e-04, 1.57510973e-03, 6.22933678e-03, ...,
        3.61808992e-02, 2.98218299e-02, 0.00000000e+00]], shape=(45, 45)), 'molecular-dipole': array([ 0.81393644,  2.47234467, -0.52031406]), 'molecular-quadrupole': array([ 11.54496764, 154.7235738 ,  12.75963998, 110.8008239 ,
       315.18862309, -24.30460761])}
------------------------------------------------------------
  cycle        total energy    energy error   density error
------------------------------------------------------------
      1     -163.4900142487  -1.6324036E+02   1.1298146E-02
      2     -163.3833073265   1.0670692E-01   2.2601209E-02
      3     -162.7078443868   6.7546294E-01   4.9720754E-02
      4     -163.4930291595  -7.8518477E-01   4.8584797E-03
      5     -163.4916095508   1.4196087E-03   4.6196298E-03
      6     -163.4935794671  -1.9699163E-03   3.7303074E-03
      7     -163.4944167439  -8.3727684E-04   1.0890774E-03
      8     -163.4944308250  -1.4081050E-05   9.4734576E-04
      9     -163.4944707115  -3.9886567E-05   4.6608725E-04
     10     -163.4944887192  -1.8007633E-05   1.4296122E-04
     11     -163.4944907822  -2.0630610E-06   6.2467016E-05
     12     -163.4944907172   6.5053911E-08   4.8086422E-05
     13     -163.4944908516  -1.3445433E-07   2.6153680E-05
     14     -163.4944909203  -6.8715735E-08   1.6282796E-05
------------------------------------------------------------

 total:                                  12.811 sec
3
{'bond-orders': array([[0.00000000e+00, 3.07735811e-01, 1.94531736e-02, ...,
        2.61293001e-05, 1.73133275e-04, 8.91364206e-04],
       [3.07735811e-01, 0.00000000e+00, 2.02197665e-02, ...,
        1.71630033e-04, 1.68317728e-04, 1.98329628e-03],
       [1.94531736e-02, 2.02197665e-02, 0.00000000e+00, ...,
        1.16069156e-03, 5.29386728e-04, 7.36681562e-03],
       ...,
       [2.61293001e-05, 1.71630033e-04, 1.16069156e-03, ...,
        0.00000000e+00, 7.12238757e-03, 3.10189801e-02],
       [1.73133275e-04, 1.68317728e-04, 5.29386728e-04, ...,
        7.12238757e-03, 0.00000000e+00, 2.81445477e-02],
       [8.91364206e-04, 1.98329628e-03, 7.36681562e-03, ...,
        3.10189801e-02, 2.81445477e-02, 0.00000000e+00]], shape=(45, 45))}
{'bond-orders': array([[0.00000000e+00, 3.07735811e-01, 1.94531736e-02, ...,
        2.61293001e-05, 1.73133275e-04, 8.91364206e-04],
       [3.07735811e-01, 0.00000000e+00, 2.02197665e-02, ...,
        1.71630033e-04, 1.68317728e-04, 1.98329628e-03],
       [1.94531736e-02, 2.02197665e-02, 0.00000000e+00, ...,
        1.16069156e-03, 5.29386728e-04, 7.36681562e-03],
       ...,
       [2.61293001e-05, 1.71630033e-04, 1.16069156e-03, ...,
        0.00000000e+00, 7.12238757e-03, 3.10189801e-02],
       [1.73133275e-04, 1.68317728e-04, 5.29386728e-04, ...,
        7.12238757e-03, 0.00000000e+00, 2.81445477e-02],
       [8.91364206e-04, 1.98329628e-03, 7.36681562e-03, ...,
        3.10189801e-02, 2.81445477e-02, 0.00000000e+00]], shape=(45, 45)), 'molecular-dipole': array([ 0.77750941,  2.70030181, -0.88090542])}
{'bond-orders': array([[0.00000000e+00, 3.07735811e-01, 1.94531736e-02, ...,
        2.61293001e-05, 1.73133275e-04, 8.91364206e-04],
       [3.07735811e-01, 0.00000000e+00, 2.02197665e-02, ...,
        1.71630033e-04, 1.68317728e-04, 1.98329628e-03],
       [1.94531736e-02, 2.02197665e-02, 0.00000000e+00, ...,
        1.16069156e-03, 5.29386728e-04, 7.36681562e-03],
       ...,
       [2.61293001e-05, 1.71630033e-04, 1.16069156e-03, ...,
        0.00000000e+00, 7.12238757e-03, 3.10189801e-02],
       [1.73133275e-04, 1.68317728e-04, 5.29386728e-04, ...,
        7.12238757e-03, 0.00000000e+00, 2.81445477e-02],
       [8.91364206e-04, 1.98329628e-03, 7.36681562e-03, ...,
        3.10189801e-02, 2.81445477e-02, 0.00000000e+00]], shape=(45, 45)), 'molecular-dipole': array([ 0.77750941,  2.70030181, -0.88090542]), 'molecular-quadrupole': array([ 26.35553987, 165.61482831,  29.94777308,  89.22124678,
       336.96884653, -56.30331296])}
------------------------------------------------------------
  cycle        total energy    energy error   density error
------------------------------------------------------------
      1     -163.4989716439  -1.6325611E+02   8.0454021E-03
      2     -163.4274610855   7.1510558E-02   1.8169554E-02
      3     -163.0899973325   3.3746375E-01   3.5882938E-02
      4     -163.5006395109  -4.1064218E-01   3.2041071E-03
