/home/ans819/.conda/envs/autoflow/lib/python3.13/site-packages/e3nn/o3/_wigner.py:10: UserWarning: Environment variable TORCH_FORCE_NO_WEIGHTS_ONLY_LOAD detected, since the`weights_only` argument was not explicitly passed to `torch.load`, forcing weights_only=False.
  _Jd, _W3j_flat, _W3j_indices = torch.load(os.path.join(os.path.dirname(__file__), 'constants.pt'))

          ==================== Thresholds ====================
          CN  :   150.00000
          rep :   500.00000
          disp:  2500.00000
          HB1 :   250.00000
          HB2 :   450.00000

          Pauling EN used:
          Z : 1  EN :  2.20
          Z : 6  EN :  2.55
          Z : 8  EN :  3.44
          Z :47  EN :  1.93
          electric field strengths (au): 0.000

           ------------------------------------------------- 
          |           Force Field Initialization            |
           ------------------------------------------------- 

          distances ...
          ----------------------------------------
          generating topology and atomic info file ...
          pair mat ...
          computing topology distances matrix with Floyd-Warshall algo ...
          making topology EEQ charges ...
          #fragments for EEQ constrain: 1
          ----------------------------------------
          generating topology and atomic info file ...
          pair mat ...
          computing topology distances matrix with Floyd-Warshall algo ...
          making topology EEQ charges ...
          #fragments for EEQ constrain: 1
          rings ...
          # BATM   3061
          # H in HB   0

  atom   neighbors  erfCN metchar sp-hybrid imet pi  qest     coordinates
    1  Ag      2    1.35   0.37         2    2    0   0.001    3.199451    0.356229   24.617246
    2  Ag      5    3.15   0.31         0    2    0   0.017    6.689760    4.630967   24.617246
    3  Ag      9    4.27   0.07         0    2    0   0.009   15.415533    8.193249   26.210347
    4  Ag      7    3.92   0.19         0    2    0   0.011   11.925224    3.918511   26.210347
    5  Ag      7    3.92   0.19         0    2    0   0.011   20.650997    7.480793   27.803448
    6  Ag      6    3.59   0.27         0    2    0   0.013   17.160688    3.206054   27.803448
    7  Ag      9    4.27   0.07         0    2    0   0.010    8.434915    6.768336   29.396549
    8  Ag      6    3.59   0.23         0    2    0   0.019    4.944605    2.493598   29.396549
    9  Ag     12    4.39   0.01         0    2    0   0.008   13.670379    6.055880   30.989650
   10  Ag      7    3.92   0.19         0    2    0   0.014   10.180069    1.781141   30.989650
   11  Ag      9    4.27   0.07         0    2    0   0.008   18.905843    5.343423   32.582751
   12  Ag      6    3.59   0.27         0    2    0   0.018   15.415533    1.068685   32.582751
   13  Ag      8    4.14   0.11         0    2    0   0.017    6.689760    4.630967   34.175852
   14  Ag      3    2.00   0.37         2    2    0   0.026    3.199451    0.356229   34.175852
   15  Ag      8    4.14   0.12         0    2    0   0.024   11.925224    3.918511   35.768953
   16  Ag     10    4.34   0.04         0    2    0   0.009   15.415533    8.193249   35.768953
   17  Ag      5    3.15   0.34         0    2    0   0.019   17.160688    3.206054   37.362054
   18  Ag      6    3.59   0.26         0    2    0   0.013   20.650997    7.480793   37.362054
   19  Ag      4    2.30   0.41         3    2    0   0.101    4.944605    2.493598   38.955155
   20  Ag      6    3.36   0.30         0    2    0   0.095    8.434915    6.768336   38.955155
   21  Ag      6    3.59   0.26         0    2    0   0.013   10.180069    8.905705   24.617246
   22  Ag      5    3.15   0.34         0    2    0   0.016   13.670379   13.180444   24.617246
   23  Ag      4    2.61   0.38         3    2    0   0.016   22.396152   16.742726   26.210347
   24  Ag      8    4.14   0.12         0    2    0   0.010   18.905843   12.467987   26.210347
   25  Ag      3    2.00   0.39         2    2    0   0.011   27.631616   16.030269   27.803448
   26  Ag      7    3.92   0.19         0    2    0   0.014   24.141307   11.755531   27.803448
   27  Ag      6    3.59   0.27         0    2    0   0.012   15.415533   15.317813   29.396549
   28  Ag      9    4.27   0.07         0    2    0   0.013   11.925224   11.043075   29.396549
   29  Ag      9    4.27   0.07         0    2    0   0.008   20.650997   14.605357   30.989650
/home/ans819/.conda/envs/autoflow/lib/python3.13/site-packages/mace/calculators/mace.py:197: UserWarning: Environment variable TORCH_FORCE_NO_WEIGHTS_ONLY_LOAD detected, since the`weights_only` argument was not explicitly passed to `torch.load`, forcing weights_only=False.
  torch.load(f=model_path, map_location=device)
/home/ans819/.conda/envs/autoflow/lib/python3.13/site-packages/chgnet/model/model.py:898: UserWarning: Converting a tensor with requires_grad=True to a scalar may lead to unexpected behavior.
Consider using tensor.detach() first. (Triggered internally at /pytorch/torch/csrc/autograd/generated/python_variable_methods.cpp:836.)
  volumes = torch.tensor(volumes, dtype=TORCH_DTYPE, device=atomic_numbers.device)
cuequivariance or cuequivariance_torch is not available. Cuequivariance acceleration will be disabled.
------------------------------------------------------------
  cycle        total energy    energy error   density error
------------------------------------------------------------
      1     -163.2121563654  -1.6297222E+02   9.9729848E-01
      2     -159.9817321202   3.2304242E+00   6.2680900E-01
      3      825.7661147732   9.8574785E+02   2.0413765E+00
      4     -97.20321904183  -9.2296933E+02   1.0766711E+00
      5     -41.68090710451   5.5522312E+01   7.4148203E-01
      6     -148.7349657820  -1.0705406E+02   3.2308915E-01
      7     -161.4518192913  -1.2716854E+01   1.1483925E-01
      8     -158.5901744133   2.8616449E+00   1.6119204E-01
      9     -161.5691129585  -2.9789385E+00   9.3286838E-02
     10     -158.8965690403   2.6725439E+00   2.7840552E-01
     11     -158.9586848176  -6.2115777E-02   2.5808925E-01
     12     -160.4914343018  -1.5327495E+00   2.3385615E-01
     13     -163.4798198540  -2.9883856E+00   5.0785259E-02
     14     -163.5347543498  -5.4934496E-02   3.4963988E-02
     15     -163.5265905711   8.1637786E-03   3.5844735E-02
     16     -163.5235015527   3.0890184E-03   3.4340660E-02
     17     -163.5206489832   2.8525695E-03   3.1255456E-02
     18     -163.5134741384   7.1748448E-03   3.0826422E-02
     19     -163.5136925101  -2.1837169E-04   3.0064248E-02
     20     -163.5212087116  -7.5162015E-03   2.5766309E-02
     21     -163.5349253222  -1.3716611E-02   2.0750572E-02
     22     -163.5386138112  -3.6884890E-03   1.9224341E-02
     23     -163.5400449403  -1.4311291E-03   1.8602419E-02
     24     -163.5452602766  -5.2153363E-03   1.5965377E-02
     25     -163.5480599757  -2.7996992E-03   1.3697372E-02
     26     -163.5499283681  -1.8683924E-03   1.2082147E-02
     27     -163.5515844906  -1.6561224E-03   1.0250535E-02
     28     -163.5542568074  -2.6723169E-03   6.8848653E-03
     29     -163.5547796318  -5.2282440E-04   5.6938224E-03
     30     -163.5553353512  -5.5571938E-04   4.1180010E-03
     31     -163.5556825115  -3.4716031E-04   3.4092757E-03
     32     -163.5557749520  -9.2440502E-05   3.1129583E-03
     33     -163.5558607288  -8.5776730E-05   2.8320252E-03
     34     -163.5559067275  -4.5998754E-05   2.5735942E-03
     35     -163.5559325330  -2.5805456E-05   2.1020704E-03
     36     -163.5559698883  -3.7355311E-05   2.0056001E-03
     37     -163.5559672085   2.6797908E-06   1.9661904E-03
     38     -163.5559639714   3.2370604E-06   1.9772747E-03
     39     -163.5560415410  -7.7569577E-05   1.5638657E-03
     40     -163.5560732249  -3.1683909E-05   1.3640148E-03
     41     -163.5560920059  -1.8780956E-05   1.2201444E-03
     42     -163.5561254654  -3.3459544E-05   9.0821402E-04
     43     -163.5561548748  -2.9409410E-05   5.4839527E-04
     44     -163.5561562555  -1.3806523E-06   5.1567993E-04
     45     -163.5561652179  -8.9624496E-06   3.1533183E-04
     46     -163.5561660669  -8.4902067E-07   2.9052078E-04
     47     -163.5561693332  -3.2662365E-06   1.4284163E-04
     48     -163.5561699111  -5.7789717E-07   9.4258154E-05
     49     -163.5561701211  -2.1005351E-07   5.7520091E-05
     50     -163.5561702702  -1.4907386E-07   8.7437313E-06
------------------------------------------------------------

 total:                                  24.960 sec
3
{'bond-orders': array([[0.00000000e+00, 3.07377162e-01, 2.03303384e-02, ...,
        6.53878051e-05, 2.77323090e-04, 2.91574754e-03],
       [3.07377162e-01, 0.00000000e+00, 1.69037965e-02, ...,
        1.31943965e-04, 5.92855569e-05, 1.67498653e-03],
       [2.03303384e-02, 1.69037965e-02, 0.00000000e+00, ...,
        4.63068256e-05, 4.32707094e-05, 1.08349326e-03],
       ...,
       [6.53878051e-05, 1.31943965e-04, 4.63068256e-05, ...,
        0.00000000e+00, 3.84092904e-03, 2.32945092e-02],
       [2.77323090e-04, 5.92855569e-05, 4.32707094e-05, ...,
        3.84092904e-03, 0.00000000e+00, 1.81584314e-02],
       [2.91574754e-03, 1.67498653e-03, 1.08349326e-03, ...,
        2.32945092e-02, 1.81584314e-02, 0.00000000e+00]], shape=(45, 45))}
{'bond-orders': array([[0.00000000e+00, 3.07377162e-01, 2.03303384e-02, ...,
        6.53878051e-05, 2.77323090e-04, 2.91574754e-03],
       [3.07377162e-01, 0.00000000e+00, 1.69037965e-02, ...,
        1.31943965e-04, 5.92855569e-05, 1.67498653e-03],
       [2.03303384e-02, 1.69037965e-02, 0.00000000e+00, ...,
        4.63068256e-05, 4.32707094e-05, 1.08349326e-03],
       ...,
       [6.53878051e-05, 1.31943965e-04, 4.63068256e-05, ...,
        0.00000000e+00, 3.84092904e-03, 2.32945092e-02],
       [2.77323090e-04, 5.92855569e-05, 4.32707094e-05, ...,
        3.84092904e-03, 0.00000000e+00, 1.81584314e-02],
       [2.91574754e-03, 1.67498653e-03, 1.08349326e-03, ...,
        2.32945092e-02, 1.81584314e-02, 0.00000000e+00]], shape=(45, 45)), 'molecular-dipole': array([ 1.72946684,  1.60921549, -1.62587561])}
{'bond-orders': array([[0.00000000e+00, 3.07377162e-01, 2.03303384e-02, ...,
        6.53878051e-05, 2.77323090e-04, 2.91574754e-03],
       [3.07377162e-01, 0.00000000e+00, 1.69037965e-02, ...,
        1.31943965e-04, 5.92855569e-05, 1.67498653e-03],
       [2.03303384e-02, 1.69037965e-02, 0.00000000e+00, ...,
        4.63068256e-05, 4.32707094e-05, 1.08349326e-03],
       ...,
       [6.53878051e-05, 1.31943965e-04, 4.63068256e-05, ...,
        0.00000000e+00, 3.84092904e-03, 2.32945092e-02],
       [2.77323090e-04, 5.92855569e-05, 4.32707094e-05, ...,
        3.84092904e-03, 0.00000000e+00, 1.81584314e-02],
       [2.91574754e-03, 1.67498653e-03, 1.08349326e-03, ...,
        2.32945092e-02, 1.81584314e-02, 0.00000000e+00]], shape=(45, 45)), 'molecular-dipole': array([ 1.72946684,  1.60921549, -1.62587561]), 'molecular-quadrupole': array([  71.14054331,  113.21590087,   37.40677476,  201.14231257,
        171.23026502, -108.54731807])}
------------------------------------------------------------
  cycle        total energy    energy error   density error
------------------------------------------------------------
      1     -163.5575968930  -1.6331652E+02   1.4066715E-03
      2     -163.5553921177   2.2047753E-03   2.9349411E-03
      3     -163.5474987867   7.8933309E-03   5.7250926E-03
      4     -163.5575596267  -1.0060840E-02   1.0114781E-03
      5     -163.5575668402  -7.2135309E-06   9.0972313E-04
      6     -163.5576373145  -7.0474314E-05   4.6262341E-04
      7     -163.5576487418  -1.1427251E-05   2.4399990E-04
      8     -163.5576509799  -2.2381183E-06   1.4093730E-04
      9     -163.5576515579  -5.7801284E-07   5.4930195E-05
     10     -163.5576517272  -1.6928985E-07   3.0519591E-05
     11     -163.5576518440  -1.1678296E-07   1.5037767E-05
------------------------------------------------------------

 total:                                  13.018 sec
3
{'bond-orders': array([[0.00000000e+00, 3.07498381e-01, 2.03621671e-02, ...,
        6.27999007e-05, 2.35776738e-04, 2.84581072e-03],
       [3.07498381e-01, 0.00000000e+00, 1.69247661e-02, ...,
        1.21395839e-04, 4.93802065e-05, 1.60975851e-03],
       [2.03621671e-02, 1.69247661e-02, 0.00000000e+00, ...,
        4.21877554e-05, 3.58116307e-05, 1.03807661e-03],
       ...,
       [6.27999007e-05, 1.21395839e-04, 4.21877554e-05, ...,
        0.00000000e+00, 3.76900092e-03, 2.29876180e-02],
       [2.35776738e-04, 4.93802065e-05, 3.58116307e-05, ...,
        3.76900092e-03, 0.00000000e+00, 1.72532360e-02],
       [2.84581072e-03, 1.60975851e-03, 1.03807661e-03, ...,
        2.29876180e-02, 1.72532360e-02, 0.00000000e+00]], shape=(45, 45))}
{'bond-orders': array([[0.00000000e+00, 3.07498381e-01, 2.03621671e-02, ...,
        6.27999007e-05, 2.35776738e-04, 2.84581072e-03],
       [3.07498381e-01, 0.00000000e+00, 1.69247661e-02, ...,
        1.21395839e-04, 4.93802065e-05, 1.60975851e-03],
       [2.03621671e-02, 1.69247661e-02, 0.00000000e+00, ...,
        4.21877554e-05, 3.58116307e-05, 1.03807661e-03],
       ...,
       [6.27999007e-05, 1.21395839e-04, 4.21877554e-05, ...,
        0.00000000e+00, 3.76900092e-03, 2.29876180e-02],
       [2.35776738e-04, 4.93802065e-05, 3.58116307e-05, ...,
        3.76900092e-03, 0.00000000e+00, 1.72532360e-02],
       [2.84581072e-03, 1.60975851e-03, 1.03807661e-03, ...,
        2.29876180e-02, 1.72532360e-02, 0.00000000e+00]], shape=(45, 45)), 'molecular-dipole': array([ 1.69771946,  1.55872138, -1.56700433])}
{'bond-orders': array([[0.00000000e+00, 3.07498381e-01, 2.03621671e-02, ...,
        6.27999007e-05, 2.35776738e-04, 2.84581072e-03],
       [3.07498381e-01, 0.00000000e+00, 1.69247661e-02, ...,
        1.21395839e-04, 4.93802065e-05, 1.60975851e-03],
       [2.03621671e-02, 1.69247661e-02, 0.00000000e+00, ...,
        4.21877554e-05, 3.58116307e-05, 1.03807661e-03],
       ...,
       [6.27999007e-05, 1.21395839e-04, 4.21877554e-05, ...,
        0.00000000e+00, 3.76900092e-03, 2.29876180e-02],
       [2.35776738e-04, 4.93802065e-05, 3.58116307e-05, ...,
        3.76900092e-03, 0.00000000e+00, 1.72532360e-02],
       [2.84581072e-03, 1.60975851e-03, 1.03807661e-03, ...,
        2.29876180e-02, 1.72532360e-02, 0.00000000e+00]], shape=(45, 45)), 'molecular-dipole': array([ 1.69771946,  1.55872138, -1.56700433]), 'molecular-quadrupole': array([  68.16697763,  110.65751602,   34.87982892,  199.25919152,
        165.90407613, -103.04680655])}
------------------------------------------------------------
  cycle        total energy    energy error   density error
------------------------------------------------------------
      1     -163.5589337542  -1.6331624E+02   1.8952563E-03
      2     -163.5580935155   8.4023876E-04   2.6701742E-03
      3     -163.5480552440   1.0038271E-02   5.9654569E-03
      4     -163.5583624991  -1.0307255E-02   1.6987803E-03
      5     -163.5589292438  -5.6674467E-04   9.0460246E-04
      6     -163.5590184802  -8.9236468E-05   5.6112441E-04
      7     -163.5590434815  -2.5001277E-05   3.4320234E-04
      8     -163.5590521272  -8.6456720E-06   1.1758727E-04
      9     -163.5590524773  -3.5011311E-07   4.9097248E-05
     10     -163.5590526136  -1.3634769E-07   3.2680052E-05
     11     -163.5590526955  -8.1822890E-08   7.7573944E-06
------------------------------------------------------------

 total:                                  13.026 sec
3
{'bond-orders': array([[0.00000000e+00, 3.07687435e-01, 2.04198775e-02, ...,
        6.01956444e-05, 2.05936582e-04, 2.72793335e-03],
       [3.07687435e-01, 0.00000000e+00, 1.69576152e-02, ...,
        1.11721268e-04, 4.22413253e-05, 1.51906631e-03],
       [2.04198775e-02, 1.69576152e-02, 0.00000000e+00, ...,
        3.77497156e-05, 3.07203259e-05, 9.75884102e-04],
       ...,
       [6.01956444e-05, 1.11721268e-04, 3.77497156e-05, ...,
        0.00000000e+00, 3.88291662e-03, 2.29757581e-02],
       [2.05936582e-04, 4.22413253e-05, 3.07203259e-05, ...,
        3.88291662e-03, 0.00000000e+00, 1.69065843e-02],
       [2.72793335e-03, 1.51906631e-03, 9.75884102e-04, ...,
        2.29757581e-02, 1.69065843e-02, 0.00000000e+00]], shape=(45, 45))}
{'bond-orders': array([[0.00000000e+00, 3.07687435e-01, 2.04198775e-02, ...,
        6.01956444e-05, 2.05936582e-04, 2.72793335e-03],
       [3.07687435e-01, 0.00000000e+00, 1.69576152e-02, ...,
        1.11721268e-04, 4.22413253e-05, 1.51906631e-03],
       [2.04198775e-02, 1.69576152e-02, 0.00000000e+00, ...,
        3.77497156e-05, 3.07203259e-05, 9.75884102e-04],
       ...,
       [6.01956444e-05, 1.11721268e-04, 3.77497156e-05, ...,
        0.00000000e+00, 3.88291662e-03, 2.29757581e-02],
       [2.05936582e-04, 4.22413253e-05, 3.07203259e-05, ...,
        3.88291662e-03, 0.00000000e+00, 1.69065843e-02],
       [2.72793335e-03, 1.51906631e-03, 9.75884102e-04, ...,
        2.29757581e-02, 1.69065843e-02, 0.00000000e+00]], shape=(45, 45)), 'molecular-dipole': array([ 1.64430148,  1.49256154, -1.49760364])}
{'bond-orders': array([[0.00000000e+00, 3.07687435e-01, 2.04198775e-02, ...,
        6.01956444e-05, 2.05936582e-04, 2.72793335e-03],
       [3.07687435e-01, 0.00000000e+00, 1.69576152e-02, ...,
        1.11721268e-04, 4.22413253e-05, 1.51906631e-03],
       [2.04198775e-02, 1.69576152e-02, 0.00000000e+00, ...,
        3.77497156e-05, 3.07203259e-05, 9.75884102e-04],
       ...,
       [6.01956444e-05, 1.11721268e-04, 3.77497156e-05, ...,
        0.00000000e+00, 3.88291662e-03, 2.29757581e-02],
       [2.05936582e-04, 4.22413253e-05, 3.07203259e-05, ...,
        3.88291662e-03, 0.00000000e+00, 1.69065843e-02],
       [2.72793335e-03, 1.51906631e-03, 9.75884102e-04, ...,
        2.29757581e-02, 1.69065843e-02, 0.00000000e+00]], shape=(45, 45)), 'molecular-dipole': array([ 1.64430148,  1.49256154, -1.49760364]), 'molecular-quadrupole': array([ 64.22377028, 106.92273046,  31.90314572, 194.88449069,
       158.77608326, -96.126916  ])}
------------------------------------------------------------
  cycle        total energy    energy error   density error
------------------------------------------------------------
      1     -163.5596713881  -1.6331645E+02   1.4849160E-03
      2     -163.5512798716   8.3915165E-03   5.2523770E-03
      3     -163.5533830983  -2.1032266E-03   4.7176186E-03
      4     -163.5597484777  -6.3653794E-03   7.9578202E-04
      5     -163.5597800026  -3.1524930E-05   5.2028596E-04
      6     -163.5597948161  -1.4813546E-05   3.5681756E-04
      7     -163.5598023759  -7.5597361E-06   2.8123303E-04
      8     -163.5598070808  -4.7049409E-06   1.1006085E-04
      9     -163.5598075594  -4.7857338E-07   3.5476392E-05
     10     -163.5598076323  -7.2901855E-08   2.5327233E-05
     11     -163.5598076854  -5.3067396E-08   1.2475888E-05
------------------------------------------------------------

 total:                                  12.880 sec
3
{'bond-orders': array([[0.00000000e+00, 3.07830887e-01, 2.04627766e-02, ...,
        5.96458691e-05, 2.00211529e-04, 2.64811719e-03],
       [3.07830887e-01, 0.00000000e+00, 1.69816692e-02, ...,
        1.08625645e-04, 4.04667857e-05, 1.46484811e-03],
       [2.04627766e-02, 1.69816692e-02, 0.00000000e+00, ...,
        3.59076393e-05, 2.96167789e-05, 9.39031946e-04],
       ...,
       [5.96458691e-05, 1.08625645e-04, 3.59076393e-05, ...,
        0.00000000e+00, 4.10334408e-03, 2.31786056e-02],
       [2.00211529e-04, 4.04667857e-05, 2.96167789e-05, ...,
        4.10334408e-03, 0.00000000e+00, 1.71976475e-02],
       [2.64811719e-03, 1.46484811e-03, 9.39031946e-04, ...,
        2.31786056e-02, 1.71976475e-02, 0.00000000e+00]], shape=(45, 45))}
{'bond-orders': array([[0.00000000e+00, 3.07830887e-01, 2.04627766e-02, ...,
        5.96458691e-05, 2.00211529e-04, 2.64811719e-03],
       [3.07830887e-01, 0.00000000e+00, 1.69816692e-02, ...,
        1.08625645e-04, 4.04667857e-05, 1.46484811e-03],
       [2.04627766e-02, 1.69816692e-02, 0.00000000e+00, ...,
        3.59076393e-05, 2.96167789e-05, 9.39031946e-04],
       ...,
       [5.96458691e-05, 1.08625645e-04, 3.59076393e-05, ...,
        0.00000000e+00, 4.10334408e-03, 2.31786056e-02],
       [2.00211529e-04, 4.04667857e-05, 2.96167789e-05, ...,
        4.10334408e-03, 0.00000000e+00, 1.71976475e-02],
       [2.64811719e-03, 1.46484811e-03, 9.39031946e-04, ...,
        2.31786056e-02, 1.71976475e-02, 0.00000000e+00]], shape=(45, 45)), 'molecular-dipole': array([ 1.60384125,  1.45172618, -1.44660619])}
{'bond-orders': array([[0.00000000e+00, 3.07830887e-01, 2.04627766e-02, ...,
        5.96458691e-05, 2.00211529e-04, 2.64811719e-03],
       [3.07830887e-01, 0.00000000e+00, 1.69816692e-02, ...,
        1.08625645e-04, 4.04667857e-05, 1.46484811e-03],
       [2.04627766e-02, 1.69816692e-02, 0.00000000e+00, ...,
        3.59076393e-05, 2.96167789e-05, 9.39031946e-04],
       ...,
       [5.96458691e-05, 1.08625645e-04, 3.59076393e-05, ...,
        0.00000000e+00, 4.10334408e-03, 2.31786056e-02],
       [2.00211529e-04, 4.04667857e-05, 2.96167789e-05, ...,
        4.10334408e-03, 0.00000000e+00, 1.71976475e-02],
       [2.64811719e-03, 1.46484811e-03, 9.39031946e-04, ...,
        2.31786056e-02, 1.71976475e-02, 0.00000000e+00]], shape=(45, 45)), 'molecular-dipole': array([ 1.60384125,  1.45172618, -1.44660619]), 'molecular-quadrupole': array([ 61.32208101, 104.37102208,  29.82260779, 191.52524542,
       154.59322008, -91.14468879])}
------------------------------------------------------------
  cycle        total energy    energy error   density error
------------------------------------------------------------
      1     -163.5602927154  -1.6331790E+02   1.2300430E-03
      2     -163.5504096754   9.8830400E-03   5.6243585E-03
      3     -163.5588754904  -8.4658150E-03   2.4737083E-03
      4     -163.5603503201  -1.4748296E-03   7.9313804E-04
      5     -163.5603930697  -4.2749650E-05   5.7257777E-04
      6     -163.5604032586  -1.0188912E-05   3.8344533E-04
      7     -163.5604092308  -5.9722341E-06   2.7929859E-04
      8     -163.5604130872  -3.8563431E-06   1.0748695E-04
      9     -163.5604136697  -5.8251351E-07   3.5223782E-05
     10     -163.5604137466  -7.6903632E-08   2.7373573E-05
     11     -163.5604137980  -5.1436615E-08   1.1395919E-05
------------------------------------------------------------

 total:                                  12.728 sec
3
{'bond-orders': array([[0.00000000e+00, 3.07930368e-01, 2.04916897e-02, ...,
        6.02988823e-05, 2.04427624e-04, 2.59976626e-03],
       [3.07930368e-01, 0.00000000e+00, 1.70022660e-02, ...,
        1.08532028e-04, 4.09065020e-05, 1.43366963e-03],
       [2.04916897e-02, 1.70022660e-02, 0.00000000e+00, ...,
        3.53161230e-05, 2.99597779e-05, 9.17219952e-04],
       ...,
       [6.02988823e-05, 1.08532028e-04, 3.53161230e-05, ...,
        0.00000000e+00, 4.34338082e-03, 2.33884436e-02],
       [2.04427624e-04, 4.09065020e-05, 2.99597779e-05, ...,
        4.34338082e-03, 0.00000000e+00, 1.76792117e-02],
       [2.59976626e-03, 1.43366963e-03, 9.17219952e-04, ...,
        2.33884436e-02, 1.76792117e-02, 0.00000000e+00]], shape=(45, 45))}
{'bond-orders': array([[0.00000000e+00, 3.07930368e-01, 2.04916897e-02, ...,
        6.02988823e-05, 2.04427624e-04, 2.59976626e-03],
       [3.07930368e-01, 0.00000000e+00, 1.70022660e-02, ...,
        1.08532028e-04, 4.09065020e-05, 1.43366963e-03],
       [2.04916897e-02, 1.70022660e-02, 0.00000000e+00, ...,
        3.53161230e-05, 2.99597779e-05, 9.17219952e-04],
       ...,
       [6.02988823e-05, 1.08532028e-04, 3.53161230e-05, ...,
        0.00000000e+00, 4.34338082e-03, 2.33884436e-02],
       [2.04427624e-04, 4.09065020e-05, 2.99597779e-05, ...,
        4.34338082e-03, 0.00000000e+00, 1.76792117e-02],
       [2.59976626e-03, 1.43366963e-03, 9.17219952e-04, ...,
        2.33884436e-02, 1.76792117e-02, 0.00000000e+00]], shape=(45, 45)), 'molecular-dipole': array([ 1.57005026,  1.42250213, -1.40514408])}
{'bond-orders': array([[0.00000000e+00, 3.07930368e-01, 2.04916897e-02, ...,
        6.02988823e-05, 2.04427624e-04, 2.59976626e-03],
       [3.07930368e-01, 0.00000000e+00, 1.70022660e-02, ...,
        1.08532028e-04, 4.09065020e-05, 1.43366963e-03],
       [2.04916897e-02, 1.70022660e-02, 0.00000000e+00, ...,
        3.53161230e-05, 2.99597779e-05, 9.17219952e-04],
       ...,
       [6.02988823e-05, 1.08532028e-04, 3.53161230e-05, ...,
        0.00000000e+00, 4.34338082e-03, 2.33884436e-02],
       [2.04427624e-04, 4.09065020e-05, 2.99597779e-05, ...,
        4.34338082e-03, 0.00000000e+00, 1.76792117e-02],
       [2.59976626e-03, 1.43366963e-03, 9.17219952e-04, ...,
        2.33884436e-02, 1.76792117e-02, 0.00000000e+00]], shape=(45, 45)), 'molecular-dipole': array([ 1.57005026,  1.42250213, -1.40514408]), 'molecular-quadrupole': array([ 58.96656173, 102.38820403,  28.20346316, 188.64431691,
       151.74484134, -87.17002489])}
------------------------------------------------------------
  cycle        total energy    energy error   density error
------------------------------------------------------------
      1     -163.5610238666  -1.6332089E+02   1.2639716E-03
      2     -163.5525986529   8.4252138E-03   5.2338922E-03
      3     -163.5595234331  -6.9247802E-03   2.5464944E-03
      4     -163.5610041435  -1.4807105E-03   9.6516093E-04
      5     -163.5611146635  -1.1051993E-04   6.7402131E-04
      6     -163.5611270345  -1.2371076E-05   4.6703797E-04
      7     -163.5611320874  -5.0528830E-06   3.5345577E-04
      8     -163.5611392277  -7.1402332E-06   1.2264411E-04
      9     -163.5611399284  -7.0069339E-07   3.3045684E-05
     10     -163.5611399446  -1.6277767E-08   2.6554978E-05
     11     -163.5611399810  -3.6323456E-08   9.8190439E-06
------------------------------------------------------------

 total:                                  12.849 sec
3
{'bond-orders': array([[0.00000000e+00, 3.08022892e-01, 2.05135430e-02, ...,
        6.14740503e-05, 2.12849447e-04, 2.56562507e-03],
       [3.08022892e-01, 0.00000000e+00, 1.70276593e-02, ...,
        1.09070065e-04, 4.24418418e-05, 1.40946072e-03],
       [2.05135430e-02, 1.70276593e-02, 0.00000000e+00, ...,
        3.48916421e-05, 3.09015214e-05, 8.99796156e-04],
       ...,
       [6.14740503e-05, 1.09070065e-04, 3.48916421e-05, ...,
        0.00000000e+00, 4.59428335e-03, 2.35258343e-02],
       [2.12849447e-04, 4.24418418e-05, 3.09015214e-05, ...,
        4.59428335e-03, 0.00000000e+00, 1.81771214e-02],
       [2.56562507e-03, 1.40946072e-03, 8.99796156e-04, ...,
        2.35258343e-02, 1.81771214e-02, 0.00000000e+00]], shape=(45, 45))}
{'bond-orders': array([[0.00000000e+00, 3.08022892e-01, 2.05135430e-02, ...,
        6.14740503e-05, 2.12849447e-04, 2.56562507e-03],
       [3.08022892e-01, 0.00000000e+00, 1.70276593e-02, ...,
        1.09070065e-04, 4.24418418e-05, 1.40946072e-03],
       [2.05135430e-02, 1.70276593e-02, 0.00000000e+00, ...,
        3.48916421e-05, 3.09015214e-05, 8.99796156e-04],
       ...,
       [6.14740503e-05, 1.09070065e-04, 3.48916421e-05, ...,
        0.00000000e+00, 4.59428335e-03, 2.35258343e-02],
       [2.12849447e-04, 4.24418418e-05, 3.09015214e-05, ...,
        4.59428335e-03, 0.00000000e+00, 1.81771214e-02],
       [2.56562507e-03, 1.40946072e-03, 8.99796156e-04, ...,
        2.35258343e-02, 1.81771214e-02, 0.00000000e+00]], shape=(45, 45)), 'molecular-dipole': array([ 1.53214999,  1.39446072, -1.35617236])}
{'bond-orders': array([[0.00000000e+00, 3.08022892e-01, 2.05135430e-02, ...,
        6.14740503e-05, 2.12849447e-04, 2.56562507e-03],
       [3.08022892e-01, 0.00000000e+00, 1.70276593e-02, ...,
        1.09070065e-04, 4.24418418e-05, 1.40946072e-03],
       [2.05135430e-02, 1.70276593e-02, 0.00000000e+00, ...,
        3.48916421e-05, 3.09015214e-05, 8.99796156e-04],
       ...,
       [6.14740503e-05, 1.09070065e-04, 3.48916421e-05, ...,
        0.00000000e+00, 4.59428335e-03, 2.35258343e-02],
       [2.12849447e-04, 4.24418418e-05, 3.09015214e-05, ...,
        4.59428335e-03, 0.00000000e+00, 1.81771214e-02],
       [2.56562507e-03, 1.40946072e-03, 8.99796156e-04, ...,
        2.35258343e-02, 1.81771214e-02, 0.00000000e+00]], shape=(45, 45)), 'molecular-dipole': array([ 1.53214999,  1.39446072, -1.35617236]), 'molecular-quadrupole': array([ 56.24008285, 100.30904195,  26.34602261, 185.48299342,
       149.23182295, -82.58610546])}
------------------------------------------------------------
  cycle        total energy    energy error   density error
------------------------------------------------------------
      1     -163.5619751622  -1.6332504E+02   1.4097489E-03
      2     -163.5543909227   7.5842394E-03   5.0595349E-03
      3     -163.5586073654  -4.2164427E-03   3.6048250E-03
      4     -163.5617599914  -3.1526260E-03   1.2777996E-03
      5     -163.5620713031  -3.1131176E-04   7.3425087E-04
      6     -163.5620953506  -2.4047464E-05   5.0232103E-04
      7     -163.5621010691  -5.7185089E-06   4.1733297E-04
      8     -163.5621115142  -1.0445028E-05   1.5233421E-04
      9     -163.5621123763  -8.6210676E-07   4.9381454E-05
     10     -163.5621125502  -1.7396104E-07   3.4014710E-05
     11     -163.5621127123  -1.6211169E-07   1.4085390E-05
------------------------------------------------------------

 total:                                  13.095 sec
3
{'bond-orders': array([[0.00000000e+00, 3.08104295e-01, 2.05255212e-02, ...,
        6.22478101e-05, 2.19265331e-04, 2.53602737e-03],
       [3.08104295e-01, 0.00000000e+00, 1.70684194e-02, ...,
        1.07682343e-04, 4.41662530e-05, 1.38050987e-03],
       [2.05255212e-02, 1.70684194e-02, 0.00000000e+00, ...,
        3.35279852e-05, 3.17835052e-05, 8.80001342e-04],
       ...,
       [6.22478101e-05, 1.07682343e-04, 3.35279852e-05, ...,
        0.00000000e+00, 4.78722900e-03, 2.34998431e-02],
       [2.19265331e-04, 4.41662530e-05, 3.17835052e-05, ...,
        4.78722900e-03, 0.00000000e+00, 1.84258096e-02],
       [2.53602737e-03, 1.38050987e-03, 8.80001342e-04, ...,
        2.34998431e-02, 1.84258096e-02, 0.00000000e+00]], shape=(45, 45))}
{'bond-orders': array([[0.00000000e+00, 3.08104295e-01, 2.05255212e-02, ...,
        6.22478101e-05, 2.19265331e-04, 2.53602737e-03],
       [3.08104295e-01, 0.00000000e+00, 1.70684194e-02, ...,
        1.07682343e-04, 4.41662530e-05, 1.38050987e-03],
       [2.05255212e-02, 1.70684194e-02, 0.00000000e+00, ...,
        3.35279852e-05, 3.17835052e-05, 8.80001342e-04],
       ...,
       [6.22478101e-05, 1.07682343e-04, 3.35279852e-05, ...,
        0.00000000e+00, 4.78722900e-03, 2.34998431e-02],
       [2.19265331e-04, 4.41662530e-05, 3.17835052e-05, ...,
        4.78722900e-03, 0.00000000e+00, 1.84258096e-02],
       [2.53602737e-03, 1.38050987e-03, 8.80001342e-04, ...,
        2.34998431e-02, 1.84258096e-02, 0.00000000e+00]], shape=(45, 45)), 'molecular-dipole': array([ 1.47773852,  1.35381542, -1.28241914])}
{'bond-orders': array([[0.00000000e+00, 3.08104295e-01, 2.05255212e-02, ...,
        6.22478101e-05, 2.19265331e-04, 2.53602737e-03],
       [3.08104295e-01, 0.00000000e+00, 1.70684194e-02, ...,
        1.07682343e-04, 4.41662530e-05, 1.38050987e-03],
       [2.05255212e-02, 1.70684194e-02, 0.00000000e+00, ...,
        3.35279852e-05, 3.17835052e-05, 8.80001342e-04],
       ...,
       [6.22478101e-05, 1.07682343e-04, 3.35279852e-05, ...,
        0.00000000e+00, 4.78722900e-03, 2.34998431e-02],
       [2.19265331e-04, 4.41662530e-05, 3.17835052e-05, ...,
        4.78722900e-03, 0.00000000e+00, 1.84258096e-02],
       [2.53602737e-03, 1.38050987e-03, 8.80001342e-04, ...,
        2.34998431e-02, 1.84258096e-02, 0.00000000e+00]], shape=(45, 45)), 'molecular-dipole': array([ 1.47773852,  1.35381542, -1.28241914]), 'molecular-quadrupole': array([ 52.19139388,  97.23302648,  23.59322656, 181.08944854,
       145.67059293, -75.78462044])}
------------------------------------------------------------
  cycle        total energy    energy error   density error
------------------------------------------------------------
      1     -163.5633802674  -1.6332994E+02   2.1821774E-03
      2     -163.5585602014   4.8200661E-03   4.6454458E-03
      3     -163.5385655849   1.9994616E-02   9.0544706E-03
      4     -163.5621644440  -2.3598859E-02   2.3421102E-03
      5     -163.5635538835  -1.3894396E-03   8.9675595E-04
      6     -163.5635957877  -4.1904156E-05   6.2811201E-04
      7     -163.5636097156  -1.3927961E-05   5.7979510E-04
      8     -163.5636335632  -2.3847553E-05   2.2829813E-04
      9     -163.5636352643  -1.7011228E-06   8.1563007E-05
     10     -163.5636356930  -4.2868055E-07   6.0711432E-05
     11     -163.5636362424  -5.4942646E-07   2.6262252E-05
     12     -163.5636363502  -1.0776873E-07   1.0908640E-05
------------------------------------------------------------

 total:                                  13.443 sec
3
{'bond-orders': array([[0.00000000e+00, 3.08211759e-01, 2.05288882e-02, ...,
        6.11861014e-05, 2.16741504e-04, 2.49385562e-03],
       [3.08211759e-01, 0.00000000e+00, 1.71494708e-02, ...,
        1.00593577e-04, 4.52612962e-05, 1.32643932e-03],
       [2.05288882e-02, 1.71494708e-02, 0.00000000e+00, ...,
        2.96070760e-05, 3.20675130e-05, 8.46910521e-04],
       ...,
       [6.11861014e-05, 1.00593577e-04, 2.96070760e-05, ...,
        0.00000000e+00, 4.85185172e-03, 2.31682346e-02],
       [2.16741504e-04, 4.52612962e-05, 3.20675130e-05, ...,
        4.85185172e-03, 0.00000000e+00, 1.81563714e-02],
       [2.49385562e-03, 1.32643932e-03, 8.46910521e-04, ...,
        2.31682346e-02, 1.81563714e-02, 0.00000000e+00]], shape=(45, 45))}
{'bond-orders': array([[0.00000000e+00, 3.08211759e-01, 2.05288882e-02, ...,
        6.11861014e-05, 2.16741504e-04, 2.49385562e-03],
       [3.08211759e-01, 0.00000000e+00, 1.71494708e-02, ...,
        1.00593577e-04, 4.52612962e-05, 1.32643932e-03],
       [2.05288882e-02, 1.71494708e-02, 0.00000000e+00, ...,
        2.96070760e-05, 3.20675130e-05, 8.46910521e-04],
       ...,
       [6.11861014e-05, 1.00593577e-04, 2.96070760e-05, ...,
        0.00000000e+00, 4.85185172e-03, 2.31682346e-02],
       [2.16741504e-04, 4.52612962e-05, 3.20675130e-05, ...,
        4.85185172e-03, 0.00000000e+00, 1.81563714e-02],
       [2.49385562e-03, 1.32643932e-03, 8.46910521e-04, ...,
        2.31682346e-02, 1.81563714e-02, 0.00000000e+00]], shape=(45, 45)), 'molecular-dipole': array([ 1.38519315,  1.28462089, -1.16219038])}
{'bond-orders': array([[0.00000000e+00, 3.08211759e-01, 2.05288882e-02, ...,
        6.11861014e-05, 2.16741504e-04, 2.49385562e-03],
       [3.08211759e-01, 0.00000000e+00, 1.71494708e-02, ...,
        1.00593577e-04, 4.52612962e-05, 1.32643932e-03],
       [2.05288882e-02, 1.71494708e-02, 0.00000000e+00, ...,
        2.96070760e-05, 3.20675130e-05, 8.46910521e-04],
       ...,
       [6.11861014e-05, 1.00593577e-04, 2.96070760e-05, ...,
        0.00000000e+00, 4.85185172e-03, 2.31682346e-02],
       [2.16741504e-04, 4.52612962e-05, 3.20675130e-05, ...,
        4.85185172e-03, 0.00000000e+00, 1.81563714e-02],
       [2.49385562e-03, 1.32643932e-03, 8.46910521e-04, ...,
        2.31682346e-02, 1.81563714e-02, 0.00000000e+00]], shape=(45, 45)), 'molecular-dipole': array([ 1.38519315,  1.28462089, -1.16219038]), 'molecular-quadrupole': array([ 45.40796549,  91.94527489,  19.06808344, 173.29234588,
       139.3585795 , -64.47604892])}
------------------------------------------------------------
  cycle        total energy    energy error   density error
------------------------------------------------------------
      1     -163.5648118183  -1.6333221E+02   3.1133192E-03
      2     -163.5405694909   2.4242327E-02   9.3632127E-03
      3     -163.5315007226   9.0687682E-03   1.0757956E-02
      4     -163.5632710212  -3.1770299E-02   2.8854761E-03
      5     -163.5652700045  -1.9989833E-03   1.2604897E-03
      6     -163.5653446525  -7.4647994E-05   8.7199940E-04
      7     -163.5653692242  -2.4571670E-05   6.5171622E-04
      8     -163.5653905954  -2.1371207E-05   2.8682833E-04
      9     -163.5653940267  -3.4313055E-06   1.1123439E-04
     10     -163.5653948296  -8.0296712E-07   8.6292473E-05
     11     -163.5653959190  -1.0893095E-06   3.8489533E-05
     12     -163.5653961318  -2.1280857E-07   1.2703725E-05
------------------------------------------------------------

 total:                                  13.532 sec
3
{'bond-orders': array([[0.00000000e+00, 3.08333025e-01, 2.05079398e-02, ...,
        5.67330482e-05, 1.99230862e-04, 2.44294040e-03],
       [3.08333025e-01, 0.00000000e+00, 1.72706070e-02, ...,
        8.68089375e-05, 4.45989799e-05, 1.25036390e-03],
       [2.05079398e-02, 1.72706070e-02, 0.00000000e+00, ...,
        2.34346511e-05, 3.12131757e-05, 8.05396963e-04],
       ...,
       [5.67330482e-05, 8.68089375e-05, 2.34346511e-05, ...,
        0.00000000e+00, 4.65253537e-03, 2.23928332e-02],
       [1.99230862e-04, 4.45989799e-05, 3.12131757e-05, ...,
        4.65253537e-03, 0.00000000e+00, 1.71490806e-02],
       [2.44294040e-03, 1.25036390e-03, 8.05396963e-04, ...,
        2.23928332e-02, 1.71490806e-02, 0.00000000e+00]], shape=(45, 45))}
{'bond-orders': array([[0.00000000e+00, 3.08333025e-01, 2.05079398e-02, ...,
        5.67330482e-05, 1.99230862e-04, 2.44294040e-03],
       [3.08333025e-01, 0.00000000e+00, 1.72706070e-02, ...,
        8.68089375e-05, 4.45989799e-05, 1.25036390e-03],
       [2.05079398e-02, 1.72706070e-02, 0.00000000e+00, ...,
        2.34346511e-05, 3.12131757e-05, 8.05396963e-04],
       ...,
       [5.67330482e-05, 8.68089375e-05, 2.34346511e-05, ...,
        0.00000000e+00, 4.65253537e-03, 2.23928332e-02],
       [1.99230862e-04, 4.45989799e-05, 3.12131757e-05, ...,
        4.65253537e-03, 0.00000000e+00, 1.71490806e-02],
       [2.44294040e-03, 1.25036390e-03, 8.05396963e-04, ...,
        2.23928332e-02, 1.71490806e-02, 0.00000000e+00]], shape=(45, 45)), 'molecular-dipole': array([ 1.26144759,  1.18976706, -0.99192111])}
{'bond-orders': array([[0.00000000e+00, 3.08333025e-01, 2.05079398e-02, ...,
        5.67330482e-05, 1.99230862e-04, 2.44294040e-03],
       [3.08333025e-01, 0.00000000e+00, 1.72706070e-02, ...,
        8.68089375e-05, 4.45989799e-05, 1.25036390e-03],
       [2.05079398e-02, 1.72706070e-02, 0.00000000e+00, ...,
        2.34346511e-05, 3.12131757e-05, 8.05396963e-04],
       ...,
       [5.67330482e-05, 8.68089375e-05, 2.34346511e-05, ...,
        0.00000000e+00, 4.65253537e-03, 2.23928332e-02],
       [1.99230862e-04, 4.45989799e-05, 3.12131757e-05, ...,
        4.65253537e-03, 0.00000000e+00, 1.71490806e-02],
       [2.44294040e-03, 1.25036390e-03, 8.05396963e-04, ...,
        2.23928332e-02, 1.71490806e-02, 0.00000000e+00]], shape=(45, 45)), 'molecular-dipole': array([ 1.26144759,  1.18976706, -0.99192111]), 'molecular-quadrupole': array([ 35.94920732,  84.6508118 ,  12.65695755, 163.18188788,
       130.78388622, -48.60616487])}
------------------------------------------------------------
  cycle        total energy    energy error   density error
------------------------------------------------------------
      1     -163.5660864733  -1.6333035E+02   2.1386422E-03
      2     -163.5581948592   7.8916142E-03   5.4420299E-03
      3     -163.5494497449   8.7451143E-03   7.5096495E-03
      4     -163.5656101105  -1.6160366E-02   1.7615378E-03
      5     -163.5662290680  -6.1895744E-04   1.0154073E-03
      6     -163.5662275900   1.4779430E-06   8.3664771E-04
      7     -163.5662650812  -3.7491201E-05   4.5033424E-04
      8     -163.5662784675  -1.3386234E-05   2.1560826E-04
      9     -163.5662824170  -3.9495710E-06   8.1481246E-05
     10     -163.5662830536  -6.3654696E-07   5.8137322E-05
     11     -163.5662834830  -4.2941480E-07   2.4192577E-05
